Time,Occupancy
119.92560713571855,5
299.81401783929635,5
479.7024285428743,7
659.5908392464521,6
839.47924995003,6
1019.3676606536078,7
1199.2560713571854,6
1379.1444820607635,7
1559.032892764341,6
1738.9213034679194,8
1918.8097141714968,7
2098.698124875075,6
2278.5865355786527,5
2458.4749462822306,5
2638.3633569858084,6
2818.2517676893867,6
2998.1401783929637,5
3178.028589096542,5
3357.91699980012,5
3537.8054105036977,6
3717.693821207276,6
3897.5822319108534,6
4077.470642614431,6
4257.359053318009,6
4437.247464021587,6
4617.135874725164,5
4797.0242854287435,6
4976.912696132321,6
5156.801106835898,6
5336.689517539476,7
5516.577928243054,7
5696.4663389466305,6
5876.35474965021,7
6056.243160353787,7
6236.131571057364,7
6416.019981760944,7
6595.908392464521,7
6775.796803168098,7
6955.685213871678,6
7135.573624575254,6
7315.4620352788315,6
7495.35044598241,6
7675.238856685987,7
7855.1272673895655,5
8035.015678093145,7
8214.904088796722,6
8394.7924995003,7
8574.680910203877,7
8754.569320907454,6
8934.457731611034,7
9114.346142314611,6
9294.234553018188,6
9474.122963721766,6
9654.011374425345,6
9833.899785128922,6
10013.7881958325,6
10193.676606536075,6
10373.565017239656,6
10553.453427943234,6
10733.341838646811,6
10913.230249350388,6
11093.118660053968,6
11273.007070757543,6
11452.895481461122,6
11632.7838921647,6
11812.672302868279,6
11992.560713571855,6
12172.449124275434,6
12352.337534979011,5
12532.22594568259,6
12712.114356386168,6
12892.002767089743,6
13071.891177793324,5
13251.779588496902,5
13431.66799920048,5
13611.556409904055,4
13791.444820607634,5
13971.333231311211,3
14151.22164201479,5
14331.11005271837,5
14510.998463421944,6
14690.886874125525,6
14870.775284829102,6
15050.663695532681,6
15230.552106236255,6
15410.440516939836,6
15590.328927643413,6
15770.217338346989,6
15950.105749050568,6
16129.994159754147,5
16309.882570457725,5
16489.770981161302,5
16669.65939186488,5
16849.547802568457,4
17029.436213272034,3
17209.324623975615,4
17389.213034679193,4
17569.10144538277,5
17748.989856086348,5
17928.878266789925,5
18108.766677493502,4
18288.65508819708,5
18468.543498900657,5
18648.43190960424,5
18828.320320307816,5
19008.208731011397,5
19188.097141714967,5
19367.985552418548,6
19547.873963122125,6
19727.762373825703,6
19907.650784529284,6
20087.539195232857,8
20267.427605936442,7
20447.316016640016,7
20627.204427343597,7
20807.092838047167,6
20986.981248750748,6
21166.869659454325,6
21346.758070157903,5
21526.646480861484,5
21706.534891565057,6
21886.42330226864,6
22066.311712972216,6
22246.200123675797,6
22426.08853437937,6
22605.976945082948,6
22785.865355786522,5
22965.753766490103,5
23145.64217719368,6
23325.53058789726,6
23505.41899860084,6
23685.307409304412,6
23865.195820007997,6
24045.084230711567,5
24224.972641415152,6
24404.86105211873,5
24584.74946282231,6
24764.637873525884,6
24944.526284229458,6
25124.414694933042,6
25304.303105636616,9
25484.191516340194,6
25664.07992704377,7
25843.96833774735,7
26023.856748450933,7
26203.745159154507,6
26383.633569858084,6
26563.52198056166,5
26743.41039126524,6
26923.29880196882,4
27103.187212672397,7
27283.075623375968,5
27462.964034079552,5
27642.85244478313,4
27822.74085548671,6
28002.629266190284,5
28182.51767689386,5
28362.406087597436,5
28542.294498301017,5
28722.182909004594,6
28902.071319708175,5
29081.959730411752,5
29261.848141115333,5
29441.736551818907,5
29621.624962522485,5
29801.513373226066,5
29981.40178392964,5
30161.290194633217,5
30341.1786053368,5
30521.06701604037,5
30700.955426743956,5
30880.84383744753,5
31060.732248151107,5
31240.62065885468,5
31420.509069558262,5
31600.397480261836,5
31780.28589096542,5
31960.174301668998,5
32140.06271237257,5
32319.951123076156,4
32499.83953377973,4
32679.727944483304,4
32859.61635518689,5
33039.504765890466,5
33219.393176594036,5
33399.28158729762,5
33579.1699980012,5
33759.058408704776,5
33938.94681940835,5
34118.83523011193,5
34298.723640815515,5
34478.612051519085,5
34658.50046222266,5
34838.38887292623,6
35018.27728362982,6
35198.1656943334,8
35378.05410503698,5
35557.942515740564,5
35737.830926444134,5
35917.71933714771,5
36097.60774785129,6
36277.49615855487,6
36457.384569258444,6
36637.272979962014,6
36817.1613906656,6
36997.049801369176,6
37176.938212072746,6
37356.82662277633,6
37536.715033479915,6
37716.603444183485,6
37896.49185488706,6
38076.38026559064,6
38256.26867629423,6
38436.157086997795,6
38616.04549770138,6
38795.933908404964,6
38975.82231910853,6
39155.71072981211,6
39335.59914051569,6
39515.48755121927,6
39695.375961922844,6
39875.26437262642,6
40055.15278333,6
40235.041194033576,6
40414.929604737146,6
40594.81801544073,6
40774.70642614431,6
40954.594836847886,5
41134.48324755147,5
41314.37165825505,5
41494.26006895863,5
41674.1484796622,6
41854.03689036578,6
42033.92530106936,7
42213.813711772935,5
42393.70212247651,5
42573.59053318009,6
42753.47894388367,6
42933.367354587244,6
43113.25576529082,5
43293.1441759944,5
43473.032586697984,5
43652.920997401554,5
43832.80940810513,5
44012.69781880872,5
44192.586229512286,5
44372.47464021587,5
44552.363050919455,5
44732.251461623026,5
44912.1398723266,5
45092.02828303019,5
45271.91669373376,5
45451.805104437335,5
45631.693515140905,5
45811.58192584449,7
45991.47033654807,7
46171.35874725165,7
46351.247157955215,7
46531.1355686588,7
46711.023979362384,7
46890.91239006597,7
47070.80080076954,6
47250.689211473116,6
47430.57762217669,6
47610.46603288027,5
47790.35444358385,4
47970.24285428743,5
48150.131264990996,5
48330.01967569458,4
48509.908086398165,4
48689.796497101735,4
48869.68490780531,4
49049.57331850889,4
49229.46172921247,5
49409.350139916045,4
49589.23855061962,4
49769.126961323214,4
49949.015372026784,4
50128.90378273036,4
50308.79219343393,4
50488.68060413752,5
50668.56901484109,5
50848.45742554467,5
51028.34583624825,5
51208.23424695183,5
51388.1226576554,5
51568.01106835898,5
51747.89947906256,5
51927.787889766136,5
52107.67630046971,5
52287.56471117329,5
52467.45312187687,5
52647.34153258045,5
52827.22994328403,5
53007.118353987615,5
53187.00676469119,5
53366.89517539476,5
53546.78358609834,5
53726.67199680192,5
53906.56040750549,6
54086.44881820907,6
54266.33722891265,6
54446.225639616234,6
54626.114050319804,6
54806.00246102338,6
54985.890871726966,6
55165.779282430536,6
55345.66769313411,6
55525.55610383768,6
55705.44451454128,6
55885.33292524485,5
56065.22133594843,5
56245.109746652015,6
56424.99815735559,6
56604.88656805916,6
56784.77497876273,5
56964.663389466325,4
57144.551800169895,4
57324.44021087348,4
57504.32862157705,4
57684.21703228063,5
57864.10544298421,5
58043.993853687774,7
58223.882264391366,7
58403.770675094944,8
58583.65908579853,7
58763.5474965021,6
58943.43590720568,8
59123.324317909246,7
59303.21272861282,6
59483.101139316415,6
59662.98955001999,7
59842.87796072356,7
60022.76637142714,8
60202.654782130725,8
60382.543192834295,7
60562.43160353787,4
60742.32001424144,7
60922.20842494503,8
61102.096835648605,7
61281.985246352175,6
61461.873657055774,5
61641.762067759344,8
61821.65047846293,7
62001.538889166506,7
62181.427299870076,6
62361.31571057365,6
62541.204121277224,6
62721.09253198081,6
62900.98094268439,5
63080.869353387956,5
63260.75776409153,7
63440.646174795125,7
63620.53458549869,5
63800.42299620227,5
63980.31140690585,5
64160.19981760942,6
64340.088228313005,6
64519.97663901659,6
64699.865049720174,6
64879.75346042374,5
65059.64187112732,5
65239.5302818309,6
65419.41869253447,5
65599.30710323805,5
65779.19551394164,5
65959.08392464521,7
66138.9723353488,11
66318.86074605236,7
66498.74915675595,7
66678.63756745952,10
66858.52597816309,6
67038.41438886667,7
67218.30279957026,7
67398.19121027383,6
67578.07962097741,7
67757.96803168098,8
67937.85644238457,8
68117.74485308814,5
68297.63326379172,5
68477.52167449528,6
68657.41008519888,6
68837.29849590246,6
69017.18690660603,7
69197.07531730963,8
69376.96372801319,8
69556.85213871677,7
69736.74054942034,7
69916.62896012393,8
70096.5173708275,8
70276.40578153108,7
70456.29419223465,7
70636.18260293824,8
70816.07101364179,8
70995.95942434539,6
71175.84783504896,6
71355.73624575255,6
71535.62465645613,6
71715.5130671597,6
71895.40147786327,6
72075.28988856684,6
72255.17829927044,6
72435.06670997401,6
72614.9551206776,5
72794.84353138116,5
72974.73194208475,5
73154.62035278832,4
73334.5087634919,5
73514.39717419547,4
73694.28558489906,4
73874.17399560263,4
74054.06240630621,4
74233.95081700977,4
74413.83922771338,4
74593.72763841695,4
74773.61604912052,4
74953.50445982411,5
75133.39287052768,4
75313.28128123126,4
75493.16969193482,4
75673.05810263843,4
75852.94651334199,4
76032.83492404557,4
76212.72333474914,4
76392.61174545273,6
76572.5001561563,6
76752.38856685987,6
76932.27697756345,7
77112.16538826704,6
77292.05379897059,7
77471.94220967419,7
77651.83062037778,5
77831.71903108135,5
78011.60744178492,4
78191.4958524885,5
78371.38426319209,2
78551.27267389567,2
78731.16108459924,2
78911.04949530281,3
79090.9379060064,3
79270.82631670996,4
79450.71472741355,3
79630.60313811713,4
79810.4915488207,5
79990.37995952427,4
80170.26837022786,4
80350.15678093143,3
80530.04519163501,3
80709.9336023386,3
80889.82201304218,4
81069.71042374575,5
81249.59883444932,5
81429.48724515291,6
81609.37565585648,5
81789.26406656006,3
81969.15247726362,4
82149.04088796723,4
82328.92929867079,4
82508.81770937437,4
82688.70612007794,4
82868.59453078153,5
83048.4829414851,5
83228.37135218867,5
83408.25976289228,5
83588.14817359584,5
83768.03658429942,4
83947.92499500299,3
84127.81340570658,4
84307.70181641015,3
84487.59022711372,4
84667.4786378173,4
84847.36704852089,6
85027.25545922446,5
85207.14386992804,5
85387.03228063161,5
85566.9206913352,5
85746.80910203878,3
85926.69751274235,4
86106.58592344593,4
86286.4743341495,4
86466.36274485309,4
86646.25115555666,4
86826.13956626023,4
87006.02797696381,4
87185.9163876674,3
87365.80479837097,3
87545.69320907455,3
87725.58161977812,3
87905.47003048171,3
88085.35844118528,3
88265.24685188886,3
88445.13526259242,3
88625.02367329602,3
88804.91208399959,3
88984.80049470319,3
89164.68890540676,3
89344.57731611033,3
89524.46572681391,3
89704.35413751748,3
89884.24254822107,3
90064.13095892462,3
90244.01936962822,3
90423.90778033179,3
90603.79619103538,4
90783.68460173896,4
90963.57301244252,4
91143.46142314609,4
91323.34983384967,5
91503.23824455326,5
91683.12665525684,4
91863.01506596043,4
92042.90347666401,4
92222.79188736758,3
92402.68029807117,3
92582.56870877475,3
92762.4571194783,2
92942.34553018188,3
93122.23394088548,2
93302.12235158905,2
93482.01076229262,2
93661.89917299619,3
93841.78758369977,3
94021.67599440335,4
94201.56440510694,3
94381.45281581052,3
94561.34122651408,3
94741.22963721765,4
94921.11804792123,4
95101.00645862482,5
95280.8948693284,4
95460.78328003196,5
95640.67169073557,5
95820.56010143911,5
96000.44851214273,5
96180.33692284627,5
96360.22533354988,5
96540.11374425344,5
96720.00215495704,5
96899.89056566061,5
97079.77897636418,4
97259.66738706775,4
97439.55579777133,4
97619.44420847492,4
97799.33261917847,4
97979.22102988207,5
98159.10944058564,5
98338.99785128924,5
98518.8862619928,4
98698.77467269637,4
98878.66308339997,3
99058.55149410354,4
99238.4399048071,4
99418.32831551068,4
99598.21672621426,4
99778.10513691783,4
99957.99354762143,4
100137.881958325,4
100317.77036902856,4
100497.65877973217,4
100677.54719043574,4
100857.43560113931,4
101037.3240118429,4
101217.21242254646,4
101397.10083325004,4
101576.98924395363,4
101756.8776546572,4
101936.76606536076,3
102116.65447606436,3
102296.54288676793,3
102476.43129747153,3
102656.31970817508,3
102836.20811887867,3
103016.09652958224,3
103195.98494028582,3
103375.8733509894,3
103555.76176169296,3
103735.65017239656,3
103915.53858310012,3
104095.42699380373,3
104275.31540450726,3
104455.20381521087,5
104635.09222591443,4
104814.98063661804,4
104994.8690473216,4
105174.75745802518,4
105354.64586872877,4
105534.53427943234,4
105714.42269013589,4
105894.31110083948,4
106074.19951154306,4
106254.08792224665,4
106433.97633295023,4
106613.86474365382,4
106793.7531543574,4
106973.64156506096,4
107153.52997576453,4
107333.41838646813,5
107513.3067971717,4
107693.19520787528,4
107873.08361857882,4
108052.97202928242,3
108232.86043998599,2
108412.74885068958,3
108592.63726139316,2
108772.52567209672,2
108952.41408280033,4
109132.30249350387,4
109312.19090420748,6
109492.07931491104,5
109671.96772561462,5
109851.85613631821,5
110031.74454702178,5
110211.63295772538,5
110391.52136842892,5
110571.40977913252,5
110751.29818983607,5
110931.18660053967,5
111111.07501124324,5
111290.96342194684,5
111470.85183265038,4
111650.74024335398,4
111830.62865405755,5
112010.51706476114,5
112190.40547546472,5
112370.29388616828,5
112550.18229687188,5
112730.07070757545,5
112909.95911827905,5
113089.8475289826,5
113269.73593968619,5
113449.62435038974,4
113629.51276109336,4
113809.40117179694,5
113989.28958250051,5
114169.17799320408,5
114349.06640390765,5
114528.95481461124,5
114708.8432253148,5
114888.73163601838,5
115068.62004672195,4
115248.50845742555,5
115428.39686812912,4
115608.2852788327,4
115788.17368953627,4
115968.06210023984,4
116147.95051094342,4
116327.838921647,4
116507.72733235057,4
116687.61574305414,4
116867.50415375773,4
117047.39256446133,4
117227.28097516489,4
117407.16938586847,4
117587.05779657204,5
117766.94620727564,4
117946.8346179792,5
118126.72302868277,4
118306.61143938635,6
118486.49985008994,6
118666.38826079351,3
118846.27667149711,4
119026.16508220068,4
119206.05349290426,5
119385.94190360785,4
119565.8303143114,4
119745.718725015,3
119925.60713571856,4
120105.49554642214,3
120285.38395712573,4
120465.2723678293,4
120645.16077853287,4
120825.04918923645,4
121004.93759994007,5
121184.82601064359,5
121364.7144213472,4
121544.60283205075,5
121724.49124275436,5
121904.37965345793,5
122084.2680641615,5
122264.15647486509,5
122444.04488556866,5
122623.93329627224,5
122803.8217069758,5
122983.71011767938,5
123163.59852838295,5
123343.48693908655,5
123523.37534979012,5
123703.26376049369,5
123883.15217119726,4
124063.04058190086,4
124242.92899260446,4
124422.81740330801,3
124602.70581401158,3
124782.59422471515,3
124962.48263541875,3
125142.37104612232,3
125322.2594568259,3
125502.14786752948,3
125682.03627823305,3
125861.92468893665,4
126041.81309964019,4
126221.7015103438,4
126401.58992104734,4
126581.47833175096,4
126761.36674245453,4
126941.25515315811,5
127121.14356386168,4
127301.03197456525,4
127480.92038526885,4
127660.8087959724,4
127840.69720667599,4
128020.58561737955,4
128200.47402808315,4
128380.36243878672,4
128560.25084949029,4
128740.13926019387,4
128920.02767089744,4
129099.91608160106,5
129279.80449230461,4
129459.69290300818,5
129639.58131371175,4
129819.46972441535,4
129999.35813511892,5
130179.2465458225,5
130359.13495652608,5
130539.02336722965,5
130718.91177793324,5
130898.8001886368,5
131078.68859934038,5
131258.57701004395,5
131438.46542074755,5
131618.35383145112,4
131798.2422421547,4
131978.13065285824,4
132158.01906356186,4
132337.90747426546,4
132517.795884969,4
132697.6842956726,4
132877.57270637614,4
133057.46111707974,3
133237.3495277833,3
133417.23793848688,3
133597.12634919048,3
133777.01475989405,3
133956.90317059762,3
134136.79158130122,3
134316.6799920048,3
134496.56840270836,3
134676.45681341193,3
134856.34522411553,3
135036.2336348191,3
135216.12204552267,3
135396.01045622627,3
135575.89886692984,4
135755.7872776334,4
135935.67568833698,4
136115.56409904058,4
136295.45250974415,4
136475.34092044772,4
136655.22933115132,4
136835.1177418549,4
137015.00615255846,4
137194.89456326206,4
137374.7829739656,4
137554.6713846692,4
137734.55979537274,4
137914.44820607634,4
138094.3366167799,4
138274.2250274835,4
138454.11343818708,4
138634.00184889065,4
138813.89025959425,5
138993.77867029782,4
139173.66708100142,4
139353.55549170493,4
139533.44390240856,4
139713.33231311213,4
139893.2207238157,4
140073.10913451927,4
140252.99754522287,5
140432.88595592644,4
140612.77436663,4
140792.66277733358,4
140972.55118803718,4
141152.43959874075,5
141332.32800944432,5
141512.21642014792,5
141692.10483085152,5
141871.99324155506,4
142051.88165225866,5
142231.77006296226,4
142411.6584736658,4
142591.54688436937,4
142771.43529507294,4
142951.32370577654,5
143131.2121164801,4
143311.10052718368,4
143490.98893788725,4
143670.87734859085,5
143850.76575929445,3
144030.65416999802,4
144210.5425807016,3
144390.43099140516,2
144570.31940210873,3
144750.2078128123,3
144930.0962235159,3
145109.98463421947,4
145289.87304492304,4
145469.7614556266,4
145649.6498663302,4
145829.53827703375,5
146009.42668773734,5
146189.31509844091,5
146369.20350914448,5
146549.09191984806,4
146728.98033055165,4
146908.86874125525,4
147088.75715195882,5
147268.6455626624,5
147448.53397336596,4
147628.42238406956,4
147808.31079477313,4
147988.1992054767,4
148168.08761618027,5
148347.97602688387,5
148527.86443758744,5
148707.75284829098,5
148887.64125899458,4
149067.52966969818,4
149247.41808040175,3
149427.30649110532,3
149607.1949018089,3
149787.0833125125,3
149966.97172321606,3
150146.86013391966,4
150326.74854462323,3
150506.6369553268,3
150686.52536603034,3
150866.41377673394,3
151046.30218743757,3
151226.19059814108,4
151406.07900884468,5
151585.96741954825,4
151765.85583025185,4
151945.74424095542,4
152125.632651659,4
152305.52106236256,4
152485.40947306616,4
152665.29788376973,4
152845.1862944733,4
153025.0747051769,4
153204.96311588047,4
153384.85152658404,4
153564.7399372876,4
153744.62834799118,4
153924.51675869478,4
154104.40516939835,4
154284.29358010192,4
154464.18199080552,4
154644.0704015091,5
154823.95881221266,5
155003.84722291626,5
155183.73563361986,4
155363.6240443234,5
155543.51245502694,5
155723.40086573054,4
155903.28927643414,5
156083.1776871377,5
156263.06609784128,5
156442.95450854488,5
156622.84291924845,4
156802.73132995202,5
156982.61974065562,5
157162.5081513592,5
157342.39656206276,5
157522.28497276633,5
157702.1733834699,5
157882.0617941735,6
158061.95020487707,6
158241.83861558064,6
158421.7270262842,7
158601.6154369878,7
158781.50384769138,7
158961.39225839495,7
159141.28066909855,7
159321.16907980212,7
159501.05749050571,6
159680.94590120926,7
159860.83431191285,7
160040.72272261645,7
160220.61113332,7
160400.49954402357,7
160580.38795472714,7
160760.27636543073,7
160940.1647761343,7
161120.05318683787,7
161299.94159754147,7
161479.83000824504,7
161659.71841894859,7
161839.6068296522,7
162019.49524035578,7
162199.38365105935,7
162379.27206176292,7
162559.16047246652,7
162739.0488831701,7
162918.93729387366,7
163098.82570457723,7
163278.71411528086,7
163458.6025259844,7
163638.49093668794,7
163818.37934739154,7
163998.26775809514,7
164178.15616879868,6
164358.04457950225,6
164537.93299020588,6
164717.82140090945,6
164897.70981161302,6
165077.5982223166,6
165257.4866330202,6
165437.37504372376,6
165617.26345442733,6
165797.1518651309,6
165977.0402758345,5
166156.92868653807,5
166336.81709724164,4
166516.70550794518,5
166696.5939186488,5
166876.48232935238,6
167056.37074005595,5
167236.25915075955,5
167416.14756146312,5
167596.0359721667,5
167775.92438287026,5
167955.81279357386,5
168135.70120427743,4
168315.589614981,4
168495.47802568454,4
168675.36643638814,4
168855.25484709177,4
169035.14325779528,4
169215.03166849888,4
169394.92007920248,5
169574.80848990605,5
169754.69690060962,5
169934.5853113132,6
170114.4737220168,5
170294.36213272036,5
170474.25054342393,5
170654.13895412753,5
170834.0273648311,5
171013.91577553467,5
171193.80418623824,5
171373.69259694187,5
171553.58100764538,5
171733.46941834898,5
171913.35782905255,5
172093.24623975615,5
172273.13465045972,4
172453.0230611633,4
172632.91147186686,4
172812.79988257046,5
172992.68829327406,5
173172.5767039776,5
173352.4651146812,5
173532.35352538474,5
173712.24193608837,5
173892.1303467919,5
174072.0187574955,5
174251.90716819908,5
174431.79557890265,5
174611.68398960624,4
174791.57240030981,5
174971.46081101338,4
175151.34922171696,6
175331.23763242053,6
175511.12604312412,6
175691.0144538277,6
175870.90286453124,6
176050.79127523483,6
176230.67968593843,5
176410.568096642,6
176590.45650734555,5
176770.34491804914,5
176950.23332875274,3
177130.12173945628,3
177310.01015015988,5
177489.89856086348,4
177669.78697156702,5
177849.67538227062,5
178029.56379297422,5
178209.45220367782,6
178389.34061438136,5
178569.22902508493,6
178749.1174357885,5
178929.0058464921,5
179108.89425719567,4
179288.78266789927,4
179468.67107860284,4
179648.5594893064,4
179828.44790000995,4
180008.33631071355,4
180188.22472141715,4
180368.11313212075,4
180548.0015428243,4
180727.88995352786,3
180907.77836423143,5
181087.66677493503,4
181267.5551856386,4
181447.44359634214,4
181627.33200704574,4
181807.22041774934,5
181987.10882845288,2
182166.99723915648,3
182346.88564986008,4
182526.77406056362,6
182706.6624712672,4
182886.5508819708,5
183066.43929267442,5
183246.32770337802,5
183426.21611408156,5
183606.10452478516,5
183785.9929354887,5
183965.88134619227,5
184145.76975689587,5
184325.65816759947,5
184505.546578303,5
184685.43498900655,5
184865.32339971015,5
185045.21181041372,5
185225.10022111726,4
185404.9886318209,4
185584.8770425245,4
185764.7654532281,3
185944.65386393163,2
186124.5422746352,4
186304.4306853388,3
186484.3190960424,3
186664.20750674594,4
186844.09591744948,4
187023.98432815308,4
187203.87273885668,4
187383.76114956025,3
187563.64956026388,4
187743.53797096747,5
187923.42638167102,5
188103.31479237453,4
188283.20320307816,4
188463.09161378173,3
188642.98002448532,2
188822.86843518887,2
189002.75684589247,3
189182.64525659606,4
189362.5336672996,6
189542.4220780032,5
189722.3104887068,5
189902.19889941034,5
190082.08731011392,6
190261.97572081746,7
190441.86413152108,6
190621.75254222465,6
190801.64095292825,6
190981.52936363182,7
191161.4177743354,6
191341.30618503893,6
191521.19459574253,6
191701.08300644613,6
191880.97141714967,7
192060.85982785327,8
192240.74823855684,6
192420.63664926047,5
192600.52505996398,6
192780.4134706676,7
192960.30188137112,7
193140.19029207475,6
193320.07870277832,7
193499.96711348192,6
193679.85552418552,7
193859.74393488906,8
194039.63234559266,5
194219.5207562962,4
194399.4091669998,6
194579.29757770337,4
194759.1859884069,4
194939.0743991105,4
195118.9628098141,8
195298.85122051765,7
195478.73963122125,7
195658.6280419248,7
195838.5164526284,6
196018.404863332,6
196198.2932740356,6
196378.18168473922,4
196558.07009544273,4
196737.9585061463,4
196917.84691684987,3
197097.73532755347,4
197277.62373825704,3
197457.51214896058,3
197637.40055966415,5
197817.28897036772,5
197997.17738107132,6
198177.0657917749,5
198356.95420247852,5
198536.84261318212,4
198716.73102388566,5
198896.61943458926,4
199076.50784529286,4
199256.3962559964,5
199436.2846667,5
199616.17307740357,4
199796.06148810714,5
199975.9498988107,5
200155.83830951425,3
200335.72672021785,4
200515.61513092145,4
200695.50354162505,5
200875.3919523286,4
201055.28036303216,4
201235.16877373573,3
201415.05718443933,3
201594.9455951429,3
201774.8340058465,3
201954.72241655007,3
202134.61082725364,3
202314.49923795718,3
202494.38764866078,2
202674.2760593644,2
202854.16447006798,2
203034.05288077152,2
203213.94129147512,2
203393.82970217871,2
203573.71811288226,3
203753.60652358586,3
203933.49493428945,3
204113.383344993,3
204293.27175569657,3
204473.1601664001,3
204653.0485771037,3
204832.9369878073,3
205012.82539851085,3
205192.7138092145,2
205372.60221991804,2
205552.4906306216,2
205732.37904132518,2
205912.26745202878,2
206092.15586273235,2
206272.04427343592,2
206451.9326841395,2
206631.8210948431,2
206811.70950554663,2
206991.59791625023,2
207171.48632695377,2
207351.37473765737,2
207531.26314836094,2
207711.15155906454,2
207891.0399697681,2
208070.9283804717,2
208250.81679117528,2
208430.70520187885,2
208610.59361258245,2
208790.48202328602,2
208970.37043398962,2
209150.2588446932,2
209330.1472553968,2
209510.03566610036,2
209689.9240768039,2
209869.81248750747,3
210049.7008982111,3
210229.58930891464,3
210409.4777196182,4
210589.36613032175,4
210769.25454102535,4
210949.1429517289,4
211129.03136243246,4
211308.9197731361,4
211488.8081838397,4
211668.6965945433,5
211848.58500524683,4
212028.47341595046,4
212208.36182665397,5
212388.25023735763,5
212568.13864806114,5
212748.02705876477,3
212927.91546946828,3
213107.80388017188,3
213287.69229087548,3
213467.58070157905,2
213647.46911228265,2
213827.35752298622,2
214007.24593368982,2
214187.13434439336,2
214367.02275509693,2
214546.9111658005,2
214726.7995765041,2
214906.68798720767,2
215086.57639791124,2
215266.4648086148,2
215446.3532193184,2
215626.241630022,2
215806.13004072555,2
215986.01845142915,2
216165.90686213275,2
216345.7952728363,3
216525.68368353986,3
216705.57209424343,3
216885.46050494703,3
217065.3489156506,3
217245.23732635414,3
217425.12573705774,3
217605.01414776134,3
217784.90255846488,3
217964.79096916848,2
218144.67937987208,2
218324.56779057567,2
218504.45620127922,3
218684.34461198281,2
218864.2330226864,2
219044.12143339,2
219224.00984409355,2
219403.8982547971,2
219583.7866655007,5
219763.67507620426,4
219943.56348690786,3
220123.45189761143,3
220303.340308315,4
220483.22871901855,3
220663.11712972212,4
220843.00554042574,4
221022.89395112928,4
221202.78236183288,4
221382.67077253645,4
221562.55918324005,4
221742.4475939436,5
221922.3360046472,5
222102.2244153508,4
222282.11282605442,3
222462.00123675796,3
222641.88964746147,3
222821.77805816513,3
223001.66646886867,3
223181.55487957227,3
223361.44329027578,3
223541.3317009794,4
223721.22011168298,4
223901.10852238652,4
224080.99693309006,4
224260.88534379366,4
224440.7737544973,3
224620.66216520086,3
224800.55057590446,4
224980.43898660806,4
225160.3273973116,4
225340.2158080152,5
225520.1042187188,4
225699.99262942234,3
225879.8810401259,2
226059.76945082948,2
226239.65786153308,2
226419.54627223665,1
226599.43468294022,1
226779.3230936438,2
226959.2115043474,2
227139.09991505093,2
227318.9883257545,2
227498.8767364581,2
227678.76514716173,2
227858.6535578653,3
228038.54196856887,1
228218.43037927247,1
228398.318789976,1
228578.2072006796,2
228758.09561138318,1
228937.98402208675,1
229117.87243279032,2
229297.76084349392,3
229477.64925419746,3
229657.53766490106,3
229837.42607560466,3
230017.3144863082,3
230197.20289701177,3
230377.09130771534,3
230556.9797184189,3
230736.8681291225,3
230916.7565398261,2
231096.64495052968,1
231276.53336123325,2
231456.4217719368,2
231636.3101826404,2
231816.198593344,3
231996.08700404761,3
232175.97541475113,3
232355.86382545475,3
232535.75223615827,3
232715.64064686192,3
232895.52905756547,3
233075.41746826906,3
233255.3058789726,3
233435.19428967615,3
233615.0827003797,3
233794.9711110833,3
233974.85952178692,3
234154.7479324905,3
234334.6363431941,3
234514.52475389765,3
234694.41316460122,3
234874.3015753048,3
235054.1899860084,3
235234.078396712,3
235413.96680741553,6
235593.8552181191,3
235773.7436288227,5
235953.6320395263,5
236133.52045022984,3
236313.40886093338,3
236493.29727163698,3
236673.18568234055,3
236853.0740930441,3
237032.9625037477,3
237212.8509144513,3
237392.7393251549,4
237572.62773585852,3
237752.51614656212,4
237932.40455726566,4
238112.29296796923,4
238292.1813786728,2
238472.0697893764,4
238651.95820007997,4
238831.8466107835,2
239011.7350214871,3
239191.6234321907,3
239371.51184289425,3
239551.40025359785,2
239731.28866430145,3
239911.177075005,2
240091.06548570856,2
240270.9538964121,2
240450.8423071157,2
240630.7307178193,1
240810.6191285229,1
240990.50753922644,1
241170.39594993004,2
241350.28436063358,2
241530.17277133718,2
241710.06118204075,1
241889.94959274435,1
242069.8380034479,1
242249.7264141515,2
242429.61482485503,2
242609.50323555863,2
242789.39164626226,2
242969.28005696577,2
243149.16846766943,2
243329.05687837297,2
243508.94528907648,2
243688.8336997801,2
243868.7221104837,2
244048.6105211873,2
244228.49893189085,2
244408.38734259442,2
244588.27575329802,2
244768.1641640016,2
244948.0525747052,2
245127.94098540876,2
245307.82939611236,2
245487.7178068159,3
245667.6062175195,2
245847.4946282231,2
246027.38303892664,2
246207.2714496302,2
246387.15986033375,2
246567.04827103735,2
246746.9366817409,2
246926.8250924445,2
247106.7135031481,2
247286.60191385171,2
247466.4903245553,2
247646.37873525886,2
247826.2671459624,2
248006.15555666602,2
248186.04396736962,2
248365.93237807316,2
248545.82078877676,2
248725.7091994803,2
248905.5976101839,2
249085.48602088747,2
249265.37443159104,2
249445.2628422946,2
249625.15125299816,2
249805.03966370173,2
249984.92807440532,2
250164.8164851089,2
250344.7048958125,2
250524.5933065161,2
250704.4817172197,2
250884.37012792323,2
251064.2585386268,1
251244.1469493304,1
251424.03536003397,1
251603.92377073754,1
251783.81218144108,1
251963.70059214468,2
252143.58900284828,2
252323.47741355182,2
252503.36582425548,2
252683.25423495905,2
252863.14264566262,2
253043.03105636613,2
253222.91946706967,2
253402.80787777327,2
253582.6962884769,2
253762.5846991805,2
253942.47310988407,2
254122.36152058767,2
254302.2499312912,2
254482.1383419948,2
254662.0267526984,2
254841.91516340195,2
255021.80357410552,2
255201.6919848091,2
255381.5803955127,2
255561.46880621626,2
255741.35721691983,2
255921.2456276234,2
256101.134038327,2
256281.02244903054,2
256460.9108597341,2
256640.79927043768,2
256820.68768114128,2
257000.57609184488,2
257180.46450254845,2
257360.35291325202,2
257540.2413239556,2
257720.12973465922,2
257900.01814536282,2
258079.90655606642,2
258259.79496676996,2
258439.68337747353,2
258619.5717881771,2
258799.4601988807,2
258979.34860958427,2
259159.2370202878,2
259339.12543099138,2
259519.01384169495,2
259698.90225239852,2
259878.79066310212,2
260058.67907380572,2
260238.5674845093,2
260418.4558952129,2
260598.34430591646,2
260778.23271662003,2
260958.1211273236,2
261138.0095380272,2
261317.89794873074,2
261497.78635943434,2
261677.67477013788,2
261857.56318084148,2
262037.45159154505,2
262217.34000224865,2
262397.2284129522,2
262577.1168236558,2
262757.00523435936,2
262936.89364506287,2
263116.7820557665,2
263296.6704664701,2
263476.5588771737,2
263656.4472878773,4
263836.33569858084,4
264016.2241092844,3
264196.11251998803,3
264376.00093069155,3
264555.8893413952,3
264735.77775209874,3
264915.6661628023,3
265095.5545735059,3
265275.44298420945,3
265455.331394913,3
265635.2198056166,3
265815.1082163202,3
265994.9966270238,3
266174.88503772736,3
266354.7734484309,2
266534.6618591345,2
266714.5502698381,2
266894.43868054164,2
267074.3270912452,3
267254.21550194884,3
267434.10391265235,3
267613.99232335604,2
267793.88073405955,3
267973.76914476306,3
268153.6575554667,3
268333.54596617026,3
268513.4343768739,3
268693.32278757746,3
268873.21119828103,3
269053.0996089846,4
269232.98801968823,3
269412.87643039174,4
269592.7648410953,3
269772.6532517989,3
269952.5416625025,2
270132.4300732061,2
270312.31848390965,2
270492.2068946132,3
270672.0953053168,2
270851.9837160204,2
271031.87212672393,3
271211.7605374275,3
271391.64894813113,3
271571.5373588347,3
271751.42576953827,3
271931.31418024184,3
272111.2025909454,3
272291.091001649,3
272470.9794123525,3
272650.86782305624,3
272830.7562337597,3
273010.64464446326,3
273190.5330551669,3
273370.4214658705,3
273550.30987657397,3
273730.1982872776,3
273910.0866979812,3
274089.9751086848,3
274269.8635193884,3
274449.75193009194,3
274629.6403407955,3
274809.5287514991,3
274989.41716220265,3
275169.3055729062,3
275349.19398360985,3
275529.0823943134,3
275708.970805017,3
275888.85921572056,3
276068.7476264241,3
276248.6360371277,3
276428.52444783127,3
276608.41285853484,3
276788.3012692385,3
276968.18967994204,3
277148.0780906456,3
277327.96650134923,3
277507.85491205275,3
277687.7433227563,3
277867.6317334599,3
278047.5201441635,3
278227.4085548671,3
278407.29696557065,3
278587.1853762742,3
278767.0737869778,3
278946.96219768137,3
279126.8506083849,2
279306.7390190885,2
279486.62742979213,2
279666.5158404957,2
279846.4042511993,2
280026.29266190284,2
280206.1810726064,2
280386.06948331,3
280565.95789401355,3
280745.8463047172,3
280925.73471542075,2
281105.6231261243,3
281285.5115368279,3
281465.39994753146,3
281645.28835823503,3
281825.1767689386,4
282005.0651796422,4
282184.9535903458,4
282364.84200104943,4
282544.7304117529,4
282724.6188224565,5
282904.50723316014,5
283084.39564386365,4
283264.28405456716,5
283444.17246527085,5
283624.0608759744,5
283803.949286678,5
283983.8376973816,4
284163.72610808513,5
284343.6145187887,4
284523.50292949233,4
284703.39134019584,5
284883.27975089947,4
285063.16816160304,4
285243.0565723066,4
285422.9449830102,4
285602.8333937137,4
285782.7218044173,4
285962.6102151209,4
286142.4986258245,4
286322.3870365281,4
286502.2754472317,3
286682.16385793523,3
286862.0522686388,4
287041.94067934237,3
287221.82909004594,4
287401.7175007495,3
287581.60591145314,4
287761.4943221567,4
287941.38273286034,4
288121.27114356385,4
288301.15955426736,3
288481.047964971,5
288660.93637567456,4
288840.82478637807,4
289020.71319708176,4
289200.6016077853,4
289380.4900184889,4
289560.3784291925,6
289740.26683989604,5
289920.1552505996,5
290100.0436613032,4
290279.9320720068,4
290459.8204827104,4
290639.70889341395,6
290819.5973041175,5
290999.4857148211,6
291179.37412552466,5
291359.2625362282,5
291539.1509469318,5
291719.03935763537,5
291898.927768339,4
292078.81617904257,4
292258.7045897461,4
292438.5930004497,4
292618.4814111533,4
292798.36982185685,4
292978.25823256053,3
293158.14664326404,4
293338.0350539676,4
293517.9234646712,3
293697.81187537475,4
293877.70028607827,3
294057.5886967819,4
294237.4771074855,4
294417.3655181891,4
294597.25392889266,3
294777.14233959623,3
294957.0307502998,3
295136.9191610034,3
295316.8075717069,3
295496.6959824105,3
295676.5843931141,2
295856.4728038177,2
296036.3612145213,1
296216.24962522485,2
296396.1380359284,4
296576.026446632,1
296755.91485733556,3
296935.80326803913,3
297115.6916787428,3
297295.5800894464,4
297475.4685001499,3
297655.35691085353,3
297835.24532155704,3
298015.1337322606,2
298195.02214296424,2
298374.9105536678,2
298554.7989643714,2
298734.6873750749,2
298914.5757857785,2
299094.4641964821,2
299274.3526071857,2
299454.24101788923,2
299634.1294285928,2
299814.01783929643,2
299993.90625,2
300173.79466070357,2
300353.68307140714,2
300533.5714821107,2
300713.4598928143,2
300893.34830351785,2
301073.2367142215,2
301253.12512492505,2
301433.0135356286,2
301612.9019463322,2
301792.79035703576,3
301972.6787677393,3
302152.5671784429,3
302332.45558914647,3
302512.3439998501,2
302692.2324105537,2
302872.12082125724,2
303052.0092319608,2
303231.89764266444,2
303411.78605336795,2
303591.67446407146,2
303771.56287477515,2
303951.4512854787,2
304131.3396961823,2
304311.22810688586,2
304491.1165175894,2
304671.004928293,2
304850.89333899657,1
305030.78174970014,1
305210.67016040377,2
305390.5585711073,3
305570.4469818109,3
305750.3353925145,3
305930.22380321805,2
306110.1122139216,2
306290.0006246252,2
306469.8890353288,1
306649.7774460324,1
306829.665856736,1
307009.55426743947,1
307189.4426781431,1
307369.3310888467,1
307549.21949955024,1
307729.1079102538,1
307908.99632095743,1
308088.884731661,1
308268.77314236463,1
308448.6615530681,1
308628.5499637717,1
308808.4383744753,1
308988.3267851789,1
309168.21519588237,1
309348.10360658605,1
309527.9920172896,1
309707.8804279932,1
309887.7688386968,1
310067.65724940033,1
310247.5456601039,1
310427.4340708075,2
310607.3224815111,3
310787.2108922147,3
310967.09930291824,2
311146.9877136218,2
311326.8761243254,1
311506.7645350289,2
311686.6529457325,1
311866.5413564361,2
312046.42976713966,2
312226.3181778433,2
312406.2065885469,2
312586.0949992505,2
312765.983409954,2
312945.87182065763,2
313125.76023136114,2
313305.6486420648,2
313485.53705276834,2
313665.4254634719,2
313845.3138741755,2
314025.20228487905,2
314205.0906955826,2
314384.9791062862,2
314564.86751698976,2
314744.7559276934,2
314924.64433839696,2
315104.53274910053,2
315284.4211598041,2
315464.30957050767,2
315644.19798121124,2
315824.0863919148,2
316003.97480261844,2
316183.863213322,3
316363.7516240256,2
316543.64003472915,2
316723.5284454327,2
316903.4168561363,2
317083.30526683986,2
317263.19367754343,2
317443.08208824706,2
317622.97049895057,2
317802.8589096542,2
317982.7473203577,2
318162.6357310613,2
318342.5241417649,2
318522.41255246854,2
318702.3009631721,2
318882.1893738757,2
319062.07778457925,2
319241.9661952828,2
319421.8546059864,2
319601.74301669,2
319781.6314273935,2
319961.5198380971,2
320141.4082488007,2
320321.2966595043,2
320501.18507020787,2
320681.07348091144,3
320860.961891615,3
321040.8503023186,3
321220.7387130221,2
321400.6271237258,2
321580.5155344293,1
321760.4039451329,2
321940.2923558365,2
322120.1807665401,2
322300.06917724357,1
322479.9575879472,2
322659.84599865077,2
322839.7344093544,2
323019.622820058,2
323199.51123076153,2
323379.3996414651,1
323559.28805216873,1
323739.17646287224,2
323919.06487357576,2
324098.95328427944,2
324278.841694983,2
324458.7301056866,2
324638.6185163901,2
324818.5069270937,2
324998.3953377973,2
325178.2837485009,2
325358.17215920443,2
325538.06056990806,2
325717.94898061163,2
325897.8373913152,2
326077.7258020188,2
326257.61421272234,2
326437.5026234259,1
326617.3910341295,2
326797.2794448331,3
326977.16785553674,2
327157.05626624025,2
327336.94467694376,2
327516.8330876474,1
327696.72149835096,1
327876.6099090545,2
328056.4983197581,2
328236.38673046173,1
328416.2751411653,1
328596.1635518689,2
328776.05196257244,2
328955.940373276,2
329135.8287839796,2
329315.71719468315,2
329495.6056053868,2
329675.49401609035,2
329855.3824267939,2
330035.2708374975,2
330215.15924820106,2
330395.04765890463,2
330574.9360696082,2
330754.82448031177,3
330934.7128910154,2
331114.60130171897,2
331294.4897124225,2
331474.3781231261,2
331654.2665338297,2
331834.15494453325,2
332014.0433552368,2
332193.9317659404,2
332373.82017664396,2
332553.70858734765,2
332733.5969980512,2
332913.48540875467,3
333093.3738194583,3
333273.2622301619,3
333453.1506408655,3
333633.0390515691,3
333812.92746227264,4
333992.8158729762,4
334172.7042836798,4
334352.5926943833,4
334532.4811050869,4
334712.3695157905,5
334892.2579264941,4
335072.1463371977,4
335252.0347479013,4
335431.9231586048,4
335611.8115693084,4
335791.69998001197,3
335971.58839071554,3
336151.4768014191,3
336331.36521212274,2
336511.2536228263,3
336691.1420335299,3
336871.03044423345,3
337050.918854937,4
337230.8072656406,4
337410.69567634416,4
337590.58408704767,4
337770.4724977513,4
337950.36090845487,4
338130.2493191585,4
338310.1377298621,3
338490.0261405657,3
338669.9145512692,3
338849.80296197283,3
339029.6913726764,3
339209.57978338,3
339389.46819408354,3
339569.3566047871,3
339749.2450154907,3
339929.13342619425,3
340109.0218368978,3
340288.9102476014,3
340468.798658305,3
340648.6870690086,3
340828.57547971216,3
341008.4638904157,2
341188.3523011193,3
341368.2407118229,3
341548.12912252644,3
341728.01753323013,3
341907.90594393364,3
342087.7943546372,3
342267.6827653408,3
342447.57117604435,3
342627.45958674786,3
342807.3479974515,3
342987.23640815506,3
343167.1248188587,3
343347.01322956226,3
343526.90164026583,3
343706.7900509694,3
343886.67846167303,3
344066.5668723765,3
344246.4552830801,3
344426.34369378374,3
344606.2321044873,3
344786.1205151909,3
344966.00892589445,3
345145.897336598,3
345325.7857473016,3
345505.6741580052,3
345685.56256870873,3
345865.45097941236,3
346045.33939011587,3
346225.2278008195,3
346405.11621152307,3
346585.00462222664,3
346764.8930329302,3
346944.7814436338,3
347124.6698543374,3
347304.55826504104,3
347484.4466757445,3
347664.33508644806,3
347844.22349715175,3
348024.1119078553,5
348204.00031855877,4
348383.8887292624,3
348563.777139966,3
348743.6655506696,3
348923.5539613732,3
349103.44237207674,3
349283.3307827803,3
349463.2191934839,3
349643.10760418745,3
349822.9960148911,3
350002.88442559465,3
350182.7728362982,3
350362.6612470018,3
350542.54965770536,3
350722.4380684089,3
350902.3264791125,3
351082.21488981607,3
351262.1033005197,3
351441.99171122327,3
351621.88012192684,3
351801.7685326304,3
351981.656943334,3
352161.5453540376,3
352341.4337647411,3
352521.3221754447,3
352701.21058614826,3
352881.0989968519,3
353060.98740755545,3
353240.87581825897,3
353420.7642289626,3
353600.65263966616,3
353780.5410503697,3
353960.42946107336,3
354140.3178717769,3
354320.20628248045,3
354500.0946931841,3
354679.98310388764,3
354859.87151459116,3
355039.7599252948,2
355219.64833599835,2
355399.53674670204,2
355579.42515740555,2
355759.31356810906,2
355939.20197881275,3
356119.09038951626,2
356298.97880021983,1
356478.86721092346,2
356658.75562162703,2
356838.6440323306,2
357018.53244303423,2
357198.42085373774,2
357378.3092644413,2
357558.19767514494,2
357738.08608584845,3
357917.974496552,3
358097.86290725565,3
358277.7513179592,3
358457.6397286628,3
358637.5281393664,3
358817.41655006993,3
358997.3049607735,3
359177.19337147713,3
359357.0817821807,3
359536.97019288427,3
359716.85860358784,4
359896.7470142914,4
360076.635424995,4
360256.5238356985,4
360436.4122464021,4
360616.3006571057,4
360796.1890678093,3
360976.0774785129,3
361155.96588921646,4
361335.85429992,4
361515.7427106236,3
361695.63112132717,4
361875.5195320307,5
362055.40794273437,4
362235.2963534379,4
362415.1847641415,4
362595.0731748451,3
362774.96158554865,1
362954.84999625216,2
363134.7384069558,4
363314.62681765936,3
363494.515228363,3
363674.40363906656,3
363854.29204977007,3
364034.1804604737,4
364214.06887117727,3
364393.9572818808,2
364573.84569258435,2
364753.734103288,3
364933.62251399155,3
365113.51092469523,3
365293.3993353988,2
365473.28774610226,2
365653.17615680594,2
365833.0645675095,2
366012.95297821297,2
366192.8413889167,2
366372.7297996202,2
366552.61821032385,2
366732.50662102737,3
366912.39503173094,2
367092.2834424345,3
367272.17185313813,3
367452.0602638417,3
367631.94867454533,3
367811.83708524884,3
367991.7254959524,3
368171.61390665604,3
368351.5023173596,3
368531.3907280631,3
368711.2791387667,3
368891.1675494703,3
369071.0559601739,3
369250.9443708775,3
369430.8327815809,3
369610.7211922846,3
369790.60960298823,3
369970.49801369174,3
370150.3864243954,3
370330.2748350989,3
370510.1632458025,3
370690.0516565061,3
370869.9400672097,3
371049.8284779132,3
371229.7168886168,3
371409.60529932036,3
371589.493710024,3
371769.38212072756,3
371949.2705314311,3
372129.1589421347,3
372309.0473528383,3
372488.9357635417,3
372668.8241742454,3
372848.712584949,3
373028.60099565255,3
373208.4894063562,3
373388.37781705975,3
373568.26622776326,3
373748.1546384669,3
373928.04304917046,3
374107.931459874,3
374287.8198705777,3
374467.7082812812,3
374647.59669198474,3
374827.4851026884,3
375007.37351339206,3
375187.26192409545,3
375367.1503347991,3
375547.03874550265,3
375726.92715620634,3
375906.81556690985,3
376086.7039776134,3
376266.59238831705,3
376446.48079902056,3
376626.3692097241,3
376806.25762042776,3
376986.1460311313,3
377166.0344418349,3
377345.9228525385,3
377525.8112632421,3
377705.6996739456,3
377885.58808464924,3
378065.4764953528,3
378245.3649060563,3
378425.25331676,3
378605.1417274635,3
378785.0301381671,3
378964.9185488706,3
379144.8069595742,3
379324.6953702778,3
379504.5837809813,3
379684.472191685,3
379864.3606023885,3
380044.2490130922,3
380224.1374237957,3
380404.0258344993,3
380583.9142452029,3
380763.8026559064,3
380943.69106661,3
381123.5794773136,3
381303.4678880172,3
381483.35629872076,3
381663.2447094243,3
381843.1331201279,3
382023.02153083147,3
382202.9099415351,3
382382.79835223866,3
382562.6867629423,3
382742.5751736458,3
382922.4635843494,3
383102.35199505294,3
383282.24040575646,3
383462.1288164601,3
383642.01722716365,3
383821.9056378673,3
384001.7940485709,3
384181.68245927437,3
384361.570869978,3
384541.45928068156,3
384721.3476913851,3
384901.23610208865,3
385081.1245127923,3
385261.01292349596,3
385440.90133419953,3
385620.78974490304,2
385800.67815560655,3
385980.56656631024,3
386160.45497701375,3
386340.34338771726,3
386520.23179842095,2
386700.1202091245,2
386880.00861982815,2
387059.8970305317,2
387239.78544123523,2
387419.6738519388,2
387599.56226264243,2
387779.450673346,2
387959.3390840496,2
388139.22749475314,2
388319.1159054567,2
388499.00431616034,2
388678.8927268639,2
388858.7811375674,2
389038.669548271,2
389218.5579589746,2
389398.4463696782,2
389578.3347803817,2
389758.22319108533,2
389938.1116017889,2
390118.0000124925,2
390297.88842319604,2
390477.77683389967,2
390657.6652446032,2
390837.5536553068,2
391017.4420660104,2
391197.330476714,2
391377.2188874175,2
391557.1072981211,2
391736.99570882466,2
391916.8841195283,2
392096.77253023186,2
392276.66094093537,2
392456.549351639,2
392636.43776234257,2
392816.3261730461,2
392996.2145837497,2
393176.1029944533,1
393355.99140515685,1
393535.8798158605,2
393715.76822656405,2
393895.65663726756,2
394075.5450479712,2
394255.43345867476,2
394435.32186937827,2
394615.210280082,2
394795.09869078547,2
394974.98710148904,2
395154.8755121927,2
395334.7639228962,2
395514.65233359975,4
395694.54074430343,3
395874.42915500695,3
396054.31756571063,2
396234.2059764141,2
396414.0943871177,4
396593.98279782134,2
396773.8712085249,2
396953.7596192284,2
397133.64802993205,2
397313.5364406356,2
397493.4248513392,2
397673.3132620428,2
397853.20167274633,2
398033.0900834499,2
398212.97849415353,2
398392.8669048569,2
398572.7553155606,2
398752.6437262641,2
398932.5321369678,2
399112.4205476714,1
399292.3089583749,1
399472.1973690785,1
399652.0857797821,1
399831.9741904857,1
400011.8626011893,1
400191.75101189286,1
400371.63942259643,1
400551.52783329994,1
400731.4162440036,1
400911.3046547072,1
401091.1930654107,1
401271.0814761143,1
401450.9698868179,1
401630.8582975215,1
401810.74670822505,1
401990.6351189286,1
402170.5235296322,1
402350.41194033576,1
402530.3003510393,1
402710.18876174296,1
402890.0771724465,1
403069.9655831501,2
403249.85399385367,2
403429.74240455724,1
403609.63081526075,1
403789.5192259644,2
403969.40763666795,2
404149.2960473716,2
404329.1844580752,2
404509.07286877866,2
404688.9612794823,2
404868.84969018586,2
405048.73810088943,2
405228.62651159294,2
405408.51492229657,2
405588.40333300026,2
405768.29174370377,2
405948.18015440734,2
406128.0685651109,2
406307.95697581454,2
406487.8453865181,2
406667.73379722156,2
406847.6222079253,2
407027.5106186288,2
407207.39902933245,2
407387.287440036,2
407567.1758507395,2
407747.0642614431,2
407926.95267214667,2
408106.8410828503,2
408286.7294935538,2
408466.61790425744,2
408646.506314961,2
408826.39472566464,2
409006.28313636815,3
409186.1715470717,3
409366.0599577753,2
409545.9483684789,3
409725.8367791825,3
409905.7251898861,3
410085.6136005896,3
410265.5020112932,3
410445.3904219968,3
410625.27883270034,3
410805.16724340396,3
410985.0556541075,3
411164.9440648111,3
411344.8324755147,3
411524.7208862183,3
411704.6092969218,3
411884.4977076254,3
412064.38611832896,2
412244.2745290326,3
412424.16293973615,3
412604.05135043967,3
412783.9397611433,3
412963.82817184686,3
413143.7165825504,3
413323.604993254,2
413503.4934039576,3
413683.38181466114,3
413863.2702253648,3
414043.1586360683,3
414223.04704677186,3
414402.9354574755,3
414582.82386817905,3
414762.71227888257,3
414942.6006895863,3
415122.48910028976,3
415302.37751099345,3
415482.26592169696,3
415662.1543324005,2
415842.04274310404,2
416021.93115380773,2
416201.8195645112,3
416381.70797521493,3
416561.59638591844,2
416741.484796622,2
416921.37320732564,3
417101.2616180292,2
417281.1500287327,2
417461.03843943635,2
417640.9268501399,2
417820.8152608435,2
418000.7036715471,2
418180.5920822506,2
418360.4804929542,3
418540.3689036577,3
418720.25731436134,3
418900.1457250649,3
419080.03413576854,3
419259.9225464721,3
419439.8109571757,3
419619.6993678793,3
419799.5877785828,3
419979.4761892864,3
420159.36459999,3
420339.2530106936,3
420519.14142139716,2
420699.0298321007,2
420878.9182428043,2
421058.80665350787,2
421238.6950642113,2
421418.583474915,2
421598.4718856186,2
421778.3602963222,3
421958.2487070258,2
422138.13711772935,3
422318.0255284329,2
422497.9139391365,2
422677.80234984006,2
422857.69076054357,2
423037.57917124726,3
423217.46758195077,3
423397.3559926544,3
423577.24440335797,4
423757.13281406154,6
423937.0212247651,5
424116.9096354687,4
424296.79804617225,4
424476.68645687593,3
424656.57486757945,3
424836.46327828296,3
425016.3516889866,3
425196.24009969016,3
425376.12851039367,3
425556.01692109724,3
425735.9053318009,3
425915.79374250455,3
426095.6821532081,3
426275.5705639116,3
426455.45897461526,2
426635.34738531883,3
426815.2357960224,2
426995.1242067259,3
427175.0126174296,2
427354.9010281331,2
427534.78943883674,2
427714.67784954025,3
427894.5662602438,3
428074.4546709474,3
428254.34308165096,3
428434.2314923546,2
428614.1199030581,2
428794.00831376173,4
428973.8967244653,3
429153.78513516893,3
429333.6735458725,3
429513.561956576,3
429693.4503672796,3
429873.3387779832,3
430053.2271886868,3
430233.1155993904,3
430413.0040100939,3
430592.8924207975,4
430772.780831501,4
430952.6692422047,4
431132.55765290826,4
431312.4460636119,4
431492.3344743154,4
431672.222885019,4
431852.1112957226,4
432031.9997064261,4
432211.8881171297,4
432391.7765278333,4
432571.6649385369,4
432751.55334924045,4
432931.44175994396,4
433111.3301706476,4
433291.21858135116,4
433471.1069920547,4
433650.9954027583,4
433830.88381346187,4
434010.77222416544,4
434190.66063486907,4
434370.54904557264,4
434550.43745627615,4
434730.3258669798,4
434910.21427768335,4
435090.10268838686,4
435269.99109909055,4
435449.87950979406,4
435629.76792049775,4
435809.6563312013,4
435989.54474190477,4
436169.43315260846,4
436349.321563312,4
436529.2099740155,4
436709.0983847192,4
436888.98679542274,4
437068.8752061263,4
437248.76361682994,3
437428.6520275335,3
437608.540438237,3
437788.42884894065,2
437968.3172596442,2
438148.2056703478,2
438328.09408105136,2
438507.9824917549,3
438687.8709024585,3
438867.7593131621,4
439047.64772386564,3
439227.5361345692,3
439407.42454527284,3
439587.3129559764,4
439767.20136668,3
439947.0897773836,3
440126.9781880871,3
440306.8665987907,2
440486.7550094943,1
440666.6434201979,2
440846.5318309015,1
441026.420241605,2
441206.3086523086,1
441386.19706301217,2
441566.0854737157,3
441745.9738844193,3
441925.8622951229,2
442105.7507058265,3
442285.6391165301,3
442465.5275272336,3
442645.4159379372,3
442825.3043486408,3
443005.19275934435,3
443185.08117004787,3
443364.96958075155,3
443544.85799145506,3
443724.7464021587,1
443904.63481286226,1
444084.5232235658,1
444264.4116342694,2
444444.300044973,2
444624.1884556765,2
444804.07686638023,2
444983.9652770837,3
445163.85368778725,3
445343.74209849094,3
445523.6305091945,3
445703.51891989796,3
445883.40733060153,3
446063.2957413052,2
446243.18415200885,3
446423.0725627124,3
446602.96097341593,2
446782.84938411956,3
446962.73779482313,3
447142.6262055266,2
447322.5146162302,2
447502.4030269337,2
447682.2914376374,2
447862.17984834104,2
448042.06825904455,2
448221.9566697481,2
448401.8450804517,2
448581.7334911553,1
448761.6219018589,1
448941.5103125625,1
449121.39872326603,1
449301.2871339696,1
449481.1755446732,1
449661.0639553768,1
449840.9523660803,2
450020.8407767839,2
450200.7291874875,2
450380.6175981911,2
450560.5060088946,2
450740.3944195982,2
450920.2828303018,2
451100.1712410054,2
451280.0596517089,2
451459.94806241256,2
451639.83647311607,2
451819.7248838197,1
451999.61329452327,1
452179.5017052269,1
452359.3901159304,1
452539.278526634,1
452719.1669373376,1
452899.0553480412,1
453078.94375874475,1
453258.83216944826,1
453438.7205801519,2
453618.6089908554,2
453798.49740155897,2
453978.3858122626,2
454158.27422296617,2
454338.16263366974,2
454518.0510443734,2
454697.93945507705,3
454877.82786578045,2
455057.7162764841,2
455237.60468718776,2
455417.49309789116,2
455597.3815085949,2
455777.2699192984,2
455957.15833000204,2
456137.0467407056,2
456316.93515140907,2
456496.82356211275,2
456676.71197281615,2
456856.6003835198,2
457036.48879422346,2
457216.37720492703,2
457396.2656156306,2
457576.15402633423,2
457756.0424370378,2
457935.9308477413,2
458115.81925844494,2
458295.7076691485,2
458475.5960798521,2
458655.4844905557,1
458835.3729012592,2
459015.2613119628,2
459195.1497226664,2
459375.03813336993,2
459554.9265440735,2
459734.81495477713,2
459914.7033654807,2
460094.5917761843,2
460274.4801868878,2
460454.3685975914,2
460634.257008295,2
460814.1454189986,2
460994.0338297022,2
461173.9222404058,2
461353.8106511093,3
461533.6990618129,3
461713.58747251646,1
461893.47588322,1
462073.3642939236,1
462253.2527046272,1
462433.1411153308,1
462613.02952603437,1
462792.9179367379,1
462972.8063474415,1
463152.6947581451,1
463332.58316884865,3
463512.47157955216,1
463692.35999025597,1
463872.24840095936,3
464052.136811663,2
464232.02522236656,3
464411.9136330701,4
464591.8020437737,4
464771.69045447727,4
464951.5788651808,5
465131.4672758845,3
465311.355686588,3
465491.24409729155,4
465671.13250799524,4
465851.0209186988,3
466030.90932940226,3
466210.79774010595,3
466390.6861508095,3
466570.57456151315,3
466750.4629722167,3
466930.3513829202,3
467110.23979362386,3
467290.1282043274,3
467470.01661503094,3
467649.9050257345,3
467829.79343643814,3
468009.6818471417,3
468189.57025784533,3
468369.4586685489,3
468549.3470792524,3
468729.235489956,3
468909.1239006596,3
469089.0123113632,3
469268.9007220668,3
469448.7891327703,3
469628.6775434739,3
469808.5659541775,3
469988.45436488104,3
470168.3427755846,3
470348.2311862882,3
470528.1195969918,3
470708.0080076954,3
470887.8964183989,3
471067.7848291025,3
471247.6732398061,3
471427.5616505097,3
471607.4500612132,3
471787.33847191685,3
471967.22688262037,3
472147.115293324,3
472327.00370402756,3
472506.8921147311,3
472686.7805254347,3
472866.6689361383,3
473046.5573468418,3
473226.4457575455,3
473406.334168249,3
473586.22257895255,3
473766.1109896562,2
473945.99940035975,2
474125.88781106326,3
474305.7762217669,3
474485.66463247046,4
474665.55304317403,5
474845.4414538777,4
475025.3298645812,6
475205.21827528474,4
475385.10668598843,4
475564.99509669206,4
475744.88350739545,4
475924.7719180992,4
476104.6603288027,4
476284.54873950634,4
476464.4371502098,4
476644.3255609134,4
476824.21397161705,4
477004.1023823206,4
477183.9907930241,4
477363.8792037278,4
477543.76761443133,4
477723.6560251349,4
477903.5444358385,4
478083.4328465421,4
478263.3212572456,4
478443.20966794924,4
478623.0980786528,4
478802.9864893564,4
478982.87490006,4
479162.7633107635,4
479342.6517214671,5
479522.5401321706,4
479702.42854287423,4
479882.3169535778,4
480062.2053642814,4
480242.093774985,4
480421.98218568857,4
480601.8705963922,4
480781.7590070957,5
480961.6474177993,5
481141.5358285029,5
481321.4242392065,5
481501.3126499101,5
481681.2010606136,5
481861.0894713172,5
482040.97788202076,5
482220.86629272427,5
482400.7547034279,5
482580.6431141314,5
482760.5315248351,5
482940.4199355386,5
483120.3083462422,5
483300.1967569458,5
483480.0851676494,5
483659.97357835295,6
483839.86198905646,7
484019.75039976026,6
484199.63881046366,6
484379.5272211673,6
484559.4156318709,6
484739.30404257437,6
484919.192453278,6
485099.08086398157,6
485278.9692746851,5
485458.8576853888,5
485638.7460960923,5
485818.63450679596,5
485998.52291749953,5
486178.411328203,5
486358.29973890656,5
486538.18814961024,5
486718.0765603138,5
486897.96497101744,5
487077.853381721,5
487257.7417924245,5
487437.63020312815,5
487617.5186138317,4
487797.40702453523,4
487977.2954352388,5
488157.18384594243,5
488337.072256646,5
488516.96066734963,5
488696.84907805314,5
488876.7374887567,5
489056.62589946034,5
489236.5143101639,6
489416.4027208675,5
489596.2911315711,5
489776.1795422746,5
489956.0679529782,5
490135.9563636818,6
490315.84477438533,3
490495.7331850889,3
490675.6215957925,3
490855.5100064961,3
491035.39841719967,3
491215.2868279032,4
491395.1752386068,4
491575.0636493104,4
491754.952060014,3
491934.8404707175,4
492114.72888142115,3
492294.61729212466,4
492474.5057028283,5
492654.39411353186,5
492834.2825242354,4
493014.170934939,5
493194.05934564257,4
493373.9477563461,4
493553.83616704977,4
493733.7245777533,5
493913.61298845685,3
494093.5013991605,3
494273.38980986405,4
494453.27822056756,4
494633.1666312712,5
494813.05504197476,5
494992.94345267845,5
495172.831863382,4
495352.72027408547,4
495532.60868478904,3
495712.4970954927,3
495892.3855061962,3
496072.27391689975,3
496252.16232760344,5
496432.050738307,6
496611.93914901064,4
496791.8275597142,4
496971.7159704177,4
497151.60438112135,4
497331.4927918249,4
497511.3812025284,5
497691.2696132321,5
497871.1580239356,4
498051.0464346392,4
498230.9348453428,5
498410.8232560464,5
498590.7116667499,5
498770.60007745354,5
498950.4884881571,5
499130.3768988607,5
499310.26530956425,6
499490.1537202678,6
499670.0421309714,5
499849.930541675,5
500029.8189523785,5
500209.7073630821,4
500389.5957737857,4
500569.4841844893,5
500749.37259519286,4
500929.26100589643,4
501109.14941659995,4
501289.0378273036,4
501468.9262380072,4
501648.8146487108,4
501828.7030594144,6
502008.5914701179,6
502188.4798808215,7
502368.368291525,7
502548.25670222857,8
502728.1451129322,8
502908.03352363576,6
503087.9219343394,6
503267.81034504296,5
503447.6987557465,4
503627.5871664501,3
503807.4755771537,5
503987.36398785724,4
504167.25239856075,4
504347.14080926456,4
504527.02921996795,3
504706.9176306716,4
504886.8060413752,5
505066.69445207866,5
505246.5828627823,5
505426.4712734858,5
505606.3596841894,5
505786.24809489294,6
505966.1365055966,5
506146.02491630026,5
506325.91332700383,5
506505.8017377074,6
506685.6901484109,5
506865.57855911454,4
507045.4669698181,5
507225.35538052174,4
507405.2437912253,4
507585.1322019288,4
507765.02061263245,4
507944.909023336,4
508124.79743403953,4
508304.6858447431,4
508484.5742554467,4
508664.4626661503,4
508844.3510768538,4
509024.23948755744,4
509204.127898261,4
509384.01630896464,4
509563.9047196682,4
509743.7931303718,4
509923.6815410754,4
510103.5699517789,4
510283.4583624825,4
510463.3467731861,5
510643.2351838896,5
510823.1235945932,5
511003.01200529677,5
511182.9004160004,5
511362.78882670397,5
511542.6772374075,5
511722.5656481111,5
511902.4540588147,5
512082.3424695183,5
512262.2308802218,5
512442.11929092545,5
512622.00770162896,5
512801.8961123326,5
512981.78452303616,5
513161.67293373967,4
513341.5613444433,5
513521.44975514687,5
513701.3381658504,5
513881.22657655407,5
514061.1149872576,5
514241.00339796115,5
514420.8918086648,5
514600.78021936846,5
514780.66863007186,5
514960.5570407755,5
515140.44545147906,5
515320.33386218274,5
515500.2222728863,5
515680.11068358977,5
515859.99909429345,5
516039.887504997,4
516219.7759157005,4
516399.66432640405,4
516579.55273710773,4
516759.4411478113,4
516939.32955851493,4
517119.21796921844,3
517299.106379922,3
517478.99479062564,3
517658.8832013292,3
517838.7716120327,3
518018.6600227364,3
518198.5484334399,4
518378.4368441435,4
518558.3252548471,4
518738.21366555063,4
518918.1020762542,4
519097.99048695783,4
519277.8788976614,4
519457.767308365,4
519637.65571906854,4
519817.5441297721,5
519997.4325404757,5
520177.3209511793,5
520357.2093618828,5
520537.0977725864,5
520716.98618329,5
520896.8745939936,5
521076.76300469716,5
521256.65141540073,5
521436.5398261043,5
521616.4282368079,5
521796.3166475114,5
521976.20505821507,5
522156.0934689186,5
522335.9818796222,5
522515.8702903258,5
522695.75870102935,5
522875.64711173286,5
523055.5355224365,5
523235.42393314006,5
523415.3123438437,5
523595.20075454726,5
523775.08916525077,5
523954.9775759544,5
524134.86598665797,5
524314.7543973615,5
524494.6428080653,5
524674.5312187687,5
524854.4196294723,5
525034.3080401758,5
525214.1964508793,5
525394.0848615831,5
525573.9732722866,5
525753.8616829902,5
525933.7500936937,5
526113.6385043975,5
526293.526915101,5
526473.4153258045,5
526653.3037365081,5
526833.1921472115,5
527013.0805579153,5
527192.9689686188,5
527372.8573793224,5
527552.7457900259,5
527732.6342007295,5
527912.5226114329,5
528092.4110221367,5
528272.2994328403,5
528452.1878435438,5
528632.0762542475,5
528811.964664951,5
528991.8530756546,5
529171.7414863581,5
529351.6298970617,5
529531.5183077654,5
529711.4067184689,5
529891.2951291725,5
530071.183539876,5
530251.0719505796,5
530430.9603612832,5
530610.8487719868,5
530790.7371826904,5
530970.6255933939,5
531150.5140040976,5
531330.4024148011,5
531510.2908255047,5
531690.1792362082,5
531870.0676469118,5
532049.9560576153,5
532229.844468319,5
532409.7328790226,5
532589.6212897261,5
532769.5097004297,5
532949.3981111333,5
533129.2865218369,5
533309.1749325404,5
533489.063343244,5
533668.9517539478,5
533848.8401646512,5
534028.7285753548,5
534208.6169860583,5
534388.5053967619,5
534568.3938074654,5
534748.2822181691,5
534928.1706288727,4
535108.0590395762,5
535287.9474502797,5
535467.8358609835,5
535647.724271687,5
535827.6126823905,5
536007.501093094,5
536187.3895037977,5
536367.2779145014,5
536547.1663252049,5
536727.0547359084,5
536906.943146612,5
537086.8315573154,5
537266.7199680192,5
537446.6083787227,5
537626.4967894263,5
537806.3852001299,5
537986.2736108336,5
538166.1620215371,5
538346.0504322406,5
538525.9388429442,5
538705.8272536477,5
538885.7156643514,5
539065.604075055,5
539245.4924857585,5
539425.3808964621,5
539605.2693071656,4
539785.1577178693,4
539965.0461285728,4
540144.9345392764,4
540324.82294998,4
540504.7113606835,4
540684.5997713872,3
540864.4881820907,3
541044.3765927943,2
541224.2650034978,3
541404.1534142015,3
541584.0418249051,2
541763.9302356086,4
541943.8186463122,3
542123.7070570157,3
542303.5954677194,4
542483.4838784229,4
542663.3722891265,5
542843.26069983,5
543023.1491105336,4
543203.0375212373,4
543382.9259319408,4
543562.8143426444,4
543742.7027533479,4
543922.5911640516,4
544102.4795747551,4
544282.3679854587,3
544462.2563961623,5
544642.1448068658,5
544822.0332175696,5
545001.921628273,4
545181.8100389766,5
545361.6984496801,5
545541.5868603836,6
545721.4752710874,5
545901.3636817909,4
546081.2520924945,5
546261.140503198,5
546441.0289139018,4
546620.9173246053,4
546800.8057353088,4
546980.6941460124,4
547160.5825567159,5
547340.4709674196,5
547520.3593781231,5
547700.2477888267,4
547880.1361995302,5
548060.0246102338,7
548239.9130209375,6
548419.801431641,7
548599.6898423446,6
548779.5782530481,5
548959.4666637518,5
549139.3550744553,5
549319.2434851589,5
549499.1318958624,5
549679.020306566,7
549858.9087172697,7
550038.7971279732,6
550218.6855386768,6
550398.5739493803,6
550578.4623600839,5
550758.3507707875,4
550938.2391814911,5
551118.1275921947,5
551298.0160028982,5
551477.9044136018,5
551657.7928243054,6
551837.681235009,5
552017.5696457125,6
552197.4580564161,5
552377.3464671196,5
552557.2348778233,4
552737.1232885269,4
552917.0116992304,4
553096.900109934,4
553276.7885206376,4
553456.6769313412,5
553636.5653420447,4
553816.4537527483,5
553996.3421634521,4
554176.2305741555,5
554356.1189848591,4
554536.0073955626,4
554715.8958062662,5
554895.7842169697,6
555075.6726276735,7
555255.561038377,6
555435.4494490805,5
555615.337859784,5
555795.2262704875,6
555975.1146811913,6
556155.0030918948,5
556334.8915025984,6
556514.779913302,6
556694.6683240057,5
556874.5567347092,5
557054.4451454127,5
557234.3335561163,5
557414.2219668197,5
557594.1103775235,5
557773.998788227,5
557953.8871989306,5
558133.7756096342,5
558313.6640203377,5
558493.5524310414,5
558673.4408417449,5
558853.3292524485,6
559033.217663152,6
559213.1060738557,5
559392.9944845593,5
559572.8828952628,5
559752.7713059664,5
559932.6597166699,5
560112.5481273736,5
560292.4365380771,5
560472.3249487807,5
560652.2133594843,6
560832.1017701878,6
561011.9901808915,6
561191.878591595,6
561371.7670022986,6
561551.6554130021,6
561731.5438237058,6
561911.4322344094,6
562091.3206451129,6
562271.2090558165,6
562451.09746652,7
562630.9858772237,7
562810.8742879272,8
562990.7626986308,8
563170.6511093343,8
563350.539520038,8
563530.4279307416,8
563710.3163414451,8
563890.2047521487,7
564070.0931628522,7
564249.981573556,8
564429.8699842594,7
564609.758394963,9
564789.6468056666,7
564969.5352163701,6
565149.4236270739,6
565329.3120377773,5
565509.2004484809,5
565689.0888591844,5
565868.9772698879,6
566048.8656805917,6
566228.7540912952,7
566408.6425019988,6
566588.5309127023,6
566768.4193234061,6
566948.3077341096,6
567128.1961448131,6
567308.0845555167,7
567487.9729662202,6
567667.8613769239,6
567847.7497876274,7
568027.638198331,8
568207.5266090345,7
568387.4150197381,7
568567.3034304418,8
568747.1918411453,9
568927.0802518489,8
569106.9686625524,10
569286.857073256,10
569466.7454839596,7
569646.6338946632,5
569826.5223053667,5
570006.4107160703,5
570186.299126774,5
570366.1875374775,5
570546.0759481811,6
570725.9643588846,4
570905.8527695882,4
571085.7411802917,4
571265.6295909954,4
571445.518001699,4
571625.4064124025,4
571805.2948231061,9
571985.1832338097,4
572165.0716445133,4
572344.9600552168,4
572524.8484659204,4
572704.7368766239,4
572884.6252873276,4
573064.5136980312,4
573244.4021087347,4
573424.2905194383,4
573604.1789301418,4
573784.0673408455,5
573963.955751549,4
574143.8441622526,4
574323.7325729561,4
574503.6209836598,4
574683.5093943634,4
574863.3978050669,4
575043.2862157705,4
575223.174626474,3
575403.0630371778,4
575582.9514478813,5
575762.8398585848,4
575942.7282692884,3
576122.6166799921,3
576302.5050906956,3
576482.3935013991,4
576662.2819121027,4
576842.1703228063,4
577022.05873351,4
577201.9471442135,4
577381.835554917,4
577561.7239656206,5
577741.612376324,5
577921.5007870278,5
578101.3891977313,5
578281.2776084349,5
578461.1660191385,5
578641.054429842,4
578820.9428405457,4
579000.8312512492,4
579180.7196619528,4
579360.6080726563,4
579540.49648336,4
579720.3848940636,5
579900.2733047671,6
580080.1617154707,6
580260.0501261742,5
580439.9385368779,5
580619.8269475814,5
580799.715358285,5
580979.6037689886,5
581159.4921796921,5
581339.3805903958,5
581519.2690010993,6
581699.1574118029,7
581879.0458225064,5
582058.93423321,4
582238.8226439137,4
582418.7110546172,4
582598.5994653208,5
582778.4878760243,5
582958.376286728,5
583138.2646974315,4
583318.1531081351,5
583498.0415188386,5
583677.9299295422,5
583857.818340246,9
584037.7067509494,5
584217.595161653,8
584397.4835723565,5
584577.37198306,5
584757.2603937637,4
584937.1488044673,4
585117.0372151709,4
585296.9256258744,4
585476.8140365779,4
585656.7024472816,4
585836.5908579852,5
586016.4792686887,5
586196.3676793922,5
586376.256090096,4
586556.1445007995,5
586736.0329115031,4
586915.9213222066,4
587095.8097329102,5
587275.6981436139,5
587455.5865543174,5
587635.474965021,5
587815.3633757245,5
587995.2517864282,5
588175.1401971317,5
588355.0286078353,9
588534.9170185388,5
588714.8054292424,5
588894.6938399461,5
589074.5822506496,5
589254.4706613532,5
589434.3590720567,5
589614.2474827603,11
589794.1358934639,5
589974.0243041675,6
590153.912714871,5
590333.8011255746,5
590513.6895362783,10
590693.5779469818,5
590873.4663576854,5
591053.3547683889,5
591233.2431790925,5
591413.131589796,4
591593.0200004997,4
591772.9084112033,4
591952.7968219068,4
592132.6852326104,4
592312.573643314,5
592492.4620540176,5
592672.3504647211,5
592852.2388754247,5
593032.1272861282,5
593212.0156968319,5
593391.9041075355,5
593571.792518239,5
593751.6809289426,5
593931.5693396461,5
594111.4577503498,5
594291.3461610533,5
594471.2345717569,5
594651.1229824604,5
594831.0113931639,5
595010.8998038677,7
595190.7882145712,5
595370.6766252748,5
595550.5650359783,6
595730.4534466821,6
595910.3418573856,6
596090.2302680891,5
596270.1186787927,6
596450.0070894961,5
596629.8955001999,5
596809.7839109034,5
596989.672321607,4
597169.5607323106,5
597349.449143014,8
597529.3375537178,8
597709.2259644213,4
597889.1143751249,6
598069.0027858284,4
598248.8911965321,7
598428.7796072356,4
598608.6680179392,4
598788.5564286428,4
598968.4448393463,5
599148.33325005,4
599328.2216607535,6
599508.1100714571,5
599687.9984821606,4
599867.8868928642,6
599974.2133578634,8
600133.703055362,8
600293.1927528607,4
600452.6824503593,6
600612.1721478581,4
600771.6618453567,7
600931.1515428554,4
601090.641240354,4
601250.1309378528,4
601409.6206353514,5
601569.1103328501,4
601728.6000303488,6
601888.0897278475,5
602047.5794253461,4
602207.0691228448,6
602366.5588203435,6
602526.0485178422,5
602685.5382153408,5
602845.0279128395,6
603004.5176103382,5
603164.0073078369,5
603323.4970053355,5
603482.9867028341,5
603642.4764003329,5
603801.9660978315,5
603961.4557953302,5
604120.9454928288,5
604280.4351903276,5
604439.9248878262,4
604599.4145853249,5
604758.9042828236,5
604918.3939803223,5
605077.8836778209,5
605237.3733753196,5
605396.8630728183,5
605556.352770317,5
605715.8424678156,5
605875.3321653144,5
606034.821862813,5
606194.3115603117,8
606353.8012578103,5
606513.290955309,5
606672.7806528077,6
606832.2703503064,5
606991.760047805,5
607151.2497453036,5
607310.7394428024,6
607470.229140301,5
607629.7188377997,5
607789.2085352984,5
607948.6982327971,6
608108.1879302957,6
608267.6776277944,6
608427.1673252931,6
608586.6570227918,6
608746.1467202904,6
608905.6364177892,6
609065.1261152878,6
609224.6158127865,6
609384.1055102851,6
609543.5952077839,6
609703.0849052825,6
609862.5746027812,6
610022.0643002798,6
610181.5539977786,6
610341.0436952772,6
610500.5333927758,6
610660.0230902745,6
610819.5127877732,5
610979.0024852719,5
611138.4921827705,5
611297.9818802692,5
611457.4715777679,5
611616.9612752666,5
611776.4509727652,5
611935.940670264,5
612095.4303677626,4
612254.9200652613,4
612414.4097627599,4
612573.8994602587,4
612733.3891577573,5
612892.878855256,5
613052.3685527546,5
613211.8582502534,5
613371.347947752,5
613530.8376452507,5
613690.3273427493,5
613849.8170402481,5
614009.3067377467,5
614168.7964352453,5
614328.286132744,5
614487.7758302427,5
614647.2655277414,5
614806.75522524,5
614966.2449227388,5
615125.7346202374,5
615285.2243177361,5
615444.7140152347,5
615604.2037127335,5
615763.6934102321,5
615923.1831077308,5
616082.6728052294,8
616242.1625027282,5
616401.6522002268,5
616561.1418977255,5
616720.6315952241,5
616880.1212927229,6
617039.6109902215,5
617199.1006877202,6
617358.5903852188,6
617518.0800827176,5
617677.5697802162,6
617837.0594777148,5
617996.5491752136,6
618156.0388727122,5
618315.5285702109,6
618475.0182677095,6
618634.5079652083,5
618793.9976627069,6
618953.4873602056,6
619112.9770577042,5
619272.466755203,5
619431.9564527016,6
619591.4461502003,6
619750.935847699,6
619910.4255451977,6
620069.9152426963,6
620229.404940195,6
620388.8946376937,6
620548.3843351924,6
620707.874032691,6
620867.3637301897,6
621026.8534276884,6
621186.3431251871,5
621345.8328226857,6
621505.3225201843,6
621664.8122176831,6
621824.3019151817,6
621983.7916126804,6
622143.281310179,7
622302.7710076778,6
622462.2607051764,6
622621.7504026751,8
622781.2401001737,6
622940.7297976725,6
623100.2194951711,5
623259.7091926698,6
623419.1988901685,7
623578.6885876672,7
623738.1782851658,6
623897.6679826645,6
624057.1576801632,9
624216.6473776619,8
624376.1370751605,7
624535.6267726592,9
624695.1164701579,7
624854.6061676565,7
625014.0958651552,6
625173.5855626538,6
625333.0752601526,7
625492.5649576512,7
625652.0546551499,7
625811.5443526485,7
625971.0340501473,7
626130.5237476459,6
626290.0134451446,7
626449.5031426433,7
626608.992840142,6
626768.4825376406,5
626927.9722351393,5
627087.461932638,6
627246.9516301367,8
627406.4413276353,8
627565.931025134,6
627725.4207226327,6
627884.9104201314,6
628044.40011763,5
628203.8898151286,6
628363.3795126274,6
628522.869210126,6
628682.3589076247,6
628841.8486051233,7
629001.3383026221,7
629160.8280001207,7
629320.3176976194,7
629479.807395118,7
629639.2970926168,8
629798.7867901154,7
629958.2764876141,7
630117.7661851128,7
630277.2558826115,7
630436.7455801101,7
630596.2352776089,8
630755.7249751075,8
630915.2146726062,7
631074.7043701048,7
631234.1940676036,7
631393.6837651022,7
631553.1734626009,7
631712.6631600995,6
631872.1528575982,7
632031.6425550969,7
632191.1322525955,8
632350.6219500942,7
632510.1116475929,7
632669.6013450916,6
632829.0910425902,6
632988.580740089,6
633148.0704375876,6
633307.5601350863,6
633467.0498325849,6
633626.5395300837,6
633786.0292275823,5
633945.518925081,6
634105.0086225796,7
634264.4983200784,5
634423.988017577,5
634583.4777150757,5
634742.9674125743,5
634902.4571100731,5
635061.9468075717,6
635221.4365050704,6
635380.926202569,6
635540.4159000677,6
635699.9055975664,7
635859.395295065,6
636018.8849925637,6
636178.3746900624,6
636337.8643875611,6
636497.3540850597,6
636656.8437825585,6
636816.3334800571,5
636975.8231775558,4
637135.3128750544,4
637294.8025725532,4
637454.2922700518,4
637613.7819675505,4
637773.2716650491,4
637932.7613625479,4
638092.2510600465,4
638251.7407575452,4
638411.2304550438,4
638570.7201525425,4
638730.2098500412,5
638889.6995475399,5
639049.1892450385,4
639208.6789425372,4
639368.1686400359,4
639527.6583375345,4
639687.1480350333,5
639846.6377325319,5
640006.1274300306,5
640165.6171275292,5
640325.106825028,5
640484.5965225266,5
640644.0862200253,5
640803.5759175239,5
640963.0656150227,4
641122.5553125213,4
641282.04501002,4
641441.5347075186,4
641601.0244050174,4
641760.514102516,4
641920.0038000147,4
642079.4934975134,4
642238.983195012,4
642398.4728925107,4
642557.9625900094,4
642717.4522875081,4
642876.9419850067,4
643036.4316825054,4
643195.921380004,4
643355.4110775028,4
643514.9007750014,4
643674.3904725001,4
643833.8801699987,4
643993.3698674975,4
644152.8595649961,4
644312.3492624948,4
644471.8389599934,4
644631.3286574922,4
644790.8183549908,4
644950.3080524895,4
645109.7977499882,4
645269.2874474869,4
645428.7771449855,4
645588.2668424842,4
645747.7565399829,4
645907.2462374815,4
646066.7359349802,4
646226.2256324788,4
646385.7153299776,4
646545.2050274762,4
646704.6947249749,4
646864.1844224735,4
647023.6741199723,4
647183.1638174709,4
647342.6535149696,4
647502.1432124682,4
647661.632909967,4
647821.1226074656,4
647980.6123049643,4
648140.102002463,4
648299.5916999617,4
648459.0813974603,6
648618.571094959,5
648778.0607924577,5
648937.5504899564,5
649097.040187455,5
649256.5298849538,5
649416.0195824524,5
649575.509279951,5
649734.9989774497,5
649894.4886749483,5
650053.9783724471,5
650213.4680699457,5
650372.9577674444,6
650532.447464943,5
650691.9371624418,5
650851.4268599404,5
651010.9165574391,5
651170.4062549378,5
651329.8959524365,5
651489.3856499351,6
651648.8753474338,5
651808.3650449325,5
651967.8547424312,5
652127.3444399298,5
652286.8341374286,6
652446.3238349272,5
652605.8135324259,6
652765.3032299245,5
652924.7929274231,5
653084.2826249219,5
653243.7723224205,6
653403.2620199192,5
653562.7517174179,5
653722.2414149166,5
653881.7311124152,6
654041.2208099139,5
654200.7105074126,5
654360.2002049113,5
654519.6899024099,5
654679.1795999086,5
654838.6692974073,5
654998.158994906,5
655157.6486924046,5
655317.1383899034,5
655476.628087402,5
655636.1177849007,5
655795.6074823993,5
655955.0971798981,5
656114.5868773967,5
656274.0765748954,5
656433.566272394,5
656593.0559698928,5
656752.5456673914,5
656912.03536489,5
657071.5250623887,5
657231.0147598874,5
657390.5044573861,5
657549.9941548847,5
657709.4838523834,5
657868.9735498821,5
658028.4632473808,5
658187.9529448794,5
658347.4426423782,5
658506.9323398768,5
658666.4220373755,4
658825.9117348741,4
658985.4014323729,5
659144.8911298715,5
659304.3808273702,4
659463.8705248688,4
659623.3602223676,4
659782.8499198662,5
659942.3396173649,5
660101.8293148635,5
660261.3190123623,5
660420.8087098609,5
660580.2984073595,5
660739.7881048582,5
660899.2778023569,5
661058.7674998556,5
661218.2571973542,5
661377.746894853,6
661537.2365923516,6
661696.7262898503,5
661856.2159873489,6
662015.7056848477,7
662175.1953823463,6
662334.685079845,6
662494.1747773436,6
662653.6644748424,5
662813.154172341,6
662972.6438698397,5
663132.1335673383,5
663291.6232648371,5
663451.1129623357,4
663610.6026598343,5
663770.092357333,6
663929.5820548317,6
664089.0717523304,5
664248.561449829,4
664408.0511473278,5
664567.5408448264,4
664727.0305423251,5
664886.5202398237,4
665046.0099373225,5
665205.4996348211,5
665364.9893323198,5
665524.4790298184,5
665683.9687273172,4
665843.4584248158,4
666002.9481223145,4
666162.4378198131,4
666321.9275173119,4
666481.4172148105,4
666640.9069123092,4
666800.3966098079,4
666959.8863073066,4
667119.3760048052,4
667278.8657023038,4
667438.3553998026,4
667597.8450973012,4
667757.3347947999,4
667916.8244922985,4
668076.3141897973,4
668235.8038872959,4
668395.2935847946,4
668554.7832822932,4
668714.272979792,5
668873.7626772906,4
669033.2523747893,4
669192.742072288,4
669352.2317697867,4
669511.7214672853,5
669671.2111647839,5
669830.7008622827,4
669990.1905597814,4
670149.68025728,5
670309.1699547786,5
670468.6596522774,5
670628.1493497761,5
670787.6390472747,6
670947.1287447733,5
671106.6184422721,6
671266.1081397707,5
671425.5978372694,5
671585.087534768,5
671744.5772322668,5
671904.0669297654,5
672063.5566272641,6
672223.0463247627,7
672382.5360222615,7
672542.0257197601,7
672701.5154172588,6
672861.0051147575,6
673020.4948122562,6
673179.9845097548,6
673339.4742072535,6
673498.9639047522,6
673658.4536022509,6
673817.9432997495,6
673977.4329972481,7
674136.9226947469,6
674296.4123922456,6
674455.9020897442,6
674615.3917872428,6
674774.8814847416,6
674934.3711822402,6
675093.8608797389,6
675253.3505772376,7
675412.8402747363,7
675572.3299722349,7
675731.8196697336,7
675891.3093672323,7
676050.799064731,6
676210.2887622296,7
676369.7784597283,7
676529.268157227,7
676688.7578547257,7
676848.2475522243,8
677007.737249723,8
677167.2269472217,7
677326.7166447204,8
677486.206342219,8
677645.6960397176,8
677805.1857372164,7
677964.6754347151,7
678124.1651322137,7
678283.6548297124,8
678443.1445272111,6
678602.6342247097,6
678762.1239222084,5
678921.6136197071,6
679081.1033172058,6
679240.5930147044,7
679400.0827122031,8
679559.5724097018,7
679719.0621072005,12
679878.5518046991,9
680038.0415021979,10
680197.5311996965,9
680357.0208971952,8
680516.5105946938,8
680676.0002921926,9
680835.4899896912,9
680994.9796871899,9
681154.4693846885,9
681313.9590821872,11
681473.4487796859,8
681632.9384771846,8
681792.4281746832,8
681951.9178721819,8
682111.4075696806,8
682270.8972671792,8
682430.386964678,8
682589.8766621766,8
682749.3663596753,8
682908.8560571739,8
683068.3457546727,10
683227.8354521713,10
683387.32514967,10
683546.8148471686,9
683706.3045446674,8
683865.794242166,8
684025.2839396647,7
684184.7736371633,7
684344.2633346621,7
684503.7530321607,7
684663.2427296594,7
684822.732427158,7
684982.2221246567,7
685141.7118221554,7
685301.201519654,7
685460.6912171528,7
685620.1809146514,8
685779.6706121501,8
685939.1603096487,8
686098.6500071475,8
686258.1397046461,8
686417.6294021448,8
686577.1190996434,8
686736.6087971422,8
686896.0984946408,8
687055.5881921395,8
687215.0778896381,8
687374.5675871369,8
687534.0572846355,8
687693.5469821342,8
687853.0366796328,7
688012.5263771315,8
688172.0160746302,7
688331.5057721289,8
688490.9954696276,8
688650.4851671262,8
688809.9748646249,8
688969.4645621235,8
689128.9542596223,8
689288.4439571209,7
689447.9336546196,7
689607.4233521182,7
689766.913049617,7
689926.4027471156,7
690085.8924446143,7
690245.3821421129,8
690404.8718396117,8
690564.3615371103,8
690723.851234609,8
690883.3409321076,8
691042.8306296063,7
691202.320327105,7
691361.8100246037,8
691521.2997221024,8
691680.789419601,8
691840.2791170997,8
691999.7688145984,8
692159.2585120971,8
692318.7482095957,8
692478.2379070944,8
692637.727604593,8
692797.2173020918,8
692956.7069995904,8
693116.1966970891,8
693275.6863945877,8
693435.1760920865,9
693594.6657895851,9
693754.1554870838,10
693913.6451845824,10
694073.1348820811,9
694232.6245795798,10
694392.1142770785,10
694551.6039745772,10
694711.0936720759,10
694870.5833695745,10
695030.0730670732,10
695189.5627645719,8
695349.0524620705,9
695508.5421595692,9
695668.0318570678,8
695827.5215545666,7
695987.0112520652,7
696146.5009495639,6
696305.9906470625,6
696465.4803445613,6
696624.9700420599,7
696784.4597395586,7
696943.9494370573,7
697103.439134556,8
697262.9288320546,9
697422.4185295533,9
697581.908227052,10
697741.3979245507,9
697900.8876220493,9
698060.377319548,9
698219.8670170467,11
698379.3567145454,9
698538.846412044,9
698698.3361095426,9
698857.8258070414,9
699017.31550454,10
699176.8052020387,9
699336.2948995375,9
699495.7845970361,9
699655.2742945347,11
699814.7639920334,10
699974.253689532,10
700133.7433870308,10
700293.2330845294,9
700452.7227820281,9
700612.2124795268,9
700771.7021770255,9
700931.1918745241,10
701090.6815720228,10
701250.1712695215,10
701409.6609670202,10
701569.1506645188,10
701728.6403620176,10
701888.1300595162,10
702047.6197570148,9
702207.1094545135,10
702366.5991520123,9
702526.0888495109,9
702685.5785470096,11
702845.0682445082,11
703004.5579420069,10
703164.0476395056,11
703323.5373370042,11
703483.027034503,11
703642.5167320016,11
703802.0064295003,10
703961.4961269989,9
704120.9858244976,9
704280.4755219963,10
704439.965219495,10
704599.4549169936,10
704758.9446144924,11
704918.434311991,11
705077.9240094897,13
705237.4137069883,10
705396.9034044871,10
705556.3931019857,10
705715.8827994843,9
705875.372496983,9
706034.8621944818,10
706194.3518919804,8
706353.841589479,9
706513.3312869777,9
706672.8209844765,9
706832.3106819751,10
706991.8003794737,8
707151.2900769725,7
707310.7797744712,8
707470.2694719698,9
707629.7591694684,7
707789.2488669672,8
707948.7385644658,7
708108.2282619645,8
708267.7179594631,8
708427.2076569619,11
708586.6973544605,10
708746.1870519592,8
708905.6767494578,6
709065.1664469566,7
709224.6561444552,6
709384.1458419539,8
709543.6355394525,8
709703.1252369512,8
709862.6149344499,8
710022.1046319485,9
710181.5943294473,9
710341.084026946,7
710500.5737244446,9
710660.0634219432,12
710819.553119442,9
710979.0428169406,8
711138.5325144393,9
711298.0222119379,9
711457.5119094367,9
711617.0016069353,8
711776.491304434,8
711935.9810019326,8
712095.4706994314,11
712254.96039693,11
712414.4500944287,10
712573.9397919273,9
712733.4294894261,10
712892.9191869247,10
713052.4088844233,10
713211.898581922,17
713371.3882794208,15
713530.8779769194,15
713690.367674418,11
713849.8573719168,16
714009.3470694154,12
714168.8367669141,9
714328.3264644127,9
714487.8161619115,11
714647.3058594101,9
714806.7955569088,9
714966.2852544074,7
715125.7749519062,7
715285.2646494048,9
715444.7543469035,10
715604.2440444021,10
715763.7337419009,9
715923.2234393995,8
716082.7131368982,10
716242.2028343969,12
716401.6925318955,9
716561.1822293942,9
716720.671926893,8
716880.1616243916,7
717039.6513218903,9
717199.1410193889,9
717358.6307168875,8
717518.1204143863,8
717677.6101118849,6
717837.0998093836,6
717996.5895068822,6
718156.079204381,7
718315.5689018796,7
718475.0585993783,7
718634.548296877,7
718794.0379943757,8
718953.5276918743,7
719113.017389373,7
719272.5070868717,7
719431.9967843704,8
719591.486481869,8
719750.9761793677,8
719910.4658768664,9
720069.9555743651,8
720229.4452718637,8
720388.9349693623,8
720548.4246668611,8
720707.9143643597,8
720867.4040618584,9
721026.893759357,7
721186.3834568558,14
721345.8731543544,10
721505.3628518531,10
721664.8525493518,10
721824.3422468505,8
721983.8319443491,9
722143.3216418478,8
722302.8113393465,11
722462.3010368452,8
722621.7907343438,8
722781.2804318424,10
722940.7701293412,11
723100.2598268399,8
723259.7495243385,8
723419.2392218371,8
723578.7289193359,10
723738.2186168345,13
723897.7083143332,9
724057.1980118318,13
724216.6877093306,9
724376.1774068292,7
724535.6671043279,7
724695.1568018266,8
724854.6464993253,8
725014.1361968239,8
725173.6258943226,9
725333.1155918213,8
725492.60528932,9
725652.0949868186,10
725811.5846843173,10
725971.074381816,10
726130.5640793147,11
726290.0537768133,10
726449.5434743119,9
726609.0331718107,9
726768.5228693094,8
726928.012566808,9
727087.5022643066,9
727246.9919618054,9
727406.4816593041,9
727565.9713568027,9
727725.4610543014,8
727884.9507518001,9
728044.4404492987,9
728203.9301467974,9
728363.4198442961,9
728522.9095417948,9
728682.3992392934,9
728841.8889367922,9
729001.3786342908,9
729160.8683317895,9
729320.3580292881,9
729479.8477267867,8
729639.3374242855,8
729798.8271217842,8
729958.3168192828,9
730117.8065167814,8
730277.2962142802,8
730436.7859117789,8
730596.2756092775,9
730755.7653067762,9
730915.2550042749,12
731074.7447017736,11
731234.2343992722,8
731393.7240967709,9
731553.2137942696,9
731712.7034917682,8
731872.193189267,7
732031.6828867656,10
732191.1725842643,15
732350.6622817629,10
732510.1519792617,9
732669.6416767603,9
732829.131374259,9
732988.6210717576,9
733148.1107692564,9
733307.600466755,11
733467.0901642537,10
733626.5798617523,10
733786.069559251,10
733945.5592567497,10
734105.0489542484,9
734264.538651747,7
734424.0283492457,7
734583.5180467444,7
734743.0077442431,7
734902.4974417418,7
735061.9871392404,7
735221.4768367391,9
735380.9665342377,7
735540.4562317363,8
735699.9459292351,8
735859.4356267338,7
736018.9253242324,8
736178.4150217312,8
736337.9047192298,8
736497.3944167285,8
736656.8841142271,8
736816.3738117259,8
736975.8635092245,8
737135.3532067232,8
737294.8429042218,8
737454.3326017205,8
737613.8222992192,7
737773.3119967179,7
737932.8016942166,7
738092.2913917152,7
738251.7810892139,8
738411.2707867126,8
738570.7604842113,7
738730.2501817099,8
738889.7398792086,8
739049.2295767072,8
739208.719274206,8
739368.2089717046,7
739527.6986692033,7
739687.188366702,7
739846.6780642007,7
740006.1677616993,7
740165.657459198,7
740325.1471566967,7
740484.6368541953,7
740644.126551694,7
740803.6162491927,7
740963.1059466914,7
741122.59564419,7
741282.0853416887,7
741441.5750391874,7
741601.0647366861,7
741760.5544341847,7
741920.0441316834,7
742079.5338291822,8
742239.0235266808,7
742398.5132241794,11
742558.0029216781,8
742717.4926191767,9
742876.9823166755,7
743036.4720141741,8
743195.9617116728,7
743355.4514091715,7
743514.9411066702,8
743674.4308041688,8
743833.9205016675,8
743993.4101991662,8
744152.8998966649,8
744312.3895941635,8
744471.8792916622,8
744631.3689891609,8
744790.8586866595,8
744950.3483841582,8
745109.838081657,8
745269.3277791556,8
745428.8174766542,8
745588.3071741529,6
745747.7968716517,6
745907.2865691503,7
746066.7762666489,7
746226.2659641476,7
746385.7556616464,6
746545.245359145,5
746704.7350566436,6
746864.2247541423,7
747023.7144516411,7
747183.2041491397,7
747342.6938466383,7
747502.183544137,7
747661.6732416357,6
747821.1629391343,8
747980.652636633,8
748140.1423341318,8
748299.6320316304,6
748459.121729129,6
748618.6114266277,6
748778.1011241265,6
748937.5908216251,7
749097.0805191237,6
749256.5702166224,7
749416.0599141212,7
749575.5496116198,7
749735.0393091184,6
749894.5290066171,7
750054.0187041158,7
750213.5084016145,7
750372.9980991131,7
750532.4877966119,6
750691.9774941105,6
750851.4671916092,6
751010.9568891078,6
751170.4465866066,6
751329.9362841052,6
751489.4259816038,7
751648.9156791025,7
751808.4053766013,7
751967.8950740999,6
752127.3847715985,5
752286.8744690972,6
752446.364166596,5
752605.8538640946,5
752765.3435615932,5
752924.833259092,5
753084.3229565906,5
753243.8126540893,6
753403.3023515879,5
753562.7920490867,6
753722.2817465853,5
753881.771444084,5
754041.2611415826,5
754200.7508390814,5
754360.24053658,5
754519.7302340787,5
754679.2199315773,5
754838.7096290761,6
754998.1993265747,6
755157.6890240733,6
755317.178721572,7
755476.6684190708,6
755636.1581165694,7
755795.647814068,7
755955.1375115667,7
756114.6272090655,7
756274.1169065641,7
756433.6066040627,7
756593.0963015615,6
756752.5859990601,6
756912.0756965588,6
757071.5653940574,8
757231.0550915562,6
757390.5447890548,7
757550.0344865535,6
757709.5241840521,6
757869.0138815509,8
758028.5035790495,11
758187.9932765482,9
758347.4829740468,6
758506.9726715456,4
758666.4623690442,7
758825.9520665428,5
758985.4417640415,7
759144.9314615403,7
759304.4211590389,5
759463.9108565375,6
759623.4005540363,7
759782.890251535,5
759942.3799490336,5
760101.8696465322,5
760261.359344031,6
760420.8490415296,5
760580.3387390283,7
760739.8284365269,9
760899.3181340257,5
761058.8078315243,5
761218.297529023,5
761377.7872265216,5
761537.2769240204,5
761696.766621519,5
761856.2563190177,5
762015.7460165164,6
762175.2357140151,7
762334.7254115137,7
762494.2151090123,9
762653.704806511,5
762813.1945040098,6
762972.6842015084,5
763132.173899007,5
763291.6635965058,5
763451.1532940045,5
763610.6429915031,5
763770.1326890017,5
763929.6223865005,5
764089.1120839991,5
764248.6017814978,5
764408.0914789964,5
764567.5811764952,5
764727.0708739938,5
764886.5605714925,5
765046.0502689912,5
765205.5399664899,5
765365.0296639885,5
765524.5193614871,5
765684.0090589859,5
765843.4987564846,9
766002.9884539832,5
766162.4781514818,5
766321.9678489806,5
766481.4575464793,5
766640.9472439779,5
766800.4369414765,5
766959.9266389753,5
767119.4163364739,5
767278.9060339726,6
767438.3957314712,5
767597.88542897,9
767757.3751264686,5
767916.8648239673,5
768076.354521466,5
768235.8442189647,5
768395.3339164633,5
768554.823613962,5
768714.3133114607,5
768873.8030089594,5
769033.292706458,5
769192.7824039566,5
769352.2721014554,5
769511.7617989541,5
769671.2514964527,5
769830.7411939513,5
769990.2308914501,5
770149.7205889488,5
770309.2102864474,5
770468.699983946,5
770628.1896814448,5
770787.6793789434,5
770947.1690764421,5
771106.6587739408,5
771266.1484714395,5
771425.6381689382,5
771585.1278664368,6
771744.6175639355,6
771904.1072614342,6
772063.5969589328,6
772223.0866564316,6
772382.5763539302,6
772542.0660514289,5
772701.5557489275,5
772861.0454464261,8
773020.5351439249,5
773180.0248414236,5
773339.5145389222,5
773499.0042364208,5
773658.4939339196,5
773817.9836314183,5
773977.4733289169,5
774136.9630264156,5
774296.4527239143,5
774455.9424214129,5
774615.4321189115,5
774774.9218164103,5
774934.411513909,5
775093.9012114076,5
775253.3909089064,5
775412.880606405,5
775572.3703039037,5
775731.8600014023,6
775891.349698901,6
776050.8393963997,6
776210.3290938984,6
776369.818791397,6
776529.3084888957,6
776688.7981863944,7
776848.2878838931,7
777007.7775813917,7
777167.2672788904,7
777326.7569763891,7
777486.2466738878,7
777645.7363713864,8
777805.2260688851,7
777964.7157663838,7
778124.2054638824,7
778283.6951613812,7
778443.1848588798,7
778602.6745563785,7
778762.1642538771,7
778921.6539513757,6
779081.1436488745,6
779240.6333463732,6
779400.1230438718,7
779559.6127413705,6
779719.1024388692,7
779878.5921363679,6
780038.0818338665,6
780197.5715313652,6
780357.0612288639,6
780516.5509263626,6
780676.0406238612,6
780835.5303213599,6
780995.0200188586,8
781154.5097163573,7
781313.999413856,7
781473.4891113546,7
781632.9788088533,7
781792.4685063519,6
781951.9582038507,6
782111.4479013493,6
782270.937598848,6
782430.4272963466,5
782589.9169938454,6
782749.406691344,6
782908.8963888427,6
783068.3860863413,6
783227.87578384,6
783387.3654813387,6
783546.8551788374,8
783706.344876336,8
783865.8345738347,7
784025.3242713334,7
784184.8139688321,7
784344.3036663308,7
784503.7933638294,9
784663.2830613281,8
784822.7727588267,7
784982.2624563255,7
785141.7521538241,7
785301.2418513228,7
785460.7315488214,8
785620.2212463202,7
785779.7109438188,7
785939.2006413175,7
786098.6903388163,7
786258.1800363148,7
786417.6697338135,7
786577.1594313122,7
786736.6491288109,7
786896.1388263095,8
787055.6285238082,6
787215.1182213069,6
787374.6079188056,6
787534.0976163042,6
787693.5873138029,6
787853.0770113016,6
788012.5667088003,7
788172.0564062989,7
788331.5461037976,7
788491.0358012962,7
788650.525498795,7
788810.0151962936,7
788969.5048937923,7
789128.9945912911,7
789288.4842887897,7
789447.9739862883,6
789607.463683787,6
789766.9533812857,6
789926.4430787844,7
790085.932776283,6
790245.4224737817,6
790404.9121712804,6
790564.4018687791,6
790723.8915662777,6
790883.3812637763,6
791042.8709612751,6
791202.3606587737,6
791361.8503562724,6
791521.340053771,6
791680.8297512698,6
791840.3194487684,6
791999.8091462671,6
792159.2988437659,6
792318.7885412645,6
792478.2782387631,6
792637.7679362618,6
792797.2576337605,6
792956.7473312591,6
793116.2370287578,6
793275.7267262565,6
793435.2164237552,6
793594.7061212539,6
793754.1958187525,6
793913.6855162511,6
794073.1752137499,6
794232.6649112485,6
794392.1546087472,6
794551.644306246,6
794711.1340037446,6
794870.6237012432,6
795030.1133987419,6
795189.6030962407,6
795349.0927937393,6
795508.5824912379,6
795668.0721887366,6
795827.5618862354,7
795987.0515837339,7
796146.5412812326,7
796306.0309787313,7
796465.52067623,7
796625.0103737287,7
796784.5000712273,7
796943.989768726,7
797103.4794662248,7
797262.9691637233,7
797422.458861222,7
797581.9485587208,7
797741.4382562194,7
797900.927953718,8
798060.4176512167,8
798219.9073487155,8
798379.3970462141,6
798538.8867437127,6
798698.3764412114,6
798857.8661387102,6
799017.3558362087,6
799176.8455337074,7
799336.3352312061,7
799495.8249287048,6
799655.3146262035,7
799814.8043237021,7
799974.2940212009,7
800133.7837186995,7
800293.2734161982,5
800452.7631136968,6
800612.2528111956,5
800771.7425086942,5
800931.2322061928,5
801090.7219036915,6
801250.2116011903,5
801409.7012986889,5
801569.1909961875,5
801728.6806936862,5
801888.170391185,5
802047.6600886836,5
802207.1497861822,5
802366.639483681,5
802526.1291811796,5
802685.6188786783,5
802845.1085761769,5
803004.5982736757,5
803164.0879711744,5
803323.577668673,5
803483.0673661716,5
803642.5570636704,5
803802.0467611691,5
803961.5364586677,5
804121.0261561663,5
804280.5158536651,6
804440.0055511637,5
804599.4952486623,5
804758.984946161,5
804918.4746436598,5
805077.9643411584,5
805237.4540386571,5
805396.9437361558,6
805556.4334336544,7
805715.9231311531,7
805875.4128286517,7
806034.9025261503,7
806194.3922236492,7
806353.8819211478,7
806513.3716186464,7
806672.8613161452,7
806832.3510136439,7
806991.8407111425,6
807151.3304086411,6
807310.8201061399,6
807470.3098036385,6
807629.7995011371,6
807789.2891986358,7
807948.7788961346,8
808108.2685936331,6
808267.7582911319,6
808427.2479886306,6
808586.7376861292,6
808746.2273836279,6
808905.7170811265,7
809065.2067786253,6
809224.696476124,6
809384.1861736226,7
809543.6758711212,6
809703.16556862,6
809862.6552661187,6
810022.1449636173,6
810181.6346611159,6
810341.1243586147,6
810500.6140561133,6
810660.1037536119,6
810819.5934511106,6
810979.0831486094,6
811138.572846108,6
811298.0625436067,6
811457.5522411054,6
811617.041938604,6
811776.5316361027,6
811936.0213336013,6
812095.5110311001,6
812255.0007285988,6
812414.4904260974,7
812573.980123596,7
812733.4698210948,7
812892.9595185935,8
813052.4492160921,7
813211.9389135907,7
813371.4286110895,7
813530.9183085881,7
813690.4080060868,6
813849.8977035854,6
814009.3874010842,8
814168.8770985828,8
814328.3667960815,6
814487.8564935802,6
814647.3461910789,7
814806.8358885775,7
814966.3255860762,7
815125.8152835749,7
815285.3049810736,9
815444.7946785722,7
815604.2843760708,9
815763.7740735696,9
815923.2637710683,8
816082.7534685669,8
816242.2431660655,8
816401.7328635643,7
816561.222561063,7
816720.7122585616,7
816880.2019560602,8
817039.691653559,8
817199.1813510576,8
817358.6710485563,9
817518.160746055,8
817677.6504435537,8
817837.1401410523,8
817996.629838551,8
818156.1195360497,8
818315.6092335483,8
818475.098931047,9
818634.5886285456,8
818794.0783260444,8
818953.5680235431,8
819113.0577210417,8
819272.5474185403,8
819432.0371160391,8
819591.5268135378,8
819751.0165110364,8
819910.506208535,8
820069.9959060338,8
820229.4856035325,8
820388.9753010311,8
820548.4649985298,7
820707.9546960285,7
820867.4443935271,7
821026.9340910258,7
821186.4237885245,7
821345.9134860231,7
821505.4031835219,7
821664.8928810206,7
821824.3825785192,8
821983.8722760179,8
822143.3619735165,7
822302.8516710151,7
822462.3413685139,7
822621.8310660125,7
822781.3207635112,6
822940.8104610099,8
823100.3001585086,8
823259.7898560073,8
823419.2795535059,8
823578.7692510047,8
823738.2589485033,8
823897.7486460019,8
824057.2383435006,8
824216.7280409993,8
824376.217738498,8
824535.7074359966,8
824695.1971334954,8
824854.686830994,8
825014.1765284927,7
825173.6662259913,7
825333.1559234901,7
825492.6456209887,6
825652.1353184873,6
825811.625015986,7
825971.1147134848,7
826130.6044109834,7
826290.0941084821,7
826449.5838059807,7
826609.0735034795,7
826768.5632009781,7
826928.0528984767,8
827087.5425959755,7
827247.0322934741,7
827406.5219909728,6
827566.0116884714,6
827725.5013859702,6
827884.9910834688,6
828044.4807809675,6
828203.9704784661,7
828363.4601759649,7
828522.9498734635,7
828682.4395709622,7
828841.929268461,7
829001.4189659596,7
829160.9086634582,7
829320.3983609569,7
829479.8880584555,7
829639.3777559543,7
829798.8674534529,6
829958.3571509515,8
830117.8468484503,8
830277.3365459489,8
830436.8262434476,8
830596.3159409463,8
830755.805638445,7
830915.2953359436,7
831074.7850334423,7
831234.2747309409,8
831393.7644284397,7
831553.2541259383,7
831712.743823437,8
831872.2335209358,8
832031.7232184344,8
832191.212915933,8
832350.7026134317,8
832510.1923109303,8
832669.6820084291,8
832829.1717059277,8
832988.6614034263,8
833148.151100925,8
833307.6407984237,9
833467.1304959224,8
833626.6201934211,7
833786.1098909198,8
833945.5995884185,8
834105.0892859171,8
834264.5789834157,8
834424.0686809145,8
834583.5583784131,8
834743.0480759118,9
834902.5377734106,8
835062.0274709091,9
835221.5171684078,9
835381.0068659065,9
835540.4965634051,10
835699.9862609039,9
835859.4759584025,9
836018.9656559012,9
836178.4553533999,9
836337.9450508985,10
836497.4347483972,9
836656.924445896,11
836816.4141433946,11
836975.9038408932,9
837135.3935383919,9
837294.8832358907,9
837454.3729333893,9
837613.8626308879,9
837773.3523283866,9
837932.8420258854,9
838092.331723384,10
838251.8214208826,9
838411.3111183813,8
838570.80081588,9
838730.2905133787,9
838889.7802108773,9
839049.269908376,10
839208.7596058748,9
839368.2493033734,9
839527.739000872,9
839687.2286983707,9
839846.7183958694,9
840006.208093368,9
840165.6977908667,9
840325.1874883655,9
840484.6771858641,9
840644.1668833628,8
840803.6565808614,8
840963.1462783602,8
841122.6359758588,8
841282.1256733574,8
841441.6153708561,8
841601.1050683548,12
841760.5947658535,9
841920.0844633521,9
842079.5741608508,9
842239.0638583495,9
842398.5535558482,8
842558.0432533468,8
842717.5329508455,9
842877.0226483442,8
843036.5123458429,8
843196.0020433415,8
843355.4917408403,8
843514.9814383389,8
843674.4711358375,9
843833.9608333362,8
843993.450530835,8
844152.9402283336,8
844312.4299258322,9
844471.9196233309,9
844631.4093208297,9
844790.8990183283,9
844950.3887158269,9
845109.8784133256,9
845269.3681108243,9
845428.857808323,10
845588.3475058216,10
845747.8372033203,10
845907.3269008191,10
846066.8165983177,10
846226.3062958163,10
846385.795993315,10
846545.2856908137,10
846704.7753883123,10
846864.265085811,11
847023.7547833098,10
847183.2444808084,10
847342.734178307,10
847502.2238758057,10
847661.7135733045,11
847821.2032708031,11
847980.6929683017,10
848140.1826658004,10
848299.6723632992,10
848459.1620607978,10
848618.6517582964,11
848778.1414557952,11
848937.6311532938,10
849097.1208507925,10
849256.6105482911,10
849416.1002457899,10
849575.5899432885,10
849735.0796407871,10
849894.5693382858,10
850054.0590357846,10
850213.5487332832,9
850373.0384307818,10
850532.5281282805,10
850692.0178257793,10
850851.5075232779,10
851010.9972207765,10
851170.4869182752,10
851329.976615774,10
851489.4663132726,10
851648.9560107712,10
851808.44570827,10
851967.9354057686,10
852127.4251032673,10
852286.9148007659,10
852446.4044982647,12
852605.8941957633,11
852765.3838932619,10
852924.8735907606,10
853084.3632882594,9
853243.852985758,9
853403.3426832567,9
853562.8323807553,9
853722.3220782541,9
853881.8117757527,10
854041.3014732513,9
854200.79117075,9
854360.2808682488,9
854519.7705657474,10
854679.260263246,11
854838.7499607448,10
854998.2396582435,11
855157.7293557421,10
855317.2190532407,10
855476.7087507395,11
855636.1984482381,10
855795.6881457367,10
855955.1778432354,10
856114.6675407342,10
856274.1572382328,10
856433.6469357315,10
856593.1366332301,10
856752.6263307289,10
856912.1160282275,10
857071.6057257262,10
857231.0954232248,10
857390.5851207236,10
857550.0748182222,11
857709.5645157208,10
857869.0542132196,10
858028.5439107183,11
858188.0336082169,11
858347.5233057155,11
858507.0130032143,13
858666.502700713,12
858825.9923982116,11
858985.4820957102,9
859144.971793209,9
859304.4614907076,9
859463.9511882062,9
859623.440885705,10
859782.9305832037,10
859942.4202807023,9
860101.909978201,10
860261.3996756996,9
860420.8893731984,10
860580.3790706971,11
860739.8687681956,10
860899.3584656944,10
861058.8481631931,9
861218.3378606917,8
861377.8275581903,8
861537.3172556891,9
861696.8069531878,10
861856.2966506864,10
862015.786348185,8
862175.2760456838,11
862334.7657431825,9
862494.2554406812,9
862653.7451381797,9
862813.2348356785,8
862972.7245331772,8
863132.2142306758,9
863291.7039281745,9
863451.1936256732,8
863610.6833231719,8
863770.1730206704,8
863929.6627181692,9
864089.1524156679,7
864248.6421131665,7
864408.1318106651,7
864567.6215081639,7
864727.1112056626,6
864886.6009031612,7
865046.0906006598,7
865205.5802981586,7
865365.0699956573,7
865524.559693156,7
865684.0493906547,8
865843.5390881533,7
866003.028785652,7
866162.5184831506,6
866322.0081806493,7
866481.497878148,7
866640.9875756466,7
866800.4772731453,7
866959.966970644,9
867119.4566681427,12
867278.9463656414,10
867438.4360631399,7
867597.9257606387,11
867757.4154581374,11
867916.905155636,11
868076.3948531346,9
868235.8845506334,7
868395.3742481321,8
868554.8639456307,9
868714.3536431295,8
868873.8433406281,8
869033.3330381268,6
869192.8227356254,9
869352.312433124,8
869511.8021306228,6
869671.2918281214,6
869830.7815256201,7
869990.2712231189,7
870149.7609206175,7
870309.2506181162,7
870468.7403156149,8
870628.2300131135,8
870787.7197106122,8
870947.2094081108,8
871106.6991056094,11
871266.1888031082,8
871425.6785006069,8
871585.1681981055,8
871744.6578956043,8
871904.1475931029,9
872063.6372906016,12
872223.1269881002,12
872382.6166855989,8
872542.1063830976,7
872701.5960805963,7
872861.085778095,7
873020.5754755937,6
873180.0651730923,7
873339.554870591,7
873499.0445680897,7
873658.5342655883,8
873818.023963087,8
873977.5136605857,8
874137.0033580842,8
874296.493055583,7
874455.9827530817,7
874615.4724505803,7
874774.9621480791,7
874934.4518455777,9
875093.9415430764,10
875253.431240575,10
875412.9209380737,9
875572.4106355724,6
875731.9003330711,9
875891.3900305697,9
876050.8797280685,6
876210.3694255671,6
876369.8591230657,7
876529.3488205645,8
876688.8385180631,9
876848.3282155618,8
877007.8179130605,8
877167.307610559,8
877326.7973080578,8
877486.2870055565,8
877645.7767030551,8
877805.2664005539,8
877964.7560980525,8
878124.2457955512,9
878283.7354930498,8
878443.2251905485,8
878602.7148880472,9
878762.2045855459,9
878921.6942830445,9
879081.1839805432,8
879240.6736780419,8
879400.1633755406,10
879559.6530730393,10
879719.1427705379,10
879878.6324680366,10
880038.1221655353,10
880197.611863034,10
880357.1015605326,10
880516.5912580313,10
880676.0809555299,10
880835.5706530287,10
880995.0603505273,9
881154.550048026,9
881314.0397455246,9
881473.5294430234,9
881633.019140522,9
881792.5088380207,11
881951.9985355193,9
882111.488233018,11
882270.9779305167,11
882430.4676280154,11
882589.957325514,9
882749.4470230128,9
882908.9367205114,8
883068.4264180101,8
883227.9161155088,8
883387.4058130074,7
883546.8955105061,7
883706.3852080047,7
883865.8749055035,7
884025.3646030021,7
884184.8543005008,9
884344.3439979996,6
884503.8336954982,6
884663.3233929968,8
884822.8130904955,9
884982.3027879942,9
885141.7924854928,10
885301.2821829915,12
885460.7718804902,11
885620.2615779889,10
885779.7512754875,10
885939.2409729862,8
886098.730670485,8
886258.2203679836,8
886417.7100654822,8
886577.1997629809,9
886736.6894604795,9
886896.1791579782,9
887055.6688554769,9
887215.1585529756,9
887374.6482504744,9
887534.137947973,10
887693.6276454716,9
887853.1173429703,9
888012.6070404691,8
888172.0967379677,9
888331.5864354663,9
888491.076132965,9
888650.5658304637,9
888810.0555279623,9
888969.545225461,8
889129.0349229597,8
889288.5246204584,7
889448.014317957,8
889607.5040154557,7
889766.9937129543,8
889926.483410453,7
890085.9731079517,7
890245.4628054504,7
890404.9525029492,7
890564.4422004478,7
890723.9318979464,7
890883.4215954451,7
891042.9112929439,7
891202.4009904425,7
891361.8906879411,7
891521.3803854398,7
891680.8700829386,7
891840.3597804371,7
891999.8494779358,7
892159.3391754346,9
892318.8288729332,11
892478.3185704318,11
892637.8082679305,7
892797.2979654291,7
892956.7876629278,11
893116.2773604265,7
893275.7670579252,8
893435.256755424,7
893594.7464529226,9
893754.2361504212,8
893913.7258479199,10
894073.2155454187,8
894232.7052429173,8
894392.1949404159,8
894551.6846379146,8
894711.1743354134,8
894870.6640329119,8
895030.1537304106,8
895189.6434279094,9
895349.133125408,9
895508.6228229066,8
895668.1125204053,11
895827.602217904,9
895987.0919154027,9
896146.5816129013,9
896306.0713104,9
896465.5610078988,9
896625.0507053974,9
896784.540402896,9
896944.0301003947,9
897103.5197978935,9
897263.0094953921,8
897422.4991928907,8
897581.9888903894,9
897741.4785878882,8
897900.9682853867,8
898060.4579828854,8
898219.9476803842,7
898379.4373778829,8
898538.9270753816,7
898698.4167728801,7
898857.9064703787,7
899017.3961678775,7
899176.8858653761,8
899336.3755628748,8
899495.8652603736,7
899655.3549578723,6
899814.8446553708,7
899974.3343528695,6
900133.8240503683,6
900293.3137478669,6
900452.8034453655,7
900612.2931428642,6
900771.782840363,7
900931.2725378615,7
901090.7622353602,6
901250.251932859,7
901409.7416303577,7
901569.2313278564,7
901728.7210253549,6
901888.2107228537,6
902047.7004203524,6
902207.190117851,7
902366.6798153496,7
902526.1695128484,7
902685.659210347,7
902845.1489078456,7
903004.6386053443,6
903164.1283028431,6
903323.6180003417,7
903483.1076978403,7
903642.597395339,7
903802.0870928378,6
903961.5767903364,7
904121.066487835,6
904280.5561853338,7
904440.0458828325,7
904599.5355803312,8
904759.0252778297,7
904918.5149753285,9
905078.0046728272,6
905237.4943703259,7
905396.9840678244,8
905556.4737653232,6
905715.9634628219,7
905875.4531603205,9
906034.9428578191,8
906194.4325553179,8
906353.9222528165,12
906513.4119503151,9
906672.9016478139,13
906832.3913453126,11
906991.8810428112,6
907151.3707403099,7
907310.8604378086,10
907470.3501353073,10
907629.839832806,9
907789.3295303045,7
907948.8192278033,7
908108.308925302,7
908267.7986228007,7
908427.2883202992,7
908586.778017798,6
908746.2677152967,6
908905.7574127953,6
909065.247110294,6
909224.7368077927,6
909384.2265052914,7
909543.7162027899,7
909703.2059002887,7
909862.6955977874,6
910022.185295286,6
910181.6749927847,6
910341.1646902834,6
910500.6543877821,6
910660.1440852807,6
910819.6337827793,6
910979.1234802781,6
911138.6131777768,6
911298.1028752755,6
911457.592572774,6
911617.0822702728,6
911776.5719677715,6
911936.0616652701,6
912095.5513627687,6
912255.0410602675,6
912414.5307577662,6
912574.0204552648,7
912733.5101527636,7
912892.9998502622,7
913052.4895477608,7
913211.9792452594,6
913371.4689427582,6
913530.9586402569,6
913690.4483377555,6
913849.9380352541,6
914009.4277327529,10
914168.9174302516,6
914328.4071277503,11
914487.8968252488,6
914647.3865227476,6
914806.8762202463,5
914966.3659177449,5
915125.8556152435,6
915285.3453127423,6
915444.835010241,5
915604.3247077396,11
915763.8144052384,7
915923.304102737,8
916082.7938002357,5
916242.2834977343,7
916401.773195233,6
916561.2628927317,6
916720.7525902303,7
916880.2422877289,10
917039.7319852277,11
917199.2216827264,8
917358.711380225,7
917518.2010777236,8
917677.6907752224,8
917837.1804727211,7
917996.6701702197,9
918156.1598677184,10
918315.6495652171,7
918475.1392627157,7
918634.6289602144,12
918794.1186577132,7
918953.6083552118,9
919113.0980527105,8
919272.5877502091,12
919432.0774477078,7
919591.5671452065,7
919751.0568427051,7
919910.5465402039,7
920070.0362377025,8
920229.5259352012,7
920389.0156326998,8
920548.5053301984,7
920707.9950276972,7
920867.4847251959,8
921026.9744226945,11
921186.4641201932,11
921345.9538176919,8
921505.4435151906,9
921664.9332126892,11
921824.422910188,6
921983.9126076866,6
922143.4023051853,6
922302.892002684,6
922462.3817001826,6
922621.8713976813,6
922781.36109518,6
922940.8507926787,6
923100.3404901773,6
923259.830187676,6
923419.3198851747,6
923578.8095826734,6
923738.299280172,6
923897.7889776707,9
924057.2786751695,6
924216.768372668,6
924376.2580701667,6
924535.7477676654,8
924695.237465164,6
924854.7271626628,6
925014.2168601614,6
925173.70655766,8
925333.1962551587,6
925492.6859526574,6
925652.1756501561,6
925811.6653476548,6
925971.1550451535,6
926130.6447426521,6
926290.1344401508,8
926449.6241376495,7
926609.1138351482,6
926768.6035326468,6
926928.0932301455,7
927087.5829276443,8
927247.0726251428,7
927406.5623226415,8
927566.0520201402,7
927725.5417176388,7
927885.0314151375,8
928044.5211126362,7
928204.0108101348,8
928363.5005076336,9
928522.9902051322,7
928682.4799026309,7
928841.9696001296,7
929001.4592976283,8
929160.9489951269,7
929320.4386926256,8
929479.9283901243,8
929639.418087623,9
929798.9077851216,8
929958.3974826203,9
930117.887180119,7
930277.3768776177,7
930436.8665751163,7
930596.356272615,6
930755.8459701136,6
930915.3356676123,6
931074.825365111,6
931234.3150626096,6
931393.8047601084,6
931553.2944576071,7
931712.7841551057,7
931872.2738526044,7
932031.7635501031,8
932191.2532476017,7
932350.7429451004,7
932510.2326425991,9
932669.7223400978,10
932829.2120375964,9
932988.7017350951,9
933148.1914325939,9
933307.6811300925,9
933467.1708275911,9
933626.6605250898,8
933786.1502225886,9
933945.6399200871,11
934105.1296175858,9
934264.6193150845,8
934424.1090125832,8
934583.5987100819,9
934743.0884075805,8
934902.5781050791,7
935062.0678025779,8
935221.5575000765,8
935381.0471975752,7
935540.536895074,7
935700.0265925725,7
935859.5162900712,7
936019.0059875699,7
936178.4956850687,7
936337.9853825673,6
936497.4750800659,6
936656.9647775646,7
936816.4544750634,6
936975.9441725619,6
937135.4338700606,6
937294.9235675593,6
937454.4132650581,6
937613.9029625567,7
937773.3926600553,6
937932.8823575539,6
938092.3720550527,7
938251.8617525513,7
938411.35145005,7
938570.8411475488,7
938730.3308450473,7
938889.820542546,7
939049.3102400447,7
939208.7999375435,6
939368.2896350421,6
939527.7793325407,6
939687.2690300394,6
939846.7587275382,6
940006.2484250367,6
940165.7381225354,6
940325.2278200341,7
940484.7175175329,7
940644.2072150315,7
940803.6969125301,7
940963.1866100288,6
941122.6763075276,5
941282.1660050262,5
941441.6557025248,6
941601.1454000236,5
941760.635097522,6
941920.1247950208,7
942079.6144925195,6
942239.1041900183,6
942398.5938875169,6
942558.0835850155,6
942717.5732825142,5
942877.0629800129,4
943036.5526775115,5
943196.0423750102,4
943355.5320725089,4
943515.0217700077,6
943674.5114675063,5
943834.0011650049,6
943993.4908625036,7
944152.9805600024,7
944312.470257501,7
944471.9599549997,7
944631.4496524984,6
944790.9393499971,6
944950.4290474956,6
945109.9187449943,7
945269.4084424931,7
945428.8981399917,6
945588.3878374903,7
945747.877534989,6
945907.3672324878,6
946066.8569299863,6
946226.346627485,6
946385.8363249837,6
946545.3260224825,6
946704.8157199811,7
946864.3054174797,9
947023.7951149784,11
947183.2848124772,10
947342.7745099759,7
947502.2642074744,9
947661.7539049732,8
947821.2436024719,7
947980.7332999705,8
948140.2229974691,7
948299.7126949679,8
948459.2023924666,9
948618.6920899651,6
948778.1817874638,5
948937.6714849626,6
949097.1611824612,5
949256.6508799598,6
949416.1405774585,7
949575.6302749573,7
949735.1199724559,7
949894.6096699545,7
950054.0993674533,7
950213.589064952,7
950373.0787624507,7
950532.5684599492,7
950692.058157448,8
950851.5478549467,5
951011.0375524453,5
951170.5272499439,5
951330.0169474427,5
951489.5066449414,5
951648.99634244,6
951808.4860399386,5
951967.9757374374,5
952127.465434936,7
952286.9551324346,7
952446.4448299333,6
952605.9345274321,6
952765.4242249308,6
952924.9139224293,7
953084.403619928,6
953243.8933174268,4
953403.3830149254,6
953562.872712424,7
953722.3624099228,5
953881.8521074215,5
954041.3418049202,5
954200.8315024187,5
954360.3211999175,5
954519.8108974162,5
954679.3005949149,5
954838.7902924134,5
954998.2799899122,6
955157.7696874108,4
955317.2593849096,4
955476.7490824081,3
955636.2387799069,4
955795.7284774055,6
955955.2181749041,6
956114.7078724029,6
956274.1975699016,5
956433.6872674003,5
956593.176964899,4
956752.6666623976,4
956912.1563598963,5
957071.646057395,5
957231.1357548935,5
957390.6254523923,5
957550.115149891,5
957709.6048473896,5
957869.0945448882,5
958028.584242387,7
958188.0739398857,7
958347.5636373843,7
958507.0533348831,8
958666.5430323817,6
958826.0327298804,7
958985.522427379,6
959145.0121248777,6
959304.5018223764,6
959463.991519875,5
959623.4812173736,6
959782.9709148724,5
959942.4606123711,5
960101.9503098697,4
960261.4400073683,7
960420.9297048671,5
960580.4194023658,4
960739.9090998645,5
960899.3987973632,5
961058.8884948618,5
961218.3781923604,7
961377.8678898592,5
961537.3575873579,6
961696.8472848565,6
961856.3369823552,6
962015.8266798538,5
962175.3163773525,5
962334.8060748512,5
962494.2957723499,6
962653.7854698484,6
962813.2751673472,5
962972.7648648458,6
963132.2545623444,5
963291.7442598433,4
963451.2339573419,4
963610.7236548406,6
963770.2133523392,6
963929.7030498378,4
964089.1927473366,4
964248.6824448353,5
964408.1721423339,5
964567.6618398327,4
964727.1515373313,5
964886.64123483,6
965046.1309323286,6
965205.6206298274,5
965365.110327326,6
965524.6000248246,6
965684.0897223232,6
965843.5794198221,6
966003.0691173207,6
966162.5588148193,5
966322.0485123179,5
966481.5382098167,6
966641.0279073154,8
966800.517604814,6
966960.0073023128,9
967119.4969998114,4
967278.9866973101,7
967438.4763948089,4
967597.9660923075,4
967757.455789806,4
967916.9454873047,5
968076.4351848034,7
968235.9248823021,4
968395.4145798008,4
968554.9042772995,4
968714.3939747981,4
968873.8836722968,4
969033.3733697955,4
969192.8630672942,4
969352.3527647929,3
969511.8424622915,3
969671.3321597902,5
969830.8218572888,3
969990.3115547874,4
970149.8012522862,4
970309.2909497849,4
970468.7806472835,4
970628.2703447822,4
970787.7600422809,4
970947.2497397796,4
971106.7394372782,4
971266.229134777,4
971425.7188322756,4
971585.2085297743,4
971744.6982272728,4
971904.1879247717,4
972063.6776222703,4
972223.1673197689,4
972382.6570172677,4
972542.1467147663,4
972701.636412265,4
972861.1261097636,4
973020.6158072624,5
973180.105504761,4
973339.5952022597,4
973499.0848997583,4
973658.5745972571,4
973818.0642947556,4
973977.5539922543,4
974137.0436897532,4
974296.5333872517,4
974456.0230847504,4
974615.512782249,4
974775.0024797478,4
974934.4921772464,4
975093.9818747451,4
975253.4715722438,4
975412.9612697425,4
975572.4509672411,4
975731.9406647398,4
975891.4303622385,4
976050.9200597372,4
976210.4097572358,4
976369.8994547345,4
976529.3891522333,4
976688.8788497318,5
976848.3685472305,8
977007.8582447292,8
977167.3479422278,4
977326.8376397265,4
977486.3273372252,6
977645.8170347239,4
977805.3067322226,4
977964.7964297213,4
978124.2861272199,4
978283.7758247186,4
978443.2655222171,4
978602.7552197159,4
978762.2449172146,4
978921.7346147132,4
979081.224312212,4
979240.7140097106,3
979400.2037072093,3
979559.693404708,3
979719.1831022067,3
979878.6727997053,3
980038.162497204,3
980197.6521947028,3
980357.1418922014,3
980516.6315897,3
980676.1212871986,3
980835.6109846974,4
980995.100682196,3
981154.5903796947,4
981314.0800771933,4
981473.5697746921,4
981633.0594721907,5
981792.5491696894,5
981952.0388671882,4
982111.5285646868,6
982271.0182621854,4
982430.5079596841,4
982589.9976571827,5
982749.4873546814,6
982908.9770521802,5
983068.4667496788,6
983227.9564471776,5
983387.4461446763,6
983546.9358421748,6
983706.4255396735,5
983865.9152371722,6
984025.4049346708,7
984184.8946321695,6
984344.3843296682,7
984503.8740271667,6
984663.3637246656,8
984822.8534221642,7
984982.343119663,7
985141.8328171615,7
985301.3225146602,7
985460.8122121589,8
985620.3019096577,7
985779.7916071563,7
985939.2813046549,8
986098.7710021536,8
986258.2606996524,9
986417.750397151,9
986577.2400946496,8
986736.7297921483,8
986896.2194896471,8
987055.7091871458,8
987215.1988846443,7
987374.6885821429,7
987534.1782796417,7
987693.6679771403,7
987853.157674639,8
988012.6473721378,7
988172.1370696364,7
988331.626767135,7
988491.1164646337,7
988650.6061621323,6
988810.095859631,6
988969.5855571297,6
989129.0752546284,6
989288.5649521272,6
989448.0546496258,6
989607.5443471244,6
989767.0340446231,7
989926.5237421219,7
990086.0134396205,8
990245.5031371191,6
990404.9928346178,6
990564.4825321166,5
990723.9722296152,6
990883.4619271138,6
991042.9516246126,5
991202.4413221111,5
991361.9310196098,6
991521.4207171085,5
991680.9104146073,6
991840.4001121058,6
991999.8898096045,5
992159.3795071032,5
992318.869204602,5
992478.3589021006,5
992637.8485995992,5
992797.338297098,6
992956.8279945967,6
993116.3176920954,5
993275.8073895939,4
993435.2970870927,5
993594.7867845914,5
993754.27648209,3
993913.7661795886,4
994073.2558770874,3
994232.7455745861,3
994392.2352720846,3
994551.7249695833,3
994711.2146670821,3
994870.7043645808,4
995030.1940620793,4
995189.683759578,5
995349.1734570768,4
995508.6631545754,5
995668.152852074,4
995827.6425495727,3
995987.1322470715,2
996146.6219445701,3
996306.1116420687,3
996465.6013395675,2
996625.0910370662,2
996784.5807345648,3
996944.0704320634,3
997103.5601295622,4
997263.0498270609,5
997422.5395245596,5
997582.0292220581,5
997741.5189195569,6
997901.0086170554,6
998060.4983145541,6
998219.9880120528,4
998379.4777095516,5
998538.9674070503,4
998698.4571045488,6
998857.9468020475,6
999017.4364995463,6
999176.926197045,5
999336.4158945435,5
999495.9055920423,5
999655.395289541,4
999814.8849870395,6
999974.3746845382,6
1000133.864382037,6
1000293.3540795357,4
1000452.8437770343,5
1000612.333474533,6
1000771.8231720317,6
1000931.3128695304,5
1001090.802567029,5
1001250.2922645276,5
1001409.7819620264,5
1001569.2716595251,5
1001728.7613570236,5
1001888.2510545223,5
1002047.7407520211,5
1002207.2304495197,5
1002366.7201470183,5
1002526.209844517,5
1002685.6995420158,5
1002845.1892395144,6
1003004.678937013,6
1003164.1686345118,6
1003323.6583320105,5
1003483.1480295092,5
1003642.6377270079,6
1003802.1274245065,6
1003961.6171220052,5
1004121.1068195039,5
1004280.5965170024,5
1004440.0862145012,5
1004599.5759119999,5
1004759.0656094985,5
1004918.5553069972,5
1005078.0450044959,5
1005237.5347019946,5
1005397.0243994931,5
1005556.5140969919,5
1005716.0037944906,5
1005875.4934919891,5
1006034.983189488,5
1006194.4728869866,4
1006353.9625844853,4
1006513.4522819839,5
1006672.9419794828,5
1006832.4316769813,4
1006991.92137448,5
1007151.4110719786,5
1007310.9007694772,5
1007470.390466976,5
1007629.8801644747,7
1007789.3698619733,5
1007948.859559472,5
1008108.3492569707,5
1008267.8389544693,5
1008427.3286519682,5
1008586.8183494667,6
1008746.3080469654,7
1008905.797744464,6
1009065.2874419626,5
1009224.7771394614,6
1009384.2668369601,6
1009543.7565344588,4
1009703.2462319575,4
1009862.7359294561,5
1010022.2256269547,5
1010181.7153244535,6
1010341.2050219522,6
1010500.6947194508,6
1010660.1844169495,6
1010819.6741144481,6
1010979.1638119468,6
1011138.6535094456,7
1011298.1432069442,8
1011457.6329044428,8
1011617.1226019415,8
1011776.6122994402,9
1011936.1019969389,9
1012095.5916944375,7
1012255.0813919362,6
1012414.5710894349,6
1012574.0607869335,8
1012733.5504844321,9
1012893.0401819309,8
1013052.5298794296,8
1013212.0195769282,8
1013371.5092744268,8
1013530.9989719256,9
1013690.4886694243,9
1013849.9783669229,12
1014009.4680644216,12
1014168.9577619203,11
1014328.4474594189,9
1014487.9371569178,9
1014647.4268544164,9
1014806.916551915,9
1014966.4062494136,9
1015125.8959469124,9
1015285.385644411,9
1015444.8753419097,9
1015604.3650394083,10
1015763.8547369071,10
1015923.3444344057,9
1016082.8341319044,11
1016242.3238294031,9
1016401.8135269018,9
1016561.3032244004,8
1016720.792921899,9
1016880.2826193977,7
1017039.7723168964,7
1017199.2620143952,8
1017358.7517118938,7
1017518.2414093924,8
1017677.7311068911,9
1017837.2208043898,8
1017996.7105018885,7
1018156.2001993872,9
1018315.6898968858,9
1018475.1795943845,8
1018634.6692918831,9
1018794.1589893817,10
1018953.6486868806,12
1019113.1383843792,11
1019272.6280818778,8
1019432.1177793765,9
1019591.6074768752,9
1019751.0971743739,9
1019910.5868718725,7
1020070.0765693712,8
1020229.5662668699,8
1020389.0559643686,9
1020548.5456618671,7
1020708.035359366,8
1020867.5250568646,9
1021027.0147543633,10
1021186.504451862,10
1021345.9941493606,9
1021505.4838468593,9
1021664.973544358,8
1021824.4632418567,7
1021983.9529393553,7
1022143.442636854,7
1022302.9323343528,7
1022462.4220318514,7
1022621.91172935,6
1022781.4014268486,7
1022940.8911243475,7
1023100.380821846,7
1023259.8705193447,7
1023419.3602168433,11
1023578.849914342,8
1023738.3396118407,7
1023897.8293093394,8
1024057.319006838,7
1024216.8087043368,9
1024376.2984018354,12
1024535.7880993341,10
1024695.2777968328,11
1024854.7674943315,10
1025014.2571918302,9
1025173.7468893288,9
1025333.2365868276,9
1025492.726284326,9
1025652.2159818248,10
1025811.7056793235,11
1025971.1953768223,10
1026130.6850743209,9
1026290.1747718195,9
1026449.6644693182,10
1026609.1541668169,9
1026768.6438643156,9
1026928.1335618142,7
1027087.6232593129,10
1027247.1129568114,7
1027406.6026543102,9
1027566.0923518089,8
1027725.5820493076,7
1027885.0717468063,8
1028044.5614443049,9
1028204.0511418036,8
1028363.5408393024,7
1028523.030536801,8
1028682.5202342996,7
1028842.0099317983,7
1029001.4996292971,7
1029160.9893267956,9
1029320.4790242943,9
1029479.968721793,9
1029639.4584192917,8
1029798.9481167903,8
1029958.437814289,9
1030117.9275117876,10
1030277.4172092864,10
1030436.906906785,11
1030596.3966042837,10
1030755.8863017824,9
1030915.3759992811,9
1031074.8656967797,8
1031234.3553942784,8
1031393.8450917772,8
1031553.3347892757,8
1031712.8244867745,8
1031872.3141842731,8
1032031.8038817719,8
1032191.2935792705,7
1032350.7832767691,7
1032510.2729742678,8
1032669.7626717666,8
1032829.2523692652,8
1032988.7420667638,8
1033148.2317642625,8
1033307.721461761,8
1033467.2111592599,8
1033626.7008567585,8
1033786.1905542572,8
1033945.6802517558,8
1034105.1699492545,8
1034264.6596467532,8
1034424.149344252,8
1034583.6390417506,7
1034743.1287392492,8
1034902.6184367479,8
1035062.1081342467,8
1035221.5978317452,9
1035381.0875292439,10
1035540.5772267426,10
1035700.0669242413,9
1035859.5566217399,10
1036019.0463192386,10
1036178.5360167373,10
1036338.0257142361,10
1036497.5154117347,9
1036657.0051092333,9
1036816.494806732,9
1036975.9845042307,9
1037135.4742017293,9
1037294.963899228,9
1037454.4535967268,9
1037613.9432942253,9
1037773.432991724,9
1037932.9226892227,10
1038092.4123867215,9
1038251.9020842201,9
1038411.3917817187,7
1038570.8814792174,7
1038730.3711767162,7
1038889.8608742148,7
1039049.3505717134,8
1039208.8402692121,7
1039368.3299667109,7
1039527.8196642096,7
1039687.3093617081,7
1039846.7990592069,7
1040006.2887567056,7
1040165.7784542043,7
1040325.2681517028,8
1040484.7578492016,7
1040644.2475467002,7
1040803.7372441988,7
1040963.2269416975,7
1041122.7166391963,7
1041282.2063366948,7
1041441.6960341935,7
1041601.1857316922,7
1041760.675429191,7
1041920.1651266895,7
1042079.6548241882,7
1042239.144521687,8
1042398.6342191857,9
1042558.1239166843,9
1042717.6136141829,10
1042877.1033116817,8
1043036.5930091804,9
1043196.082706679,8
1043355.5724041776,8
1043515.0621016764,8
1043674.5517991751,8
1043834.0414966738,8
1043993.5311941723,9
1044153.0208916711,9
1044312.5105891697,9
1044472.0002866683,8
1044631.489984167,9
1044790.9796816658,9
1044950.4693791644,9
1045109.959076663,10
1045269.4487741617,9
1045428.9384716605,9
1045588.4281691592,9
1045747.9178666577,9
1045907.4075641565,9
1046066.8972616552,9
1046226.3869591539,9
1046385.8766566524,9
1046545.3663541512,7
1046704.8560516499,7
1046864.3457491484,7
1047023.8354466471,9
1047183.3251441459,8
1047342.8148416446,7
1047502.3045391431,6
1047661.7942366418,7
1047821.2839341406,8
1047980.7736316392,8
1048140.2633291378,9
1048299.7530266366,9
1048459.2427241353,9
1048618.732421634,8
1048778.2221191325,8
1048937.7118166313,8
1049097.20151413,7
1049256.6912116287,8
1049416.1809091272,8
1049575.670606626,7
1049735.1603041247,7
1049894.6500016232,7
1050054.139699122,7
1050213.6293966207,7
1050373.1190941194,7
1050532.6087916181,7
1050692.0984891169,8
1050851.5881866154,7
1051011.0778841139,7
1051170.5675816126,7
1051330.0572791114,7
1051489.54697661,7
1051649.0366741088,7
1051808.5263716073,7
1051968.016069106,7
1052127.5057666048,7
1052286.9954641035,7
1052446.485161602,7
1052605.9748591008,7
1052765.4645565995,7
1052924.9542540982,7
1053084.4439515967,7
1053243.9336490955,7
1053403.4233465942,7
1053562.9130440927,7
1053722.4027415914,7
1053881.8924390902,7
1054041.382136589,7
1054200.8718340877,7
1054360.3615315864,7
1054519.851229085,8
1054679.3409265836,7
1054838.8306240821,6
1054998.3203215809,6
1055157.8100190796,6
1055317.2997165783,6
1055476.7894140768,6
1055636.2791115756,7
1055795.7688090743,6
1055955.2585065728,6
1056114.7482040715,7
1056274.2379015703,6
1056433.727599069,8
1056593.2172965677,8
1056752.7069940665,7
1056912.196691565,7
1057071.6863890635,8
1057231.1760865625,8
1057390.665784061,8
1057550.1554815597,8
1057709.6451790584,8
1057869.1348765572,7
1058028.6245740557,8
1058188.1142715544,7
1058347.6039690531,8
1058507.0936665516,8
1058666.5833640504,8
1058826.073061549,8
1058985.5627590478,8
1059145.0524565466,8
1059304.542154045,8
1059464.0318515438,7
1059623.5215490423,6
1059783.011246541,6
1059942.5009440398,6
1060101.9906415385,6
1060261.4803390373,6
1060420.9700365358,6
1060580.4597340345,8
1060739.9494315332,6
1060899.4391290317,7
1061058.9288265305,7
1061218.4185240292,8
1061377.908221528,8
1061537.3979190264,7
1061696.8876165252,7
1061856.377314024,7
1062015.8670115224,7
1062175.3567090211,6
1062334.8464065199,6
1062494.3361040186,7
1062653.8258015173,8
1062813.315499016,7
1062972.8051965146,7
1063132.294894013,7
1063291.784591512,7
1063451.2742890106,7
1063610.7639865093,7
1063770.253684008,7
1063929.7433815068,7
1064089.2330790053,7
1064248.722776504,7
1064408.2124740027,6
1064567.7021715012,7
1064727.191869,7
1064886.6815664987,6
1065046.1712639974,6
1065205.6609614962,6
1065365.1506589947,5
1065524.6403564932,5
1065684.130053992,6
1065843.6197514907,7
1066003.1094489894,6
1066162.5991464881,6
1066322.0888439869,6
1066481.5785414854,7
1066641.068238984,6
1066800.5579364828,6
1066960.0476339813,6
1067119.53733148,7
1067279.0270289788,7
1067438.5167264775,7
1067598.006423976,6
1067757.496121475,6
1067916.9858189735,7
1068076.4755164722,7
1068235.9652139707,7
1068395.4549114695,7
1068554.9446089682,7
1068714.434306467,7
1068873.9240039657,7
1069033.4137014642,7
1069192.903398963,7
1069352.3930964614,7
1069511.8827939602,7
1069671.372491459,7
1069830.8621889576,7
1069990.3518864564,7
1070149.8415839549,7
1070309.3312814536,8
1070468.820978952,7
1070628.3106764508,7
1070787.8003739496,7
1070947.2900714483,8
1071106.779768947,7
1071266.2694664458,7
1071425.7591639443,6
1071585.248861443,7
1071744.7385589418,8
1071904.2282564403,8
1072063.717953939,8
1072223.2076514377,8
1072382.6973489365,8
1072542.187046435,7
1072701.6767439337,7
1072861.1664414324,8
1073020.656138931,8
1073180.1458364297,7
1073339.6355339284,8
1073499.1252314271,7
1073658.6149289259,6
1073818.1046264246,6
1073977.594323923,7
1074137.0840214218,7
1074296.5737189204,7
1074456.063416419,7
1074615.5531139178,6
1074775.0428114166,7
1074934.5325089153,7
1075094.0222064138,8
1075253.5119039125,8
1075413.0016014113,8
1075572.4912989098,8
1075731.9809964085,8
1075891.4706939072,7
1076050.9603914057,7
1076210.4500889047,7
1076369.9397864032,7
1076529.4294839017,7
1076688.9191814004,7
1076848.4088788992,7
1077007.898576398,6
1077167.3882738966,6
1077326.8779713954,6
1077486.367668894,6
1077645.8573663926,6
1077805.3470638914,6
1077964.8367613899,6
1078124.3264588886,7
1078283.8161563873,6
1078443.305853886,7
1078602.7955513846,7
1078762.2852488833,7
1078921.774946382,7
1079081.2646438808,7
1079240.7543413795,7
1079400.244038878,7
1079559.7337363767,7
1079719.2234338755,7
1079878.713131374,7
1080038.2028288727,7
1080197.6925263715,7
1080357.18222387,7
1080516.6719213687,7
1080676.1616188674,7
1080835.6513163662,7
1080995.1410138647,7
1081154.6307113634,7
1081314.1204088621,7
1081473.6101063609,7
1081633.0998038594,7
1081792.589501358,7
1081952.0791988568,7
1082111.5688963556,7
1082271.0585938543,8
1082430.5482913528,8
1082590.0379888515,8
1082749.5276863503,8
1082909.0173838488,7
1083068.5070813475,7
1083227.9967788463,8
1083387.486476345,7
1083546.9761738435,7
1083706.4658713422,8
1083865.955568841,7
1084025.4452663395,7
1084184.9349638382,7
1084344.424661337,7
1084503.9143588357,7
1084663.4040563344,7
1084822.893753833,8
1084982.3834513316,8
1085141.8731488304,7
1085301.3628463289,8
1085460.8525438276,8
1085620.3422413263,8
1085779.831938825,7
1085939.3216363236,7
1086098.8113338223,6
1086258.301031321,7
1086417.7907288196,8
1086577.2804263183,8
1086736.770123817,8
1086896.2598213158,10
1087055.7495188143,9
1087215.239216313,9
1087374.7289138117,9
1087534.2186113105,10
1087693.708308809,9
1087853.1980063077,10
1088012.6877038064,10
1088172.1774013052,9
1088331.667098804,11
1088491.1567963024,8
1088650.6464938011,9
1088810.1361913,8
1088969.6258887986,9
1089129.1155862971,9
1089288.6052837959,9
1089448.0949812946,8
1089607.5846787933,8
1089767.074376292,8
1089926.5640737906,6
1090086.053771289,6
1090245.5434687878,8
1090405.0331662865,6
1090564.5228637853,6
1090724.012561284,6
1090883.5022587825,7
1091042.9919562812,8
1091202.48165378,8
1091361.9713512785,8
1091521.4610487772,8
1091680.950746276,8
1091840.4404437747,8
1091999.9301412732,9
1092159.419838772,7
1092318.9095362707,8
1092478.3992337694,8
1092637.8889312681,7
1092797.3786287666,6
1092956.8683262654,5
1093116.358023764,7
1093275.8477212628,8
1093435.3374187613,8
1093594.82711626,7
1093754.3168137586,7
1093913.8065112573,7
1094073.296208756,7
1094232.7859062548,7
1094392.2756037535,7
1094551.765301252,7
1094711.2549987508,7
1094870.7446962495,9
1095030.2343937482,9
1095189.7240912467,9
1095349.2137887455,8
1095508.7034862442,8
1095668.193183743,8
1095827.6828812414,9
1095987.1725787402,9
1096146.662276239,9
1096306.1519737374,8
1096465.6416712361,8
1096625.1313687349,8
1096784.6210662336,8
1096944.1107637323,8
1097103.6004612308,8
1097263.0901587296,8
1097422.5798562283,9
1097582.0695537268,9
1097741.5592512256,9
1097901.0489487243,8
1098060.5386462228,8
1098220.0283437215,8
1098379.5180412203,8
1098539.007738719,8
1098698.4974362177,8
1098857.9871337162,8
1099017.476831215,8
1099176.9665287137,8
1099336.4562262124,8
1099495.9459237112,7
1099655.4356212097,7
1099814.9253187082,7
1099974.4150162071,6
1100133.9047137056,6
1100293.3944112044,6
1100452.8841087031,7
1100612.3738062016,7
1100771.8635037004,8
1100931.353201199,8
1101090.8428986978,8
1101250.3325961963,7
1101409.822293695,7
1101569.3119911938,7
1101728.8016886925,7
1101888.2913861913,7
1102047.7810836898,7
1102207.2707811885,7
1102366.760478687,7
1102526.2501761857,6
1102685.7398736845,6
1102845.2295711832,6
1103004.719268682,6
1103164.2089661804,5
1103323.6986636792,6
1103483.188361178,6
1103642.6780586764,7
1103802.1677561752,7
1103961.657453674,7
1104121.1471511724,7
1104280.6368486711,7
1104440.1265461699,7
1104599.6162436686,7
1104759.105941167,7
1104918.5956386658,7
1105078.0853361646,7
1105237.5750336633,7
1105397.064731162,7
1105556.5544286608,7
1105716.0441261593,7
1105875.5338236578,8
1106035.0235211567,7
1106194.5132186553,7
1106354.002916154,7
1106513.4926136527,7
1106672.9823111515,7
1106832.47200865,7
1106991.9617061487,8
1107151.4514036474,7
1107310.941101146,6
1107470.4307986447,5
1107629.9204961434,5
1107789.4101936421,7
1107948.8998911409,6
1108108.3895886394,6
1108267.879286138,6
1108427.3689836366,6
1108586.8586811353,6
1108746.348378634,6
1108905.8380761328,6
1109065.3277736316,6
1109224.81747113,6
1109384.3071686288,6
1109543.7968661275,8
1109703.286563626,7
1109862.7762611248,6
1110022.2659586235,6
1110181.7556561222,6
1110341.2453536207,6
1110500.7350511197,6
1110660.2247486182,6
1110819.7144461167,6
1110979.2041436154,6
1111138.6938411142,6
1111298.183538613,5
1111457.6732361116,5
1111617.1629336104,5
1111776.6526311089,5
1111936.1423286074,6
1112095.6320261064,8
1112255.1217236049,7
1112414.6114211036,7
1112574.1011186023,7
1112733.590816101,8
1112893.0805135996,8
1113052.5702110983,8
1113212.059908597,8
1113371.5496060955,8
1113531.0393035943,6
1113690.529001093,5
1113850.0186985917,5
1114009.5083960905,5
1114168.998093589,6
1114328.4877910877,6
1114487.9774885862,6
1114647.467186085,6
1114806.9568835837,6
1114966.4465810824,6
1115125.9362785812,6
1115285.4259760797,6
1115444.9156735784,7
1115604.4053710771,7
1115763.8950685756,7
1115923.3847660744,7
1116082.874463573,7
1116242.3641610718,7
1116401.8538585703,7
1116561.3435560693,7
1116720.8332535678,7
1116880.3229510663,7
1117039.812648565,7
1117199.3023460638,7
1117358.7920435625,7
1117518.2817410612,8
1117677.77143856,9
1117837.2611360585,9
1117996.7508335572,9
1118156.240531056,8
1118315.7302285545,7
1118475.2199260532,7
1118634.709623552,7
1118794.1993210507,8
1118953.6890185492,7
1119113.178716048,7
1119272.6684135464,7
1119432.1581110451,7
1119591.6478085439,7
1119751.1375060426,7
1119910.6272035413,7
1120070.11690104,7
1120229.6065985386,7
1120389.096296037,7
1120548.585993536,7
1120708.0756910346,7
1120867.5653885333,7
1121027.055086032,7
1121186.5447835308,7
1121346.0344810293,7
1121505.524178528,7
1121665.0138760267,7
1121824.5035735252,7
1121983.993271024,7
1122143.4829685227,7
1122302.9726660214,7
1122462.4623635202,7
1122621.952061019,7
1122781.4417585174,7
1122940.931456016,6
1123100.4211535146,6
1123259.9108510134,6
1123419.400548512,6
1123578.8902460109,6
1123738.3799435096,6
1123897.869641008,6
1124057.3593385068,6
1124216.8490360053,6
1124376.338733504,6
1124535.8284310028,6
1124695.3181285015,7
1124854.8078260003,7
1125014.297523499,7
1125173.7872209975,6
1125333.2769184962,6
1125492.7666159947,7
1125652.2563134935,7
1125811.7460109922,6
1125971.235708491,7
1126130.7254059897,7
1126290.2151034882,7
1126449.7048009872,7
1126609.1944984857,7
1126768.6841959842,6
1126928.1738934831,6
1127087.6635909816,7
1127247.1532884804,7
1127406.642985979,8
1127566.1326834774,8
1127725.6223809763,7
1127885.1120784748,6
1128044.6017759736,6
1128204.0914734723,5
1128363.581170971,6
1128523.0708684698,6
1128682.5605659683,6
1128842.050263467,6
1129001.5399609657,6
1129161.0296584642,6
1129320.519355963,6
1129480.0090534617,6
1129639.4987509605,6
1129798.988448459,6
1129958.478145958,5
1130117.9678434564,5
1130277.4575409552,5
1130436.9472384537,5
1130596.4369359524,5
1130755.9266334511,5
1130915.4163309499,5
1131074.9060284486,5
1131234.395725947,5
1131393.8854234458,5
1131553.3751209443,5
1131712.864818443,5
1131872.3545159418,4
1132031.8442134405,4
1132191.3339109393,6
1132350.823608438,6
1132510.3133059365,5
1132669.8030034353,5
1132829.2927009338,5
1132988.7823984327,6
1133148.2720959312,5
1133307.76179343,5
1133467.2514909287,5
1133626.7411884274,5
1133786.230885926,5
1133945.7205834247,4
1134105.2102809232,3
1134264.699978422,2
1134424.1896759206,4
1134583.6793734194,3
1134743.1690709179,3
1134902.6587684166,3
1135062.1484659154,3
1135221.6381634139,3
1135381.1278609128,4
1135540.6175584113,3
1135700.10725591,2
1135859.5969534088,4
1136019.0866509075,4
1136178.576348406,4
1136338.0660459048,4
1136497.5557434033,5
1136657.045440902,4
1136816.5351384007,5
1136976.0248358995,5
1137135.5145333982,5
1137295.004230897,6
1137454.4939283954,5
1137613.9836258942,5
1137773.4733233927,4
1137932.9630208914,8
1138092.4527183902,4
1138251.942415889,4
1138411.4321133876,5
1138570.9218108861,4
1138730.4115083849,4
1138889.9012058834,5
1139049.390903382,7
1139208.8806008808,7
1139368.3702983796,7
1139527.8599958783,5
1139687.349693377,6
1139846.8393908755,4
1140006.3290883743,5
1140165.8187858728,8
1140325.3084833715,5
1140484.7981808702,6
1140644.287878369,5
1140803.7775758677,5
1140963.2672733665,5
1141122.756970865,5
1141282.2466683635,5
1141441.7363658624,5
1141601.226063361,6
1141760.7157608597,8
1141920.2054583584,6
1142079.6951558571,8
1142239.1848533556,7
1142398.6745508544,8
1142558.1642483529,7
1142717.6539458516,8
1142877.1436433503,8
1143036.633340849,7
1143196.1230383478,6
1143355.6127358465,6
1143515.102433345,5
1143674.5921308438,5
1143834.0818283423,5
1143993.571525841,5
1144153.0612233398,5
1144312.5509208385,5
1144472.0406183372,5
1144631.530315836,5
1144791.0200133345,5
1144950.509710833,5
1145109.9994083317,6
1145269.4891058304,5
1145428.9788033292,5
1145588.468500828,5
1145747.9581983266,5
1145907.4478958251,5
1146066.9375933239,6
1146226.4272908224,5
1146385.916988321,5
1146545.4066858198,5
1146704.8963833186,6
1146864.3860808173,5
1147023.875778316,5
1147183.3654758146,5
1147342.855173313,5
1147502.344870812,5
1147661.8345683105,5
1147821.3242658093,5
1147980.813963308,5
1148140.3036608067,5
1148299.7933583052,5
1148459.283055804,4
1148618.7727533025,5
1148778.2624508012,5
1148937.7521483,7
1149097.2418457987,7
1149256.7315432972,7
1149416.2212407961,7
1149575.7109382947,7
1149735.2006357932,7
1149894.690333292,6
1150054.1800307906,6
1150213.6697282894,5
1150373.159425788,5
1150532.6491232868,5
1150692.1388207856,5
1150851.628518284,5
1151011.1182157828,7
1151170.6079132813,5
1151330.09761078,10
1151489.5873082788,5
1151649.0770057775,6
1151808.5667032762,6
1151968.0564007747,6
1152127.5460982735,6
1152287.035795772,6
1152446.5254932707,6
1152606.0151907695,6
1152765.5048882682,7
1152924.994585767,6
1153084.4842832657,6
1153243.9739807642,6
1153403.463678263,7
1153562.9533757614,6
1153722.4430732601,6
1153881.9327707589,6
1154041.4224682576,6
1154200.9121657563,6
1154360.401863255,6
1154519.8915607536,6
1154679.3812582525,6
1154838.8709557508,6
1154998.3606532495,6
1155157.8503507483,6
1155317.340048247,7
1155476.8297457458,6
1155636.3194432443,6
1155795.8091407428,6
1155955.2988382417,6
1156114.7885357402,6
1156274.278233239,6
1156433.7679307377,6
1156593.2576282364,6
1156752.7473257352,6
1156912.2370232337,6
1157071.7267207324,6
1157231.216418231,6
1157390.7061157296,6
1157550.1958132284,6
1157709.685510727,7
1157869.1752082258,6
1158028.6649057246,6
1158188.154603223,6
1158347.6443007218,6
1158507.1339982203,6
1158666.623695719,6
1158826.1133932178,6
1158985.6030907165,6
1159145.0927882153,6
1159304.5824857138,7
1159464.0721832125,5
1159623.561880711,6
1159783.0515782097,5
1159942.5412757085,5
1160102.0309732072,6
1160261.520670706,5
1160421.0103682047,5
1160580.5000657032,5
1160739.9897632021,5
1160899.4794607004,5
1161058.9691581992,6
1161218.458855698,5
1161377.9485531966,5
1161537.4382506954,5
1161696.927948194,6
1161856.4176456924,6
1162015.9073431913,6
1162175.3970406898,5
1162334.8867381886,5
1162494.3764356873,5
1162653.866133186,5
1162813.3558306848,5
1162972.8455281833,6
1163132.335225682,5
1163291.8249231805,6
1163451.3146206792,6
1163610.804318178,8
1163770.2940156767,7
1163929.7837131754,7
1164089.2734106742,7
1164248.7631081727,8
1164408.2528056714,8
1164567.74250317,7
1164727.2322006687,7
1164886.7218981674,7
1165046.2115956661,8
1165205.7012931649,8
1165365.1909906636,8
1165524.680688162,8
1165684.1703856608,8
1165843.6600831593,8
1166003.149780658,8
1166162.6394781568,9
1166322.1291756555,8
1166481.6188731543,7
1166641.1085706528,7
1166800.5982681515,8
1166960.08796565,7
1167119.5776631488,8
1167279.0673606475,7
1167438.5570581462,7
1167598.046755645,7
1167757.5364531437,9
1167917.0261506422,8
1168076.515848141,7
1168236.0055456394,8
1168395.4952431382,7
1168554.984940637,8
1168714.4746381356,6
1168873.9643356344,6
1169033.4540331329,6
1169192.9437306318,7
1169352.4334281303,7
1169511.9231256288,8
1169671.4128231276,7
1169830.9025206263,6
1169990.392218125,6
1170149.8819156238,6
1170309.371613122,7
1170468.861310621,6
1170628.3510081195,6
1170787.8407056183,8
1170947.330403117,8
1171106.8201006157,7
1171266.3097981145,6
1171425.7994956132,7
1171585.2891931117,7
1171744.7788906104,7
1171904.268588109,7
1172063.7582856077,7
1172223.2479831064,7
1172382.7376806051,7
1172542.2273781039,7
1172701.7170756026,6
1172861.2067731011,5
1173020.6964705999,5
1173180.1861680984,6
1173339.675865597,5
1173499.1655630958,5
1173658.6552605946,4
1173818.1449580933,5
1173977.6346555918,5
1174137.1243530905,6
1174296.614050589,6
1174456.1037480878,7
1174615.5934455865,6
1174775.0831430852,5
1174934.572840584,7
1175094.0625380825,7
1175253.5522355814,7
1175413.04193308,7
1175572.5316305785,7
1175732.0213280772,5
1175891.511025576,5
1176051.0007230747,7
1176210.4904205734,7
1176369.9801180721,7
1176529.4698155706,7
1176688.9595130691,6
1176848.4492105679,7
1177007.9389080666,7
1177167.4286055653,7
1177326.918303064,7
1177486.4080005628,7
1177645.8976980613,7
1177805.38739556,6
1177964.8770930585,6
1178124.3667905573,6
1178283.856488056,6
1178443.3461855548,6
1178602.8358830533,5
1178762.3255805522,5
1178921.8152780507,5
1179081.3049755495,4
1179240.794673048,4
1179400.2843705467,5
1179559.7740680454,4
1179719.2637655442,4
1179878.753463043,5
1180038.2431605416,4
1180197.7328580401,4
1180357.2225555386,4
1180516.7122530374,4
1180676.201950536,4
1180835.6916480348,4
1180995.1813455336,4
1181154.6710430323,4
1181314.1607405308,4
1181473.6504380296,5
1181633.140135528,5
1181792.629833027,5
1181952.1195305255,5
1182111.6092280243,5
1182271.098925523,5
1182430.5886230217,5
1182590.0783205202,5
1182749.568018019,5
1182909.0577155175,5
1183068.5474130162,5
1183228.037110515,5
1183387.5268080137,5
1183547.0165055122,5
1183706.506203011,5
1183865.9959005096,5
1184025.4855980081,5
1184184.975295507,5
1184344.4649930056,5
1184503.9546905044,5
1184663.444388003,5
1184822.9340855018,5
1184982.4237830003,5
1185141.913480499,5
1185301.4031779976,4
1185460.8928754963,4
1185620.382572995,4
1185779.8722704938,4
1185939.3619679925,5
1186098.8516654912,5
1186258.3413629897,6
1186417.8310604885,6
1186577.320757987,5
1186736.8104554857,7
1186896.3001529844,7
1187055.7898504832,7
1187215.279547982,7
1187374.7692454804,8
1187534.2589429792,7
1187693.7486404777,7
1187853.2383379764,7
1188012.7280354751,8
1188172.2177329739,6
1188331.7074304726,7
1188491.1971279713,6
1188650.6868254698,6
1188810.1765229686,6
1188969.666220467,6
1189129.1559179658,7
1189288.6456154645,7
1189448.1353129633,7
1189607.6250104618,7
1189767.1147079607,6
1189926.6044054592,6
1190086.0941029578,5
1190245.5838004567,5
1190405.0734979552,5
1190564.563195454,5
1190724.0528929527,6
1190883.5425904514,5
1191043.03228795,5
1191202.5219854487,5
1191362.0116829472,5
1191521.501380446,5
1191680.9910779446,5
1191840.4807754434,5
1191999.970472942,5
1192159.4601704408,5
1192318.9498679393,5
1192478.439565438,5
1192637.9292629366,5
1192797.4189604353,5
1192956.908657934,5
1193116.3983554328,5
1193275.8880529315,5
1193435.3777504303,5
1193594.8674479288,5
1193754.3571454275,5
1193913.846842926,5
1194073.3365404247,5
1194232.8262379235,5
1194392.3159354222,5
1194551.805632921,5
1194711.2953304194,5
1194870.7850279182,5
1195030.2747254167,6
1195189.7644229154,6
1195349.2541204141,6
1195508.7438179129,6
1195668.2335154116,6
1195827.7232129104,6
1195987.2129104089,6
1196146.7026079074,7
1196306.1923054063,8
1196465.6820029048,8
1196625.1717004036,8
1196784.6613979023,6
1196944.151095401,8
1197103.6407928998,6
1197263.1304903983,6
1197422.620187897,6
1197582.1098853955,6
1197741.5995828942,6
1197901.089280393,7
1198060.5789778915,7
1198220.0686753904,7
1198379.558372889,7
1198539.0480703877,8
1198698.5377678862,7
1198858.027465385,7
1199017.5171628837,7
1199177.0068603824,6
1199336.4965578811,6
1199495.9862553799,8
1199655.4759528784,6
1199814.965650377,7
1199974.4553478756,7
1200133.9450453743,7
1200293.434742873,7
1200452.9244403718,7
1200612.4141378705,7
1200771.9038353693,6
1200931.3935328678,6
1201090.8832303665,5
1201250.372927865,7
1201351.605556232,6
1201503.4544987825,7
1201655.3034413331,7
1201807.1523838835,7
1201959.001326434,7
1202110.8502689844,7
1202262.699211535,7
1202414.5481540856,6
1202566.397096636,6
1202718.2460391866,5
1202870.094981737,7
1203021.9439242876,7
1203173.7928668382,7
1203325.6418093885,5
1203477.4907519391,7
1203629.3396944895,5
1203781.18863704,6
1203933.0375795907,8
1204084.886522141,7
1204236.7354646917,7
1204388.584407242,7
1204540.4333497926,8
1204692.2822923432,8
1204844.1312348936,8
1204995.9801774442,5
1205147.8291199945,5
1205299.6780625451,6
1205451.5270050957,6
1205603.375947646,5
1205755.2248901967,5
1205907.073832747,5
1206058.9227752977,5
1206210.7717178483,6
1206362.6206603986,5
1206514.4696029492,6
1206666.3185454996,7
1206818.1674880502,8
1206970.0164306008,8
1207121.8653731511,8
1207273.7143157017,8
1207425.563258252,5
1207577.4122008027,5
1207729.2611433533,5
1207881.1100859037,6
1208032.9590284543,6
1208184.8079710046,6
1208336.6569135552,5
1208488.5058561058,6
1208640.3547986562,5
1208792.2037412068,5
1208944.0526837574,6
1209095.9016263078,6
1209247.7505688583,6
1209399.5995114087,5
1209551.4484539593,5
1209703.29739651,5
1209855.1463390603,4
1210006.9952816109,4
1210158.8442241612,5
1210310.6931667118,5
1210462.5421092624,5
1210614.3910518128,6
1210766.2399943634,6
1210918.0889369138,7
1211069.9378794644,6
1211221.786822015,5
1211373.6357645653,5
1211525.484707116,5
1211677.3336496663,5
1211829.1825922169,7
1211981.0315347675,6
1212132.8804773178,6
1212284.7294198684,6
1212436.5783624188,6
1212588.4273049694,7
1212740.27624752,6
1212892.1251900704,6
1213043.974132621,6
1213195.8230751713,5
1213347.672017722,5
1213499.5209602725,5
1213651.369902823,5
1213803.2188453735,5
1213955.0677879239,5
1214106.9167304744,5
1214258.765673025,5
1214410.6146155754,5
1214562.463558126,5
1214714.3125006764,6
1214866.161443227,6
1215018.0103857776,5
1215169.859328328,4
1215321.7082708785,4
1215473.557213429,4
1215625.4061559795,4
1215777.25509853,5
1215929.1040410805,4
1216080.952983631,4
1216232.8019261814,4
1216384.650868732,4
1216536.4998112826,4
1216688.348753833,4
1216840.1976963836,4
1216992.046638934,4
1217143.8955814845,4
1217295.7445240351,4
1217447.5934665855,4
1217599.442409136,5
1217751.2913516865,6
1217903.140294237,6
1218054.9892367877,6
1218206.838179338,5
1218358.6871218886,5
1218510.536064439,5
1218662.3850069896,5
1218814.2339495402,6
1218966.0828920905,5
1219117.9318346411,5
1219269.7807771915,5
1219421.629719742,5
1219573.4786622927,5
1219725.327604843,5
1219877.1765473937,6
1220029.025489944,6
1220180.8744324946,5
1220332.7233750452,5
1220484.5723175956,5
1220636.4212601462,5
1220788.2702026966,5
1220940.1191452472,5
1221091.9680877978,5
1221243.8170303481,5
1221395.6659728987,6
1221547.514915449,5
1221699.3638579997,6
1221851.2128005503,5
1222003.0617431006,5
1222154.9106856512,5
1222306.7596282016,5
1222458.6085707522,5
1222610.4575133028,5
1222762.3064558532,5
1222914.1553984038,5
1223066.0043409541,5
1223217.8532835047,6
1223369.7022260553,5
1223521.5511686057,5
1223673.4001111563,5
1223825.2490537066,4
1223977.0979962572,5
1224128.9469388078,4
1224280.7958813582,4
1224432.6448239088,4
1224584.4937664594,4
1224736.3427090098,4
1224888.1916515604,4
1225040.0405941107,4
1225191.8895366613,4
1225343.738479212,4
1225495.5874217623,4
1225647.436364313,4
1225799.2853068633,4
1225951.1342494139,4
1226102.9831919644,4
1226254.8321345148,4
1226406.6810770654,4
1226558.5300196158,4
1226710.3789621664,4
1226862.227904717,4
1227014.0768472673,4
1227165.925789818,4
1227317.7747323683,4
1227469.623674919,4
1227621.4726174695,4
1227773.3215600199,4
1227925.1705025705,4
1228077.0194451208,4
1228228.8683876714,4
1228380.717330222,4
1228532.5662727724,4
1228684.415215323,4
1228836.2641578733,4
1228988.113100424,4
1229139.9620429745,4
1229291.810985525,4
1229443.6599280755,4
1229595.5088706259,4
1229747.3578131765,4
1229899.206755727,4
1230051.0556982774,4
1230202.904640828,4
1230354.7535833784,4
1230506.602525929,3
1230658.4514684796,4
1230810.30041103,5
1230962.1493535805,5
1231113.998296131,5
1231265.8472386815,5
1231417.696181232,5
1231569.5451237825,4
1231721.394066333,5
1231873.2430088834,5
1232025.091951434,5
1232176.9408939846,5
1232328.789836535,4
1232480.6387790856,4
1232632.487721636,5
1232784.3366641866,4
1232936.1856067372,4
1233088.0345492875,4
1233239.8834918381,4
1233391.7324343885,4
1233543.581376939,4
1233695.4303194897,4
1233847.27926204,4
1233999.1282045906,6
1234150.977147141,6
1234302.8260896916,6
1234454.6750322422,5
1234606.5239747926,5
1234758.3729173432,5
1234910.2218598935,5
1235062.0708024441,5
1235213.9197449947,6
1235365.768687545,6
1235517.6176300957,5
1235669.466572646,6
1235821.3155151966,5
1235973.1644577472,5
1236125.0134002976,5
1236276.8623428482,5
1236428.7112853986,5
1236580.5602279492,5
1236732.4091704998,5
1236884.2581130501,5
1237036.1070556007,5
1237187.955998151,6
1237339.8049407017,5
1237491.6538832523,5
1237643.5028258027,5
1237795.3517683533,5
1237947.2007109039,5
1238099.0496534542,5
1238250.8985960048,4
1238402.7475385552,4
1238554.5964811058,4
1238706.4454236564,5
1238858.2943662067,5
1239010.1433087573,5
1239161.9922513077,5
1239313.8411938583,6
1239465.690136409,6
1239617.5390789593,6
1239769.3880215099,7
1239921.2369640602,6
1240073.0859066108,6
1240224.9348491614,5
1240376.7837917118,5
1240528.6327342624,5
1240680.4816768127,5
1240832.3306193633,5
1240984.179561914,5
1241136.0285044643,5
1241287.877447015,5
1241439.7263895653,5
1241591.5753321159,5
1241743.4242746665,5
1241895.2732172168,5
1242047.1221597674,5
1242198.9711023178,5
1242350.8200448684,5
1242502.668987419,5
1242654.5179299694,5
1242806.36687252,5
1242958.2158150703,6
1243110.064757621,5
1243261.9137001715,5
1243413.7626427219,5
1243565.6115852725,6
1243717.4605278228,7
1243869.3094703734,6
1244021.158412924,6
1244173.0073554744,7
1244324.856298025,6
1244476.7052405754,6
1244628.554183126,4
1244780.4031256766,4
1244932.252068227,4
1245084.1010107775,4
1245235.949953328,4
1245387.7988958785,4
1245539.647838429,4
1245691.4967809794,4
1245843.34572353,4
1245995.1946660804,4
1246147.043608631,4
1246298.8925511816,4
1246450.741493732,4
1246602.5904362826,5
1246754.439378833,4
1246906.2883213835,5
1247058.1372639341,5
1247209.9862064845,5
1247361.835149035,5
1247513.6840915855,5
1247665.533034136,5
1247817.3819766867,5
1247969.230919237,5
1248121.0798617876,5
1248272.928804338,5
1248424.7777468886,5
1248576.6266894392,5
1248728.4756319895,5
1248880.3245745401,5
1249032.1735170905,5
1249184.022459641,5
1249335.8714021917,5
1249487.720344742,5
1249639.5692872927,5
1249791.418229843,5
1249943.2671723936,5
1250095.1161149442,5
1250246.9650574946,5
1250398.8140000452,5
1250550.6629425955,5
1250702.5118851461,5
1250854.3608276967,5
1251006.209770247,4
1251158.0587127977,4
1251309.907655348,6
1251461.7565978987,6
1251613.6055404493,5
1251765.4544829996,4
1251917.3034255502,4
1252069.1523681008,5
1252221.0013106512,3
1252372.8502532018,4
1252524.6991957522,4
1252676.5481383028,4
1252828.3970808533,4
1252980.2460234037,4
1253132.0949659543,4
1253283.9439085047,4
1253435.7928510553,5
1253587.6417936059,5
1253739.4907361562,5
1253891.3396787068,5
1254043.1886212572,5
1254195.0375638078,4
1254346.8865063584,4
1254498.7354489088,4
1254650.5843914594,4
1254802.4333340097,4
1254954.2822765603,5
1255106.131219111,5
1255257.9801616613,5
1255409.8291042119,5
1255561.6780467622,5
1255713.5269893128,5
1255865.3759318634,4
1256017.2248744138,5
1256169.0738169644,5
1256320.9227595148,5
1256472.7717020654,4
1256624.620644616,5
1256776.4695871663,4
1256928.318529717,4
1257080.1674722673,4
1257232.016414818,4
1257383.8653573685,4
1257535.7142999189,4
1257687.5632424694,3
1257839.4121850198,3
1257991.2611275704,4
1258143.110070121,3
1258294.9590126714,3
1258446.807955222,4
1258598.6568977723,4
1258750.505840323,4
1258902.3547828735,5
1259054.203725424,4
1259206.0526679745,5
1259357.9016105249,5
1259509.7505530755,4
1259661.599495626,4
1259813.4484381764,4
1259965.297380727,4
1260117.1463232774,4
1260268.995265828,4
1260420.8442083786,4
1260572.693150929,4
1260724.5420934795,4
1260876.39103603,4
1261028.2399785805,4
1261180.088921131,4
1261331.9378636815,4
1261483.786806232,4
1261635.6357487824,4
1261787.484691333,4
1261939.3336338836,4
1262091.182576434,4
1262243.0315189846,4
1262394.880461535,4
1262546.7294040855,4
1262698.5783466361,4
1262850.4272891865,4
1263002.276231737,4
1263154.1251742875,4
1263305.974116838,4
1263457.8230593887,4
1263609.672001939,4
1263761.5209444896,4
1263913.36988704,4
1264065.2188295906,4
1264217.0677721412,4
1264368.9167146916,4
1264520.7656572422,4
1264672.6145997925,4
1264824.4635423431,4
1264976.3124848937,4
1265128.161427444,4
1265280.0103699947,4
1265431.859312545,4
1265583.7082550956,4
1265735.5571976462,4
1265887.4061401966,4
1266039.2550827472,5
1266191.1040252978,4
1266342.9529678482,4
1266494.8019103988,4
1266646.6508529491,4
1266798.4997954997,4
1266950.34873805,4
1267102.1976806007,4
1267254.0466231513,4
1267405.8955657016,4
1267557.7445082522,4
1267709.5934508028,4
1267861.4423933532,4
1268013.2913359038,4
1268165.1402784542,4
1268316.9892210048,4
1268468.8381635551,4
1268620.6871061057,4
1268772.5360486563,4
1268924.3849912067,4
1269076.2339337573,3
1269228.082876308,3
1269379.9318188583,4
1269531.7807614089,3
1269683.6297039592,3
1269835.4786465098,4
1269987.3275890604,4
1270139.1765316108,4
1270291.0254741614,4
1270442.8744167117,4
1270594.7233592623,4
1270746.572301813,4
1270898.4212443633,4
1271050.270186914,4
1271202.1191294643,4
1271353.9680720149,4
1271505.8170145655,4
1271657.6659571158,4
1271809.5148996664,4
1271961.3638422168,4
1272113.2127847674,4
1272265.061727318,4
1272416.9106698683,4
1272568.759612419,4
1272720.6085549693,4
1272872.45749752,4
1273024.3064400705,4
1273176.1553826209,4
1273328.0043251715,4
1273479.8532677218,4
1273631.7022102724,4
1273783.551152823,4
1273935.4000953734,4
1274087.249037924,4
1274239.0979804744,4
1274390.946923025,4
1274542.7958655756,4
1274694.644808126,5
1274846.4937506765,5
1274998.3426932269,5
1275150.1916357775,6
1275302.040578328,6
1275453.8895208784,6
1275605.738463429,4
1275757.5874059794,4
1275909.43634853,4
1276061.2852910806,4
1276213.134233631,4
1276364.9831761816,6
1276516.832118732,6
1276668.6810612825,5
1276820.5300038331,5
1276972.3789463835,5
1277124.227888934,5
1277276.0768314844,5
1277427.925774035,5
1277579.7747165856,5
1277731.623659136,5
1277883.4726016866,4
1278035.321544237,4
1278187.1704867876,5
1278339.0194293382,3
1278490.8683718885,3
1278642.7173144391,3
1278794.5662569895,3
1278946.41519954,3
1279098.2641420907,3
1279250.113084641,3
1279401.9620271917,3
1279553.810969742,4
1279705.6599122926,4
1279857.5088548432,4
1280009.3577973936,4
1280161.2067399442,4
1280313.0556824948,4
1280464.9046250451,4
1280616.7535675957,4
1280768.602510146,4
1280920.4514526967,4
1281072.300395247,4
1281224.1493377977,4
1281375.9982803483,5
1281527.8472228986,5
1281679.6961654492,5
1281831.5451079998,5
1281983.3940505502,5
1282135.2429931008,5
1282287.0919356511,5
1282438.9408782017,5
1282590.789820752,5
1282742.6387633027,5
1282894.4877058533,4
1283046.3366484037,4
1283198.1855909543,4
1283350.0345335049,4
1283501.8834760552,4
1283653.7324186058,4
1283805.5813611562,4
1283957.4303037068,4
1284109.2792462574,4
1284261.1281888078,4
1284412.9771313583,4
1284564.8260739087,4
1284716.6750164593,4
1284868.52395901,4
1285020.3729015603,4
1285172.2218441109,4
1285324.0707866612,4
1285475.9197292118,4
1285627.7686717624,4
1285779.6176143128,4
1285931.4665568634,5
1286083.3154994138,4
1286235.1644419644,4
1286387.013384515,5
1286538.8623270653,5
1286690.711269616,5
1286842.5602121663,5
1286994.4091547169,5
1287146.2580972675,5
1287298.1070398178,3
1287449.9559823684,3
1287601.8049249188,3
1287753.6538674694,2
1287905.50281002,3
1288057.3517525704,3
1288209.200695121,4
1288361.0496376713,4
1288512.898580222,4
1288664.7475227725,6
1288816.596465323,4
1288968.4454078735,5
1289120.2943504239,7
1289272.1432929744,6
1289423.992235525,4
1289575.8411780754,3
1289727.690120626,6
1289879.5390631764,4
1290031.388005727,5
1290183.2369482776,5
1290335.085890828,6
1290486.9348333785,5
1290638.783775929,4
1290790.6327184795,5
1290942.48166103,6
1291094.3306035805,6
1291246.179546131,5
1291398.0284886814,6
1291549.877431232,6
1291701.7263737826,4
1291853.575316333,5
1292005.4242588836,6
1292157.273201434,6
1292309.1221439845,5
1292460.9710865351,8
1292612.8200290855,8
1292764.668971636,8
1292916.5179141867,8
1293068.366856737,8
1293220.2157992877,8
1293372.064741838,7
1293523.9136843886,7
1293675.762626939,7
1293827.6115694896,7
1293979.4605120402,7
1294131.3094545905,8
1294283.1583971411,8
1294435.0073396915,7
1294586.856282242,7
1294738.7052247927,8
1294890.554167343,7
1295042.4031098937,7
1295194.252052444,6
1295346.1009949946,6
1295497.9499375452,6
1295649.7988800956,6
1295801.6478226462,6
1295953.4967651968,6
1296105.3457077472,6
1296257.1946502978,6
1296409.0435928481,6
1296560.8925353987,5
1296712.741477949,4
1296864.5904204997,5
1297016.4393630503,4
1297168.2883056006,5
1297320.1372481512,5
1297471.9861907018,6
1297623.8351332522,7
1297775.6840758028,6
1297927.5330183532,6
1298079.3819609038,6
1298231.2309034544,6
1298383.0798460047,7
1298534.9287885553,7
1298686.7777311057,6
1298838.6266736563,5
1298990.4756162069,5
1299142.3245587572,4
1299294.1735013078,5
1299446.0224438582,5
1299597.8713864088,5
1299749.7203289592,5
1299901.5692715098,5
1300053.4182140604,6
1300205.2671566107,6
1300357.1160991613,6
1300508.965041712,6
1300660.8139842623,6
1300812.662926813,6
1300964.5118693633,6
1301116.3608119139,6
1301268.2097544642,5
1301420.0586970148,5
1301571.9076395654,6
1301723.7565821158,6
1301875.6055246664,6
1302027.454467217,6
1302179.3034097673,5
1302331.152352318,4
1302483.0012948683,4
1302634.850237419,4
1302786.6991799695,3
1302938.5481225199,3
1303090.3970650705,3
1303242.2460076208,4
1303394.0949501714,3
1303545.943892722,3
1303697.7928352724,3
1303849.641777823,3
1304001.4907203733,4
1304153.339662924,4
1304305.1886054745,5
1304457.037548025,5
1304608.8864905755,5
1304760.7354331259,5
1304912.5843756765,5
1305064.433318227,5
1305216.2822607774,5
1305368.131203328,6
1305519.9801458784,5
1305671.829088429,5
1305823.6780309796,6
1305975.52697353,4
1306127.3759160805,7
1306279.224858631,6
1306431.0738011815,6
1306582.922743732,6
1306734.7716862825,7
1306886.620628833,7
1307038.4695713834,7
1307190.318513934,6
1307342.1674564846,7
1307494.016399035,7
1307645.8653415856,4
1307797.714284136,5
1307949.5632266866,5
1308101.4121692372,4
1308253.2611117875,4
1308405.1100543381,4
1308556.9589968885,3
1308708.807939439,3
1308860.6568819897,6
1309012.50582454,7
1309164.3547670906,5
1309316.2037096412,6
1309468.0526521916,5
1309619.9015947422,6
1309771.7505372926,6
1309923.5994798432,6
1310075.4484223938,6
1310227.2973649441,7
1310379.1463074947,6
1310530.995250045,6
1310682.8441925957,7
1310834.6931351463,6
1310986.5420776966,6
1311138.3910202472,5
1311290.2399627976,6
1311442.0889053482,6
1311593.9378478988,6
1311745.7867904492,6
1311897.6357329998,6
1312049.4846755501,6
1312201.3336181007,7
1312353.182560651,6
1312505.0315032017,8
1312656.8804457523,6
1312808.7293883027,6
1312960.5783308533,7
1313112.4272734039,7
1313264.2762159542,6
1313416.1251585048,6
1313567.9741010552,8
1313719.8230436058,7
1313871.6719861561,7
1314023.5209287067,6
1314175.3698712573,6
1314327.2188138077,7
1314479.0677563583,7
1314630.916698909,6
1314782.7656414593,6
1314934.6145840099,6
1315086.4635265602,6
1315238.3124691108,6
1315390.1614116614,6
1315542.0103542118,7
1315693.8592967624,7
1315845.7082393127,6
1315997.5571818633,6
1316149.406124414,6
1316301.2550669643,7
1316453.104009515,7
1316604.9529520653,6
1316756.8018946159,8
1316908.6508371665,7
1317060.4997797168,6
1317212.3487222674,7
1317364.1976648178,7
1317516.0466073684,4
1317667.895549919,4
1317819.7444924694,5
1317971.59343502,4
1318123.4423775703,4
1318275.291320121,4
1318427.1402626715,4
1318578.9892052219,4
1318730.8381477725,4
1318882.6870903228,4
1319034.5360328734,4
1319186.384975424,6
1319338.2339179744,5
1319490.082860525,5
1319641.9318030754,6
1319793.780745626,6
1319945.6296881766,6
1320097.478630727,6
1320249.3275732775,6
1320401.176515828,6
1320553.0254583785,6
1320704.874400929,6
1320856.7233434794,7
1321008.57228603,6
1321160.4212285806,7
1321312.270171131,7
1321464.1191136816,7
1321615.968056232,6
1321767.8169987826,5
1321919.665941333,5
1322071.5148838835,6
1322223.3638264341,5
1322375.2127689845,6
1322527.061711535,5
1322678.9106540855,6
1322830.759596636,10
1322982.6085391867,6
1323134.457481737,8
1323286.3064242876,8
1323438.155366838,8
1323590.0043093886,7
1323741.8532519392,7
1323893.7021944895,9
1324045.5511370401,13
1324197.4000795907,10
1324349.249022141,10
1324501.0979646917,10
1324652.946907242,12
1324804.7958497927,9
1324956.644792343,7
1325108.4937348936,7
1325260.3426774442,8
1325412.1916199946,7
1325564.0405625452,8
1325715.8895050958,8
1325867.7384476461,9
1326019.5873901967,9
1326171.436332747,10
1326323.2852752977,10
1326475.134217848,10
1326626.9831603987,11
1326778.8321029493,9
1326930.6810454996,7
1327082.5299880502,8
1327234.3789306008,5
1327386.2278731512,8
1327538.0768157018,8
1327689.9257582522,6
1327841.7747008028,7
1327993.623643353,8
1328145.4725859037,6
1328297.3215284543,5
1328449.1704710047,5
1328601.0194135553,5
1328752.8683561059,6
1328904.7172986562,6
1329056.5662412068,8
1329208.4151837572,7
1329360.2641263078,7
1329512.1130688584,7
1329663.9620114088,7
1329815.8109539594,8
1329967.6598965097,8
1330119.5088390603,9
1330271.357781611,8
1330423.2067241613,7
1330575.0556667119,8
1330726.9046092622,10
1330878.7535518128,9
1331030.6024943634,8
1331182.4514369138,9
1331334.3003794644,8
1331486.1493220148,6
1331637.9982645654,8
1331789.847207116,8
1331941.6961496663,8
1332093.545092217,9
1332245.3940347673,8
1332397.242977318,11
1332549.0919198685,9
1332700.9408624189,8
1332852.7898049694,9
1333004.6387475198,10
1333156.4876900704,10
1333308.336632621,11
1333460.1855751714,12
1333612.034517722,12
1333763.8834602723,14
1333915.732402823,15
1334067.5813453735,14
1334219.430287924,13
1334371.2792304745,13
1334523.1281730249,14
1334674.9771155755,13
1334826.826058126,12
1334978.6750006764,12
1335130.523943227,12
1335282.3728857774,12
1335434.221828328,13
1335586.0707708786,11
1335737.919713429,12
1335889.7686559795,12
1336041.61759853,11
1336193.4665410805,10
1336345.315483631,11
1336497.1644261815,12
1336649.013368732,14
1336800.8623112827,14
1336952.711253833,11
1337104.5601963836,11
1337256.409138934,11
1337408.2580814846,13
1337560.107024035,11
1337711.9559665855,12
1337863.8049091361,11
1338015.6538516865,11
1338167.502794237,11
1338319.3517367877,11
1338471.200679338,11
1338623.0496218887,10
1338774.898564439,10
1338926.7475069896,9
1339078.59644954,10
1339230.4453920906,11
1339382.2943346412,10
1339534.1432771916,10
1339685.9922197422,12
1339837.8411622928,11
1339989.6901048431,9
1340141.5390473937,10
1340293.387989944,9
1340445.2369324947,10
1340597.085875045,10
1340748.9348175956,10
1340900.7837601462,12
1341052.6327026966,11
1341204.4816452472,11
1341356.3305877978,13
1341508.1795303482,11
1341660.0284728988,12
1341811.8774154491,11
1341963.7263579997,12
1342115.57530055,12
1342267.4242431007,12
1342419.2731856513,9
1342571.1221282016,9
1342722.9710707522,11
1342874.8200133026,10
1343026.6689558532,11
1343178.5178984038,10
1343330.3668409542,10
1343482.2157835048,9
1343634.0647260554,10
1343785.9136686057,10
1343937.7626111563,13
1344089.6115537067,12
1344241.4604962573,11
1344393.309438808,12
1344545.1583813583,11
1344697.0073239089,13
1344848.8562664592,13
1345000.7052090098,12
1345152.5541515602,12
1345304.4030941108,11
1345456.2520366614,13
1345608.1009792117,11
1345759.9499217623,10
1345911.798864313,10
1346063.6478068633,11
1346215.496749414,14
1346367.3456919645,12
1346519.1946345149,13
1346671.0435770655,12
1346822.8925196158,11
1346974.7414621664,10
1347126.5904047168,11
1347278.4393472674,11
1347430.288289818,10
1347582.1372323683,10
1347733.986174919,11
1347885.8351174693,10
1348037.68406002,12
1348189.5330025705,12
1348341.3819451209,11
1348493.2308876715,10
1348645.0798302218,9
1348796.9287727724,9
1348948.777715323,9
1349100.6266578734,10
1349252.475600424,10
1349404.3245429746,11
1349556.173485525,11
1349708.0224280756,11
1349859.871370626,11
1350011.7203131765,12
1350163.5692557269,9
1350315.4181982775,9
1350467.267140828,9
1350619.1160833784,9
1350770.965025929,9
1350922.8139684794,9
1351074.66291103,12
1351226.5118535806,11
1351378.360796131,11
1351530.2097386816,10
1351682.0586812322,10
1351833.9076237825,10
1351985.7565663331,13
1352137.6055088835,11
1352289.454451434,11
1352441.3033939847,10
1352593.152336535,12
1352745.0012790856,13
1352896.850221636,11
1353048.6991641866,11
1353200.548106737,12
1353352.3970492876,11
1353504.2459918382,12
1353656.0949343885,12
1353807.9438769391,11
1353959.7928194897,10
1354111.64176204,10
1354263.4907045907,10
1354415.339647141,9
1354567.1885896917,9
1354719.037532242,10
1354870.8864747926,9
1355022.7354173432,11
1355174.5843598936,10
1355326.4333024442,9
1355478.2822449948,9
1355630.1311875451,9
1355781.9801300957,9
1355933.829072646,9
1356085.6780151967,9
1356237.526957747,10
1356389.3759002977,9
1356541.2248428483,9
1356693.0737853986,11
1356844.9227279492,12
1356996.7716704998,11
1357148.6206130502,9
1357300.4695556008,14
1357452.3184981511,11
1357604.1674407017,12
1357756.016383252,11
1357907.8653258027,10
1358059.7142683533,11
1358211.5632109037,10
1358363.4121534543,11
1358515.2610960049,10
1358667.1100385552,10
1358818.9589811058,10
1358970.8079236562,10
1359122.6568662068,10
1359274.5058087572,13
1359426.3547513078,12
1359578.2036938583,11
1359730.0526364087,10
1359881.9015789593,13
1360033.75052151,11
1360185.5994640603,10
1360337.4484066109,11
1360489.2973491612,12
1360641.1462917118,13
1360792.9952342624,9
1360944.8441768128,9
1361096.6931193634,11
1361248.5420619138,12
1361400.3910044644,12
1361552.239947015,13
1361704.0888895653,14
1361855.937832116,11
1362007.7867746663,13
1362159.6357172169,14
1362311.4846597675,12
1362463.3336023178,11
1362615.1825448684,12
1362767.0314874188,14
1362918.8804299694,13
1363070.72937252,12
1363222.5783150704,11
1363374.427257621,11
1363526.2762001713,12
1363678.125142722,11
1363829.9740852725,13
1363981.823027823,11
1364133.6719703735,11
1364285.5209129239,9
1364437.3698554744,10
1364589.218798025,11
1364741.0677405754,12
1364892.916683126,13
1365044.7656256764,12
1365196.614568227,12
1365348.4635107776,11
1365500.312453328,12
1365652.1613958785,10
1365804.010338429,11
1365955.8592809795,11
1366107.70822353,11
1366259.5571660805,10
1366411.406108631,9
1366563.2550511817,11
1366715.103993732,9
1366866.9529362826,10
1367018.801878833,9
1367170.6508213836,8
1367322.499763934,8
1367474.3487064845,10
1367626.1976490351,10
1367778.0465915855,8
1367929.895534136,9
1368081.7444766865,9
1368233.593419237,9
1368385.4423617877,9
1368537.291304338,10
1368689.1402468886,9
1368840.989189439,9
1368992.8381319896,9
1369144.6870745402,9
1369296.5360170905,8
1369448.3849596411,8
1369600.2339021917,9
1369752.082844742,9
1369903.9317872927,9
1370055.780729843,9
1370207.6296723937,8
1370359.478614944,9
1370511.3275574946,9
1370663.1765000452,9
1370815.0254425956,9
1370966.8743851462,9
1371118.7233276966,9
1371270.5722702472,10
1371422.4212127978,9
1371574.2701553481,10
1371726.1190978987,9
1371877.968040449,9
1372029.8169829997,10
1372181.6659255503,9
1372333.5148681006,9
1372485.3638106512,9
1372637.2127532018,11
1372789.0616957522,13
1372940.9106383028,13
1373092.7595808532,14
1373244.6085234038,12
1373396.4574659544,12
1373548.3064085047,12
1373700.1553510553,11
1373852.0042936057,11
1374003.8532361563,10
1374155.7021787069,11
1374307.5511212572,11
1374459.4000638078,11
1374611.2490063582,11
1374763.0979489088,11
1374914.9468914592,11
1375066.7958340098,11
1375218.6447765604,11
1375370.4937191107,11
1375522.3426616613,11
1375674.191604212,11
1375826.0405467623,11
1375977.889489313,11
1376129.7384318633,11
1376281.5873744139,12
1376433.4363169644,12
1376585.2852595148,12
1376737.1342020654,12
1376888.9831446158,11
1377040.8320871664,10
1377192.681029717,10
1377344.5299722673,11
1377496.378914818,11
1377648.2278573683,11
1377800.076799919,10
1377951.9257424695,10
1378103.7746850199,9
1378255.6236275705,10
1378407.4725701208,9
1378559.3215126714,9
1378711.170455222,9
1378863.0193977724,10
1379014.868340323,10
1379166.7172828736,10
1379318.566225424,10
1379470.4151679745,8
1379622.264110525,8
1379774.1130530755,8
1379925.9619956259,7
1380077.8109381765,9
1380229.659880727,9
1380381.5088232774,8
1380533.357765828,12
1380685.2067083786,11
1380837.055650929,11
1380988.9045934796,12
1381140.75353603,12
1381292.6024785805,11
1381444.451421131,12
1381596.3003636815,12
1381748.149306232,11
1381899.9982487825,12
1382051.847191333,12
1382203.6961338834,11
1382355.545076434,11
1382507.3940189846,11
1382659.242961535,11
1382811.0919040856,11
1382962.940846636,9
1383114.7897891866,12
1383266.6387317372,10
1383418.4876742875,11
1383570.3366168381,11
1383722.1855593887,11
1383874.034501939,11
1384025.8834444894,11
1384177.73238704,11
1384329.5813295906,11
1384481.430272141,11
1384633.2792146916,10
1384785.1281572422,10
1384936.9770997926,10
1385088.8260423432,9
1385240.6749848938,10
1385392.5239274441,10
1385544.3728699947,9
1385696.221812545,10
1385848.0707550957,9
1385999.919697646,10
1386151.7686401966,11
1386303.6175827472,10
1386455.4665252976,11
1386607.3154678482,10
1386759.1644103988,9
1386911.0133529492,9
1387062.8622954998,9
1387214.7112380501,9
1387366.5601806007,9
1387518.409123151,9
1387670.2580657017,9
1387822.1070082523,9
1387973.9559508027,10
1388125.8048933533,10
1388277.6538359039,10
1388429.5027784542,10
1388581.3517210048,10
1388733.2006635552,10
1388885.0496061058,10
1389036.8985486561,10
1389188.7474912067,10
1389340.5964337573,10
1389492.4453763077,10
1389644.2943188583,9
1389796.143261409,9
1389947.9922039593,9
1390099.8411465099,9
1390251.6900890602,9
1390403.5390316108,9
1390555.3879741614,8
1390707.2369167118,9
1390859.0858592624,10
1391010.9348018127,10
1391162.7837443633,8
1391314.632686914,8
1391466.4816294643,8
1391618.330572015,8
1391770.1795145653,8
1391922.0284571159,9
1392073.8773996665,8
1392225.7263422168,8
1392377.5752847674,8
1392529.4242273178,8
1392681.2731698684,7
1392833.122112419,7
1392984.9710549694,7
1393136.81999752,7
1393288.6689400703,7
1393440.517882621,10
1393592.3668251715,10
1393744.2157677219,9
1393896.0647102725,9
1394047.9136528228,10
1394199.7625953734,11
1394351.611537924,10
1394503.4604804744,11
1394655.309423025,10
1394807.1583655756,10
1394959.007308126,9
1395110.8562506766,10
1395262.705193227,9
1395414.5541357775,9
1395566.4030783281,9
1395718.2520208785,9
1395870.100963429,9
1396021.9499059794,10
1396173.79884853,10
1396325.6477910806,10
1396477.496733631,10
1396629.3456761814,10
1396781.194618732,11
1396933.0435612826,10
1397084.892503833,8
1397236.7414463835,8
1397388.5903889341,8
1397540.4393314845,9
1397692.288274035,10
1397844.1372165857,11
1397995.986159136,10
1398147.8351016867,10
1398299.684044237,10
1398451.5329867876,11
1398603.381929338,10
1398755.2308718886,11
1398907.0798144392,11
1399058.9287569895,10
1399210.7776995401,9
1399362.6266420905,10
1399514.475584641,10
1399666.3245271917,10
1399818.173469742,10
1399970.0224122927,9
1400121.871354843,10
1400273.7202973936,11
1400425.5692399442,11
1400577.4181824946,11
1400729.2671250452,11
1400881.1160675958,12
1401032.9650101461,12
1401184.8139526967,11
1401336.662895247,12
1401488.5118377977,12
1401640.3607803483,12
1401792.2097228987,10
1401944.0586654493,11
1402095.9076079996,10
1402247.7565505502,10
1402399.6054931008,9
1402551.4544356512,9
1402703.3033782018,10
1402855.1523207524,8
1403007.0012633028,10
1403158.8502058533,11
1403310.6991484037,9
1403462.5480909543,10
1403614.3970335047,10
1403766.2459760553,10
1403918.0949186059,10
1404069.9438611562,12
1404221.7928037068,12
1404373.6417462572,10
1404525.4906888078,11
1404677.3396313584,9
1404829.1885739088,11
1404981.0375164594,11
1405132.8864590097,11
1405284.7354015603,12
1405436.584344111,11
1405588.4332866613,10
1405740.2822292119,9
1405892.1311717622,12
1406043.9801143128,12
1406195.8290568634,13
1406347.6779994138,12
1406499.5269419644,11
1406651.3758845148,11
1406803.2248270654,11
1406955.073769616,11
1407106.9227121663,11
1407258.771654717,11
1407410.6205972675,10
1407562.469539818,10
1407714.3184823683,10
1407866.1674249189,10
1408018.0163674694,11
1408169.8653100198,10
1408321.7142525704,11
1408473.563195121,8
1408625.4121376714,10
1408777.261080222,8
1408929.1100227723,7
1409080.958965323,7
1409232.8079078735,9
1409384.656850424,10
1409536.5057929745,9
1409688.3547355249,11
1409840.2036780755,10
1409992.052620626,10
1410143.9015631764,10
1410295.750505727,10
1410447.5994482774,10
1410599.448390828,11
1410751.2973333786,10
1410903.146275929,11
1411054.9952184795,10
1411206.84416103,9
1411358.6931035805,9
1411510.542046131,9
1411662.3909886815,9
1411814.239931232,10
1411966.0888737827,9
1412117.937816333,9
1412269.7867588834,8
1412421.635701434,9
1412573.4846439846,8
1412725.333586535,9
1412877.1825290855,9
1413029.0314716361,9
1413180.8804141865,10
1413332.729356737,10
1413484.5782992875,11
1413636.427241838,10
1413788.2761843887,8
1413940.125126939,9
1414091.9740694896,9
1414243.8230120402,9
1414395.6719545906,10
1414547.5208971412,10
1414699.3698396916,10
1414851.2187822422,9
1415003.0677247928,9
1415154.9166673431,10
1415306.7656098937,10
1415458.614552444,11
1415610.4634949947,11
1415762.312437545,9
1415914.1613800956,9
1416066.0103226462,11
1416217.8592651966,10
1416369.7082077472,9
1416521.5571502978,9
1416673.4060928482,10
1416825.2550353988,11
1416977.1039779494,9
1417128.9529204997,11
1417280.80186305,14
1417432.6508056007,10
1417584.4997481513,12
1417736.3486907016,12
1417888.1976332522,12
1418040.0465758026,12
1418191.8955183532,13
1418343.7444609038,12
1418495.5934034542,13
1418647.4423460048,12
1418799.2912885551,13
1418951.1402311057,13
1419102.9891736563,13
1419254.8381162067,13
1419406.6870587573,16
1419558.536001308,14
1419710.3849438583,14
1419862.2338864089,13
1420014.0828289592,11
1420165.9317715098,11
1420317.7807140604,10
1420469.6296566108,10
1420621.4785991614,10
1420773.3275417117,10
1420925.1764842623,10
1421077.025426813,10
1421228.8743693633,10
1421380.723311914,10
1421532.5722544643,11
1421684.4211970149,11
1421836.2701395655,12
1421988.1190821158,13
1422139.9680246664,14
1422291.8169672168,13
1422443.6659097674,13
1422595.514852318,12
1422747.3637948683,13
1422899.212737419,12
1423051.0616799695,13
1423202.91062252,11
1423354.7595650705,12
1423506.6085076209,12
1423658.4574501715,12
1423810.3063927218,12
1423962.1553352724,13
1424114.004277823,12
1424265.8532203734,12
1424417.702162924,12
1424569.5511054746,12
1424721.400048025,15
1424873.2489905756,12
1425025.097933126,13
1425176.9468756765,11
1425328.7958182269,14
1425480.6447607775,14
1425632.493703328,12
1425784.3426458784,12
1425936.191588429,12
1426088.0405309796,11
1426239.88947353,11
1426391.7384160806,11
1426543.587358631,11
1426695.4363011816,11
1426847.285243732,13
1426999.1341862825,12
1427150.9831288331,13
1427302.8320713835,12
1427454.681013934,12
1427606.5299564844,14
1427758.378899035,12
1427910.2278415854,12
1428062.076784136,12
1428213.9257266866,11
1428365.7746692372,9
1428517.6236117876,10
1428669.4725543382,12
1428821.3214968885,12
1428973.1704394391,11
1429125.0193819897,11
1429276.86832454,12
1429428.7172670907,12
1429580.566209641,12
1429732.4151521917,12
1429884.264094742,11
1430036.1130372926,11
1430187.9619798432,10
1430339.8109223936,9
1430491.6598649442,9
1430643.5088074948,10
1430795.3577500451,12
1430947.2066925957,10
1431099.0556351463,9
1431250.9045776967,9
1431402.753520247,9
1431554.6024627977,11
1431706.4514053483,12
1431858.3003478986,11
1432010.1492904492,10
1432161.9982329998,13
1432313.8471755502,13
1432465.6961181008,13
1432617.5450606514,13
1432769.3940032017,14
1432921.242945752,12
1433073.0918883027,12
1433224.9408308533,12
1433376.7897734037,10
1433528.6387159543,10
1433680.4876585046,10
1433832.3366010552,11
1433984.1855436058,11
1434136.0344861564,12
1434287.8834287068,12
1434439.7323712574,13
1434591.5813138078,13
1434743.4302563583,12
1434895.2791989087,10
1435047.1281414593,9
1435198.97708401,10
1435350.8260265603,10
1435502.6749691109,10
1435654.5239116612,12
1435806.3728542118,11
1435958.2217967622,11
1436110.0707393128,12
1436261.9196818634,12
1436413.7686244138,10
1436565.6175669644,10
1436717.466509515,11
1436869.3154520653,14
1437021.164394616,14
1437173.0133371663,10
1437324.8622797169,11
1437476.7112222675,10
1437628.5601648178,11
1437780.4091073684,10
1437932.2580499188,11
1438084.1069924694,12
1438235.95593502,10
1438387.8048775704,12
1438539.653820121,10
1438691.5027626713,11
1438843.351705222,11
1438995.2006477725,8
1439147.049590323,10
1439298.8985328735,11
1439450.7474754239,9
1439602.5964179744,9
1439754.445360525,9
1439906.2943030754,12
1440058.143245626,12
1440209.9921881766,11
1440361.841130727,10
1440513.6900732776,11
1440665.539015828,12
1440817.3879583785,12
1440969.236900929,12
1441121.0858434795,11
1441272.93478603,12
1441424.7837285805,12
1441576.632671131,12
1441728.4816136814,12
1441880.330556232,13
1442032.1794987826,10
1442184.028441333,11
1442335.8773838836,10
1442487.7263264342,13
1442639.5752689845,14
1442791.4242115351,14
1442943.2731540855,11
1443095.122096636,11
1443246.9710391867,10
1443398.819981737,11
1443550.6689242877,12
1443702.517866838,12
1443854.3668093886,11
1444006.215751939,12
1444158.0646944896,13
1444309.9136370402,12
1444461.7625795905,13
1444613.6115221411,13
1444765.4604646917,14
1444917.309407242,14
1445069.1583497927,14
1445221.007292343,13
1445372.8562348937,13
1445524.705177444,14
1445676.5541199946,13
1445828.4030625452,13
1445980.2520050956,13
1446132.1009476462,13
1446283.9498901968,13
1446435.7988327472,12
1446587.6477752978,12
1446739.4967178481,12
1446891.3456603987,12
1447043.194602949,13
1447195.0435454997,13
1447346.8924880503,12
1447498.7414306006,13
1447650.5903731512,12
1447802.4393157018,12
1447954.2882582522,12
1448106.1372008028,12
1448257.9861433532,12
1448409.8350859038,13
1448561.6840284544,12
1448713.5329710047,12
1448865.3819135553,14
1449017.2308561057,13
1449169.0797986563,14
1449320.9287412069,14
1449472.7776837572,16
1449624.6266263078,15
1449776.4755688582,15
1449928.3245114088,13
1450080.1734539594,15
1450232.0223965098,14
1450383.8713390604,14
1450535.7202816107,14
1450687.5692241613,13
1450839.418166712,14
1450991.2671092623,14
1451143.116051813,13
1451294.9649943635,13
1451446.8139369139,14
1451598.6628794642,13
1451750.5118220148,13
1451902.3607645654,14
1452054.2097071158,14
1452206.0586496664,12
1452357.907592217,11
1452509.7565347673,12
1452661.605477318,12
1452813.4544198683,12
1452965.303362419,12
1453117.1523049695,11
1453269.0012475199,11
1453420.8501900705,11
1453572.6991326208,11
1453724.5480751714,11
1453876.397017722,13
1454028.2459602724,12
1454180.094902823,12
1454331.9438453736,12
1454483.792787924,15
1454635.6417304745,15
1454787.490673025,16
1454939.3396155755,12
1455091.1885581259,15
1455243.0375006765,14
1455394.886443227,19
1455546.7353857774,12
1455698.584328328,12
1455850.4332708786,12
1456002.282213429,12
1456154.1311559796,15
1456305.98009853,15
1456457.8290410805,14
1456609.677983631,14
1456761.5269261815,14
1456913.375868732,13
1457065.2248112825,14
1457217.073753833,14
1457368.9226963834,16
1457520.771638934,16
1457672.6205814846,14
1457824.469524035,14
1457976.3184665856,15
1458128.167409136,14
1458280.0163516866,15
1458431.8652942372,14
1458583.7142367875,13
1458735.5631793381,13
1458887.4121218887,12
1459039.261064439,12
1459191.1100069897,13
1459342.95894954,15
1459494.8078920906,14
1459646.656834641,14
1459798.5057771916,14
1459950.3547197422,14
1460102.2036622926,12
1460254.0526048432,12
1460405.9015473938,13
1460557.7504899441,11
1460709.5994324947,12
1460861.448375045,11
1461013.2973175957,14
1461165.146260146,13
1461316.9952026966,15
1461468.8441452472,14
1461620.6930877976,13
1461772.5420303482,12
1461924.3909728988,12
1462076.2399154492,12
1462228.0888579998,12
1462379.9378005501,13
1462531.7867431007,13
1462683.635685651,13
1462835.4846282017,12
1462987.3335707523,12
1463139.1825133027,12
1463291.0314558533,13
1463442.8803984039,13
1463594.7293409542,14
1463746.5782835046,11
1463898.4272260552,13
1464050.2761686058,15
1464202.1251111561,15
1464353.9740537067,14
1464505.8229962573,13
1464657.6719388077,13
1464809.5208813583,13
1464961.369823909,12
1465113.2187664593,11
1465265.0677090099,13
1465416.9166515605,14
1465568.7655941108,12
1465720.6145366612,12
1465872.4634792118,13
1466024.3124217624,13
1466176.1613643127,13
1466328.0103068633,14
1466479.859249414,13
1466631.7081919643,13
1466783.557134515,14
1466935.4060770655,13
1467087.2550196159,13
1467239.1039621662,13
1467390.952904717,14
1467542.8018472674,13
1467694.6507898178,16
1467846.4997323684,16
1467998.348674919,16
1468150.1976174694,17
1468302.04656002,16
1468453.8955025703,15
1468605.744445121,17
1468757.5933876715,15
1468909.4423302219,14
1469061.2912727725,14
1469213.1402153228,14
1469364.9891578734,15
1469516.838100424,15
1469668.6870429744,16
1469820.5359855248,16
1469972.3849280756,17
1470124.233870626,16
1470276.0828131766,15
1470427.931755727,15
1470579.7806982775,15
1470731.629640828,17
1470883.4785833785,16
1471035.327525929,14
1471187.1764684794,13
1471339.02541103,13
1471490.8743535806,13
1471642.723296131,12
1471794.5722386814,12
1471946.421181232,12
1472098.2701237826,13
1472250.119066333,13
1472401.9680088835,12
1472553.8169514341,13
1472705.6658939845,13
1472857.514836535,12
1473009.3637790857,12
1473161.212721636,12
1473313.0616641867,12
1473464.9106067372,12
1473616.7595492876,12
1473768.608491838,13
1473920.4574343886,15
1474072.3063769392,15
1474224.1553194895,16
1474376.0042620401,16
1474527.8532045907,15
1474679.702147141,14
1474831.5510896917,14
1474983.400032242,15
1475135.2489747927,13
1475287.097917343,15
1475438.9468598939,14
1475590.7958024442,15
1475742.6447449946,15
1475894.4936875452,14
1476046.3426300958,13
1476198.1915726461,14
1476350.0405151967,13
1476501.889457747,14
1476653.7384002977,14
1476805.5873428483,14
1476957.4362853987,14
1477109.2852279493,14
1477261.1341704996,14
1477412.9831130502,14
1477564.8320556008,14
1477716.6809981512,14
1477868.5299407018,14
1478020.3788832522,14
1478172.2278258028,13
1478324.076768353,13
1478475.925710904,12
1478627.7746534543,13
1478779.6235960047,13
1478931.4725385553,14
1479083.3214811059,12
1479235.1704236562,13
1479387.0193662068,14
1479538.8683087574,14
1479690.7172513078,13
1479842.5661938582,13
1479994.4151364088,14
1480146.2640789594,14
1480298.1130215097,14
1480449.9619640603,15
1480601.810906611,14
1480753.6598491613,16
1480905.5087917119,16
1481057.3577342622,15
1481209.2066768128,14
1481361.0556193632,13
1481512.9045619138,14
1481664.7535044644,12
1481816.6024470148,12
1481968.4513895654,12
1482120.300332116,12
1482272.1492746663,11
1482423.998217217,11
1482575.8471597675,13
1482727.696102318,14
1482879.5450448685,14
1483031.3939874189,14
1483183.2429299694,14
1483335.0918725198,13
1483486.9408150704,14
1483638.789757621,13
1483790.6387001714,15
1483942.487642722,14
1484094.3365852726,15
1484246.185527823,14
1484398.0344703735,12
1484549.883412924,12
1484701.7323554745,12
1484853.581298025,12
1485005.4302405755,12
1485157.279183126,13
1485309.1281256764,11
1485460.977068227,12
1485612.8260107776,12
1485764.674953328,13
1485916.5238958786,13
1486068.372838429,12
1486220.2217809795,14
1486372.07072353,13
1486523.9196660805,11
1486675.768608631,13
1486827.6175511815,14
1486979.466493732,13
1487131.3154362827,12
1487283.164378833,12
1487435.0133213834,12
1487586.8622639342,12
1487738.7112064846,13
1487890.560149035,13
1488042.4090915855,13
1488194.2580341361,15
1488346.1069766865,16
1488497.955919237,16
1488649.8048617877,15
1488801.653804338,13
1488953.5027468887,14
1489105.351689439,15
1489257.2006319896,16
1489409.04957454,17
1489560.8985170906,15
1489712.7474596412,15
1489864.5964021916,15
1490016.4453447422,15
1490168.2942872928,14
1490320.1432298431,14
1490471.9921723937,14
1490623.841114944,16
1490775.6900574947,17
1490927.539000045,18
1491079.3879425956,18
1491231.2368851462,17
1491383.0858276966,20
1491534.9347702472,17
1491686.7837127978,17
1491838.6326553482,17
1491990.4815978988,16
1492142.3305404491,15
1492294.1794829997,14
1492446.02842555,16
1492597.8773681007,15
1492749.7263106513,13
1492901.5752532016,16
1493053.4241957522,18
1493205.2731383028,14
1493357.1220808532,14
1493508.9710234038,12
1493660.8199659542,13
1493812.6689085048,13
1493964.5178510551,12
1494116.3667936057,13
1494268.2157361563,12
1494420.0646787067,12
1494571.9136212573,11
1494723.762563808,11
1494875.6115063583,12
1495027.4604489089,11
1495179.3093914595,11
1495331.1583340098,12
1495483.0072765604,11
1495634.8562191108,12
1495786.7051616614,12
1495938.5541042117,12
1496090.4030467623,12
1496242.251989313,12
1496394.1009318633,14
1496545.9498744137,12
1496697.7988169643,14
1496849.6477595149,14
1497001.4967020652,14
1497153.345644616,14
1497305.1945871664,14
1497457.0435297168,13
1497608.8924722674,13
1497760.741414818,13
1497912.5903573683,12
1498064.439299919,13
1498216.2882424695,12
1498368.13718502,13
1498519.9861275705,14
1498671.8350701209,15
1498823.6840126715,12
1498975.5329552218,15
1499127.3818977724,16
1499279.230840323,15
1499431.0797828734,15
1499582.928725424,15
1499734.7776679746,15
1499886.626610525,14
1500038.4755530756,14
1500190.324495626,14
1500342.1734381765,14
1500494.0223807269,14
1500645.8713232775,13
1500797.720265828,13
1500949.5692083784,13
1501101.418150929,12
1501253.2670934796,12
1501405.11603603,12
1501556.9649785806,12
1501708.813921131,12
1501860.6628636816,12
1502012.511806232,12
1502164.3607487825,11
1502316.2096913331,11
1502468.0586338835,12
1502619.907576434,12
1502771.7565189847,12
1502923.605461535,11
1503075.4544040856,13
1503227.303346636,14
1503379.1522891866,12
1503531.0012317372,14
1503682.8501742876,13
1503834.6991168382,14
1503986.5480593885,13
1504138.3970019391,12
1504290.2459444897,12
1504442.09488704,13
1504593.9438295905,13
1504745.792772141,14
1504897.6417146917,14
1505049.490657242,17
1505201.3395997928,16
1505353.1885423432,15
1505505.0374848936,14
1505656.8864274442,14
1505808.7353699948,14
1505960.5843125451,14
1506112.4332550957,15
1506264.282197646,16
1506416.1311401967,14
1506567.980082747,14
1506719.8290252977,13
1506871.6779678483,15
1507023.5269103986,15
1507175.3758529492,15
1507327.2247954998,15
1507479.0737380502,15
1507630.9226806008,16
1507782.7716231511,15
1507934.6205657017,16
1508086.469508252,17
1508238.3184508027,16
1508390.1673933533,15
1508542.0163359037,15
1508693.8652784543,15
1508845.7142210046,14
1508997.5631635552,14
1509149.4121061058,14
1509301.2610486564,15
1509453.1099912068,16
1509604.9589337572,16
1509756.8078763078,16
1509908.6568188583,16
1510060.5057614087,18
1510212.3547039593,14
1510364.20364651,14
1510516.0525890603,14
1510667.9015316109,14
1510819.7504741615,13
1510971.5994167118,13
1511123.4483592622,12
1511275.2973018128,13
1511427.1462443634,14
1511578.995186914,14
1511730.8441294644,14
1511882.693072015,15
1512034.5420145653,15
1512186.390957116,16
1512338.2398996665,14
1512490.0888422169,14
1512641.9377847675,15
1512793.7867273178,15
1512945.6356698684,16
1513097.4846124188,17
1513249.3335549694,15
1513401.18249752,14
1513553.0314400704,13
1513704.880382621,14
1513856.7293251716,15
1514008.578267722,16
1514160.4272102725,17
1514312.2761528231,16
1514464.1250953735,14
1514615.9740379239,16
1514767.8229804744,14
1514919.671923025,15
1515071.5208655754,14
1515223.3698081258,14
1515375.2187506766,14
1515527.067693227,14
1515678.9166357776,15
1515830.7655783282,15
1515982.6145208785,14
1516134.463463429,14
1516286.3124059795,12
1516438.16134853,13
1516590.0102910805,20
1516741.859233631,18
1516893.7081761814,17
1517045.557118732,15
1517197.4060612826,16
1517349.255003833,13
1517501.1039463836,13
1517652.952888934,16
1517804.8018314845,16
1517956.6507740351,16
1518108.4997165855,16
1518260.348659136,17
1518412.1976016867,17
1518564.046544237,17
1518715.8954867877,18
1518867.744429338,18
1519019.5933718886,16
1519171.442314439,17
1519323.2912569896,17
1519475.1401995402,15
1519626.9891420905,15
1519778.8380846411,17
1519930.6870271917,17
1520082.535969742,15
1520234.3849122927,16
1520386.233854843,14
1520538.0827973937,15
1520689.931739944,14
1520841.7806824946,15
1520993.6296250452,14
1521145.4785675956,15
1521297.3275101462,16
1521449.1764526968,16
1521601.0253952472,16
1521752.8743377978,19
1521904.7232803483,16
1522056.5722228987,17
1522208.4211654493,15
1522360.2701079997,16
1522512.1190505503,17
1522663.9679931006,17
1522815.8169356512,17
1522967.6658782018,19
1523119.5148207522,19
1523271.3637633026,19
1523423.2127058534,19
1523575.0616484038,19
1523726.9105909541,18
1523878.7595335047,16
1524030.6084760553,17
1524182.4574186057,17
1524334.3063611563,18
1524486.1553037066,17
1524638.0042462572,18
1524789.8531888078,19
1524941.7021313582,17
1525093.5510739088,16
1525245.4000164592,15
1525397.2489590098,14
1525549.0979015604,16
1525700.9468441107,15
1525852.7957866613,16
1526004.644729212,16
1526156.4936717623,16
1526308.342614313,16
1526460.1915568635,17
1526612.0404994139,16
1526763.8894419642,15
1526915.7383845148,15
1527067.5873270654,15
1527219.4362696158,15
1527371.2852121664,15
1527523.134154717,15
1527674.9830972673,15
1527826.832039818,16
1527978.6809823685,16
1528130.529924919,16
1528282.3788674695,16
1528434.2278100199,18
1528586.0767525705,18
1528737.9256951208,17
1528889.7746376714,16
1529041.623580222,16
1529193.4725227724,16
1529345.321465323,16
1529497.1704078736,17
1529649.019350424,16
1529800.8682929745,17
1529952.717235525,17
1530104.5661780755,18
1530256.415120626,17
1530408.2640631765,17
1530560.113005727,18
1530711.9619482774,19
1530863.810890828,19
1531015.6598333786,19
1531167.508775929,18
1531319.3577184796,18
1531471.20666103,19
1531623.0556035805,16
1531774.904546131,16
1531926.7534886815,18
1532078.602431232,20
1532230.4513737825,21
1532382.300316333,21
1532534.1492588837,18
1532685.998201434,18
1532837.8471439846,19
1532989.696086535,21
1533141.5450290856,18
1533293.393971636,17
1533445.2429141866,16
1533597.0918567372,15
1533748.9407992875,16
1533900.7897418381,17
1534052.6386843887,15
1534204.487626939,15
1534356.3365694897,15
1534508.1855120403,16
1534660.0344545906,13
1534811.883397141,14
1534963.7323396916,14
1535115.5812822422,13
1535267.4302247926,13
1535419.2791673432,15
1535571.1281098938,15
1535722.9770524441,15
1535874.8259949947,16
1536026.674937545,16
1536178.5238800957,15
1536330.372822646,17
1536482.2217651966,17
1536634.0707077472,18
1536785.9196502976,17
1536937.7685928482,17
1537089.6175353988,16
1537241.4664779492,14
1537393.3154204998,15
1537545.1643630501,14
1537697.0133056007,14
1537848.862248151,14
1538000.7111907017,13
1538152.5601332523,14
1538304.4090758027,14
1538456.2580183533,14
1538608.1069609039,13
1538759.9559034542,13
1538911.8048460046,14
1539063.6537885554,14
1539215.5027311058,15
1539367.3516736561,15
1539519.2006162067,15
1539671.0495587573,14
1539822.8985013077,14
1539974.7474438583,14
1540126.596386409,14
1540278.4453289593,14
1540430.2942715099,14
1540582.1432140605,14
1540733.9921566108,14
1540885.8410991612,15
1541037.6900417118,14
1541189.5389842624,13
1541341.3879268127,14
1541493.2368693633,12
1541645.085811914,12
1541796.9347544643,14
1541948.783697015,14
1542100.6326395655,13
1542252.4815821159,13
1542404.3305246665,13
1542556.179467217,12
1542708.0284097674,12
1542859.8773523178,13
1543011.7262948684,13
1543163.575237419,13
1543315.4241799694,12
1543467.27312252,12
1543619.1220650703,12
1543770.971007621,14
1543922.8199501715,14
1544074.6688927219,12
1544226.5178352725,14
1544378.3667778228,14
1544530.2157203734,14
1544682.064662924,12
1544833.9136054744,13
1544985.7625480248,15
1545137.6114905756,16
1545289.460433126,17
1545441.3093756766,15
1545593.158318227,14
1545745.0072607775,15
1545896.856203328,15
1546048.7051458785,15
1546200.554088429,14
1546352.4030309794,14
1546504.25197353,13
1546656.1009160806,14
1546807.949858631,13
1546959.7988011814,13
1547111.647743732,14
1547263.4966862826,14
1547415.345628833,14
1547567.1945713835,14
1547719.0435139341,13
1547870.8924564845,13
1548022.741399035,13
1548174.5903415857,13
1548326.439284136,13
1548478.2882266867,14
1548630.1371692372,13
1548781.9861117876,14
1548933.835054338,13
1549085.6839968886,14
1549237.5329394392,14
1549389.3818819895,14
1549541.2308245401,14
1549693.0797670907,13
1549844.928709641,15
1549996.7776521917,14
1550148.626594742,14
1550300.4755372927,15
1550452.324479843,15
1550604.1734223939,15
1550756.0223649442,15
1550907.8713074946,14
1551059.7202500452,15
1551211.5691925958,14
1551363.4181351461,14
1551515.2670776967,15
1551667.116020247,13
1551818.9649627977,13
1551970.8139053483,13
1552122.6628478987,13
1552274.5117904493,13
1552426.3607329996,13
1552578.2096755502,14
1552730.0586181008,16
1552881.9075606512,14
1553033.7565032018,14
1553185.6054457524,13
1553337.4543883028,13
1553489.303330853,14
1553641.152273404,16
1553793.0012159543,17
1553944.8501585047,15
1554096.6991010553,14
1554248.5480436059,16
1554400.3969861562,14
1554552.2459287066,14
1554704.0948712572,15
1554855.9438138078,14
1555007.7927563582,14
1555159.6416989088,14
1555311.4906414594,15
1555463.3395840097,15
1555615.1885265603,14
1555767.037469111,14
1555918.8864116613,14
1556070.7353542119,15
1556222.5842967622,13
1556374.4332393128,14
1556526.2821818634,13
1556678.1311244138,17
1556829.9800669644,17
1556981.829009515,18
1557133.6779520654,17
1557285.526894616,16
1557437.3758371663,16
1557589.224779717,15
1557741.0737222675,17
1557892.922664818,15
1558044.7716073685,17
1558196.6205499189,16
1558348.4694924694,15
1558500.3184350198,16
1558652.1673775704,15
1558804.016320121,15
1558955.8652626714,14
1559107.714205222,14
1559259.5631477726,16
1559411.412090323,16
1559563.2610328735,15
1559715.109975424,19
1559866.9589179745,16
1560018.807860525,17
1560170.6568030755,19
1560322.505745626,19
1560474.3546881764,17
1560626.203630727,20
1560778.0525732776,19
1560929.901515828,18
1561081.7504583786,19
1561233.599400929,18
1561385.4483434795,18
1561537.29728603,17
1561689.1462285805,18
1561840.995171131,16
1561992.8441136815,16
1562144.693056232,22
1562296.5419987824,17
1562448.390941333,19
1562600.2398838834,21
1562752.088826434,18
1562903.9377689846,19
1563055.786711535,19
1563207.6356540855,19
1563359.4845966361,18
1563511.3335391865,18
1563663.182481737,17
1563815.0314242877,15
1563966.880366838,17
1564118.7293093887,16
1564270.578251939,16
1564422.4271944896,17
1564574.27613704,19
1564726.1250795906,13
1564877.9740221412,14
1565029.8229646916,14
1565181.6719072422,14
1565333.5208497925,15
1565485.3697923431,15
1565637.2187348937,15
1565789.067677444,17
1565940.9166199947,16
1566092.765562545,16
1566244.6145050956,17
1566396.4634476462,17
1566548.3123901966,16
1566700.1613327472,16
1566852.0102752978,16
1567003.8592178482,17
1567155.7081603988,16
1567307.5571029494,17
1567459.4060454997,15
1567611.2549880503,16
1567763.1039306007,16
1567914.9528731513,18
1568066.8018157019,14
1568218.6507582522,17
1568370.4997008028,15
1568522.3486433532,15
1568674.1975859036,14
1568826.0465284544,15
1568977.8954710048,14
1569129.7444135551,15
1569281.5933561057,15
1569433.4422986563,14
1569585.2912412067,14
1569737.1401837573,15
1569888.989126308,17
1570040.8380688583,19
1570192.6870114089,18
1570344.5359539595,16
1570496.3848965098,18
1570648.2338390604,12
1570800.0827816108,14
1570951.9317241614,16
1571103.780666712,16
1571255.6296092623,16
1571407.478551813,14
1571559.3274943635,14
1571711.176436914,13
1571863.0253794645,14
1572014.8743220149,15
1572166.7232645655,12
1572318.572207116,14
1572470.4211496664,14
1572622.2700922168,17
1572774.1190347674,16
1572925.967977318,14
1573077.8169198683,17
1573229.665862419,18
1573381.5148049693,17
1573533.36374752,14
1573685.2126900705,14
1573837.0616326209,17
1573988.9105751715,14
1574140.7595177218,16
1574292.6084602724,17
1574444.457402823,17
1574596.3063453734,17
1574748.155287924,17
1574900.0042304746,16
1575051.853173025,15
1575203.7021155756,13
1575355.551058126,13
1575507.4000006765,13
1575659.248943227,13
1575811.0978857775,13
1575962.946828328,13
1576114.7957708784,14
1576266.644713429,14
1576418.4936559796,16
1576570.34259853,16
1576722.1915410804,15
1576874.040483631,13
1577025.8894261816,11
1577177.738368732,11
1577329.5873112825,11
1577481.4362538331,10
1577633.2851963835,11
1577785.134138934,11
1577936.9830814847,13
1578088.832024035,12
1578240.6809665856,11
1578392.5299091362,11
1578544.3788516866,11
1578696.2277942372,11
1578848.0767367876,11
1578999.9256793382,13
1579151.7746218885,12
1579303.6235644391,11
1579455.4725069897,12
1579607.32144954,12
1579759.1703920907,12
1579911.019334641,12
1580062.8682771917,13
1580214.717219742,13
1580366.5661622928,14
1580518.4151048432,13
1580670.2640473936,13
1580822.1129899442,13
1580973.9619324945,15
1581125.8108750451,13
1581277.6598175955,12
1581429.508760146,14
1581581.3577026967,12
1581733.206645247,12
1581885.055587798,13
1582036.9045303483,13
1582188.7534728986,10
1582340.6024154492,10
1582492.4513579998,10
1582644.3003005502,10
1582796.1492431008,11
1582947.9981856514,11
1583099.8471282017,11
1583251.696070752,11
1583403.5450133027,11
1583555.393955853,9
1583707.242898404,11
1583859.0918409543,11
1584010.9407835046,11
1584162.7897260552,12
1584314.6386686058,11
1584466.4876111564,12
1584618.3365537068,10
1584770.1854962572,11
1584922.0344388078,11
1585073.8833813583,11
1585225.7323239087,11
1585377.5812664593,11
1585529.43020901,11
1585681.2791515603,11
1585833.1280941109,9
1585984.9770366615,10
1586136.8259792118,10
1586288.6749217624,9
1586440.5238643128,10
1586592.3728068634,12
1586744.221749414,11
1586896.0706919644,9
1587047.919634515,10
1587199.7685770653,9
1587351.617519616,9
1587503.4664621665,9
1587655.3154047169,9
1587807.1643472675,9
1587959.0132898178,9
1588110.8622323684,10
1588262.7111749188,9
1588414.5601174694,9
1588566.40906002,10
1588718.2580025704,11
1588870.106945121,10
1589021.9558876716,9
1589173.804830222,10
1589325.6537727725,11
1589477.502715323,11
1589629.3516578735,11
1589781.200600424,11
1589933.0495429744,11
1590084.898485525,11
1590236.7474280754,12
1590388.596370626,11
1590540.4453131766,13
1590692.294255727,10
1590844.1431982776,9
1590995.992140828,9
1591147.8410833785,9
1591299.690025929,11
1591451.5389684795,11
1591603.38791103,11
1591755.2368535805,12
1591907.085796131,9
1592058.9347386814,9
1592210.783681232,8
1592362.6326237826,9
1592514.481566333,10
1592666.3305088836,10
1592818.179451434,12
1592970.0283939845,10
1593121.8773365351,10
1593273.7262790855,11
1593425.575221636,10
1593577.4241641867,12
1593729.273106737,13
1593881.1220492877,12
1594032.970991838,11
1594184.8199343886,11
1594336.668876939,12
1594488.5178194898,10
1594640.3667620402,10
1594792.2157045905,11
1594944.0646471411,11
1595095.9135896915,11
1595247.762532242,11
1595399.6114747925,10
1595551.460417343,10
1595703.3093598937,11
1595855.1583024443,13
1596007.0072449946,12
1596158.8561875452,10
1596310.7051300956,10
1596462.5540726462,9
1596614.4030151968,9
1596766.2519577472,10
1596918.1009002978,10
1597069.9498428483,10
1597221.7987853987,10
1597373.6477279493,10
1597525.4966704997,11
1597677.3456130503,12
1597829.1945556006,11
1597981.0434981512,8
1598132.8924407018,10
1598284.7413832522,10
1598436.5903258028,10
1598588.4392683534,11
1598740.2882109038,10
1598892.1371534541,11
1599043.9860960047,12
1599195.8350385553,11
1599347.6839811057,10
1599499.5329236563,11
1599651.3818662066,9
1599803.2308087572,8
1599955.0797513078,7
1600106.9286938582,7
1600258.7776364088,9
1600410.6265789592,10
1600562.4755215098,13
1600714.3244640604,12
1600866.1734066107,11
1601018.0223491613,11
1601169.871291712,11
1601321.7202342623,11
1601473.569176813,11
1601625.4181193635,11
1601777.2670619139,12
1601929.1160044644,11
1602080.9649470148,11
1602232.8138895654,11
1602384.662832116,10
1602536.5117746664,11
1602688.360717217,12
1602840.2096597673,11
1602992.058602318,11
1603143.9075448685,10
1603295.756487419,11
1603447.6054299693,11
1603599.4543725199,13
1603751.3033150705,11
1603903.1522576208,12
1604055.0012001714,12
1604206.850142722,12
1604358.6990852724,13
1604510.548027823,13
1604662.3969703736,12
1604814.245912924,13
1604966.0948554745,12
1605117.9437980251,12
1605269.7927405755,14
1605421.641683126,13
1605573.4906256765,11
1605725.339568227,12
1605877.1885107774,11
1606029.037453328,10
1606180.8863958786,11
1606332.735338429,13
1606484.5842809796,11
1606636.43322353,12
1606788.2821660805,11
1606940.131108631,11
1607091.9800511815,12
1607243.828993732,13
1607395.6779362825,11
1607547.526878833,12
1607699.3758213837,14
1607851.224763934,12
1608003.0737064846,12
1608154.9226490352,12
1608306.7715915856,11
1608458.6205341362,11
1608610.4694766866,11
1608762.3184192372,12
1608914.1673617875,10
1609066.0163043381,9
1609217.8652468887,9
1609369.714189439,10
1609521.5631319897,9
1609673.41207454,9
1609825.2610170906,9
1609977.109959641,11
1610128.9589021916,10
1610280.8078447422,10
1610432.6567872926,10
1610584.5057298432,10
1610736.3546723938,9
1610888.2036149441,8
1611040.0525574947,10
1611191.901500045,8
1611343.7504425957,10
1611495.599385146,10
1611647.4483276966,9
1611799.2972702472,7
1611951.1462127976,7
1612102.9951553482,8
1612254.8440978988,10
1612406.6930404492,9
1612558.5419829998,10
1612710.3909255504,9
1612862.2398681007,9
1613014.088810651,10
1613165.937753202,10
1613317.7866957523,12
1613469.6356383027,12
1613621.484580853,10
1613773.3335234036,10
1613925.1824659542,9
1614077.0314085046,8
1614228.8803510554,8
1614380.7292936058,9
1614532.5782361564,10
1614684.4271787067,10
1614836.2761212573,11
1614988.1250638077,9
1615139.9740063583,10
1615291.822948909,9
1615443.6718914593,10
1615595.5208340099,10
1615747.3697765605,12
1615899.2187191108,12
1616051.0676616614,9
1616202.9166042118,10
1616354.7655467624,11
1616506.614489313,10
1616658.4634318633,9
1616810.312374414,9
1616962.1613169643,10
1617114.0102595147,11
1617265.8592020655,12
1617417.7081446159,11
1617569.5570871665,10
1617721.4060297168,11
1617873.2549722674,12
1618025.1039148178,14
1618176.9528573684,10
1618328.801799919,11
1618480.6507424694,10
1618632.49968502,10
1618784.3486275703,12
1618936.197570121,12
1619088.0465126713,13
1619239.8954552219,12
1619391.7443977725,11
1619543.5933403228,11
1619695.4422828734,9
1619847.291225424,11
1619999.1401679744,9
1620150.989110525,10
1620302.8380530756,9
1620454.686995626,10
1620606.5359381766,12
1620758.3848807272,11
1620910.2338232775,11
1621062.082765828,11
1621213.9317083785,10
1621365.780650929,10
1621517.6295934794,12
1621669.4785360298,11
1621821.3274785804,11
1621973.176421131,11
1622125.0253636814,9
1622276.874306232,12
1622428.7232487826,12
1622580.572191333,14
1622732.4211338835,11
1622884.2700764341,13
1623036.1190189845,12
1623187.967961535,9
1623339.8169040857,10
1623491.665846636,11
1623643.5147891867,13
1623795.3637317372,12
1623947.2126742876,12
1624099.0616168382,13
1624250.9105593886,12
1624402.7595019392,11
1624554.6084444895,13
1624706.4573870401,11
1624858.3063295907,11
1625010.155272141,11
1625162.0042146915,12
1625313.853157242,11
1625465.7020997927,9
1625617.551042343,10
1625769.3999848936,10
1625921.2489274442,10
1626073.0978699946,10
1626224.9468125452,10
1626376.7957550958,11
1626528.6446976461,12
1626680.4936401967,14
1626832.3425827473,11
1626984.1915252977,11
1627136.0404678483,10
1627287.8894103987,8
1627439.7383529493,12
1627591.5872954996,13
1627743.4362380502,12
1627895.2851806008,13
1628047.1341231512,12
1628198.9830657018,14
1628350.8320082524,11
1628502.6809508028,11
1628654.529893353,10
1628806.378835904,11
1628958.2277784543,12
1629110.0767210047,10
1629261.9256635553,11
1629413.7746061059,10
1629565.6235486562,10
1629717.4724912066,10
1629869.3214337572,11
1630021.1703763078,11
1630173.0193188582,11
1630324.8682614088,9
1630476.7172039594,11
1630628.5661465097,13
1630780.4150890603,12
1630932.264031611,12
1631084.1129741613,11
1631235.9619167119,12
1631387.8108592625,12
1631539.6598018128,11
1631691.5087443634,10
1631843.357686914,10
1631995.2066294644,11
1632147.0555720148,12
1632298.9045145654,13
1632450.753457116,10
1632602.6023996663,12
1632754.451342217,11
1632906.3002847675,10
1633058.149227318,12
1633209.9981698685,11
1633361.8471124189,10
1633513.6960549694,11
1633665.5449975198,11
1633817.3939400704,11
1633969.242882621,11
1634121.0918251714,9
1634272.940767722,9
1634424.7897102723,9
1634576.638652823,9
1634728.4875953735,11
1634880.336537924,11
1635032.1854804745,11
1635184.034423025,12
1635335.8833655755,12
1635487.732308126,13
1635639.5812506764,12
1635791.430193227,11
1635943.2791357776,14
1636095.128078328,14
1636246.9770208786,13
1636398.825963429,14
1636550.6749059795,13
1636702.52384853,12
1636854.3727910805,11
1637006.221733631,11
1637158.0706761815,11
1637309.919618732,11
1637461.7685612824,10
1637613.617503833,11
1637765.4664463834,10
1637917.315388934,10
1638069.1643314846,11
1638221.013274035,10
1638372.8622165858,13
1638524.7111591361,10
1638676.5601016865,12
1638828.409044237,13
1638980.2579867877,12
1639132.106929338,11
1639283.9558718887,11
1639435.804814439,11
1639587.6537569896,11
1639739.50269954,11
1639891.3516420906,11
1640043.2005846412,10
1640195.0495271916,11
1640346.8984697422,12
1640498.7474122925,11
1640650.5963548431,10
1640802.4452973937,11
1640954.2942399443,11
1641106.1431824947,11
1641257.992125045,11
1641409.8410675956,11
1641561.6900101462,12
1641713.5389526966,13
1641865.3878952472,12
1642017.2368377978,12
1642169.0857803482,12
1642320.9347228988,12
1642472.7836654494,12
1642624.6326079997,13
1642776.4815505503,12
1642928.3304931007,13
1643080.1794356513,13
1643232.0283782019,12
1643383.8773207522,13
1643535.7262633028,13
1643687.5752058532,13
1643839.4241484036,13
1643991.2730909544,13
1644143.1220335048,12
1644294.9709760551,12
1644446.8199186057,13
1644598.6688611563,13
1644750.5178037067,11
1644902.3667462573,11
1645054.215688808,12
1645206.0646313583,15
1645357.9135739089,15
1645509.7625164595,16
1645661.6114590098,13
1645813.4604015604,15
1645965.3093441108,13
1646117.1582866614,12
1646269.007229212,12
1646420.8561717623,12
1646572.705114313,11
1646724.5540568635,12
1646876.402999414,12
1647028.2519419645,11
1647180.1008845149,11
1647331.9498270655,11
1647483.798769616,13
1647635.6477121664,12
1647787.4966547168,13
1647939.3455972674,12
1648091.194539818,13
1648243.0434823683,12
1648394.892424919,12
1648546.7413674693,11
1648698.59031002,11
1648850.4392525705,11
1649002.2881951209,12
1649154.1371376715,11
1649305.9860802218,12
1649457.8350227724,12
1649609.683965323,14
1649761.5329078734,13
1649913.381850424,11
1650065.2307929746,14
1650217.079735525,14
1650368.9286780756,14
1650520.777620626,14
1650672.6265631765,12
1650824.475505727,13
1650976.3244482775,13
1651128.173390828,12
1651280.0223333784,12
1651431.871275929,12
1651583.7202184796,12
1651735.56916103,12
1651887.4181035804,12
1652039.267046131,11
1652191.1159886816,12
1652342.964931232,13
1652494.8138737825,11
1652646.6628163331,10
1652798.5117588835,11
1652950.360701434,13
1653102.2096439847,13
1653254.058586535,14
1653405.9075290856,13
1653557.7564716362,12
1653709.6054141866,14
1653861.4543567372,15
1654013.3032992876,13
1654165.1522418382,13
1654317.0011843885,14
1654468.8501269391,13
1654620.6990694897,14
1654772.54801204,15
1654924.3969545907,13
1655076.245897141,13
1655228.0948396917,11
1655379.943782242,11
1655531.7927247928,11
1655683.6416673432,12
1655835.4906098936,13
1655987.3395524442,13
1656139.1884949945,14
1656291.0374375451,13
1656442.8863800955,13
1656594.735322646,13
1656746.5842651967,12
1656898.433207747,12
1657050.282150298,13
1657202.1310928483,13
1657353.9800353986,11
1657505.8289779492,12
1657657.6779204998,12
1657809.5268630502,13
1657961.3758056008,12
1658113.2247481514,11
1658265.0736907017,11
1658416.922633252,12
1658568.771575803,13
1658720.6205183533,12
1658872.469460904,14
1659024.3184034543,13
1659176.1673460046,13
1659328.0162885552,12
1659479.8652311058,12
1659631.7141736564,10
1659783.5631162068,10
1659935.4120587572,10
1660087.2610013078,10
1660239.1099438583,11
1660390.9588864087,11
1660542.8078289593,11
1660694.65677151,11
1660846.5057140603,11
1660998.3546566109,12
1661150.2035991615,12
1661302.0525417118,10
1661453.9014842624,9
1661605.7504268128,10
1661757.5993693634,9
1661909.448311914,9
1662061.2972544644,9
1662213.146197015,9
1662364.9951395653,10
1662516.844082116,10
1662668.6930246665,10
1662820.5419672169,13
1662972.3909097675,8
1663124.2398523178,8
1663276.0887948684,9
1663427.9377374188,8
1663579.7866799694,8
1663731.63562252,8
1663883.4845650704,8
1664035.333507621,8
1664187.1824501716,8
1664339.031392722,8
1664490.8803352725,8
1664642.729277823,8
1664794.5782203735,8
1664946.427162924,9
1665098.2761054744,9
1665250.125048025,9
1665401.9739905754,8
1665553.822933126,8
1665705.6718756766,8
1665857.520818227,9
1666009.3697607776,9
1666161.218703328,10
1666313.0676458785,10
1666464.916588429,9
1666616.7655309795,10
1666768.61447353,12
1666920.4634160805,13
1667072.312358631,13
1667224.1613011814,12
1667376.010243732,11
1667527.8591862826,10
1667679.708128833,10
1667831.5570713836,12
1667983.406013934,14
1668135.2549564845,14
1668287.1038990351,10
1668438.9528415855,10
1668590.801784136,9
1668742.6507266867,9
1668894.499669237,9
1669046.3486117877,8
1669198.197554338,9
1669350.0464968886,10
1669501.895439439,9
1669653.7443819896,9
1669805.5933245402,11
1669957.4422670905,8
1670109.2912096411,11
1670261.1401521915,10
1670412.989094742,10
1670564.8380372925,11
1670716.6869798433,13
1670868.5359223937,10
1671020.3848649443,10
1671172.2338074946,10
1671324.0827500452,8
1671475.9316925956,9
1671627.7806351462,10
1671779.6295776968,9
1671931.4785202472,9
1672083.3274627978,8
1672235.1764053483,10
1672387.0253478987,10
1672538.8742904493,11
1672690.7232329997,10
1672842.5721755503,11
1672994.4211181006,10
1673146.2700606512,10
1673298.1190032018,10
1673449.9679457522,9
1673601.8168883028,9
1673753.6658308532,11
1673905.5147734038,10
1674057.3637159544,9
1674209.2126585047,10
1674361.0616010553,9
1674512.9105436057,9
1674664.7594861563,9
1674816.6084287069,10
1674968.4573712572,9
1675120.3063138078,11
1675272.1552563582,11
1675424.0041989088,11
1675575.8531414592,11
1675727.7020840098,9
1675879.5510265604,8
1676031.3999691107,9
1676183.2489116613,9
1676335.097854212,10
1676486.9467967623,11
1676638.795739313,12
1676790.6446818635,12
1676942.4936244139,12
1677094.3425669644,10
1677246.1915095148,10
1677398.0404520654,10
1677549.889394616,10
1677701.7383371664,10
1677853.587279717,10
1678005.4362222673,10
1678157.285164818,10
1678309.1341073685,9
1678460.983049919,9
1678612.8319924693,9
1678764.6809350199,12
1678916.5298775705,10
1679068.3788201208,13
1679220.2277626714,12
1679372.076705222,11
1679523.9256477724,12
1679675.774590323,10
1679827.6235328736,12
1679979.472475424,10
1680131.3214179745,11
1680283.1703605251,10
1680435.0193030755,8
1680586.868245626,10
1680738.7171881765,8
1680890.566130727,12
1681042.4150732774,10
1681194.264015828,10
1681346.1129583786,9
1681497.961900929,10
1681649.8108434796,10
1681801.65978603,10
1681953.5087285805,8
1682105.357671131,10
1682257.2066136815,10
1682409.055556232,10
1682560.9044987825,10
1682712.753441333,10
1682864.6023838837,10
1683016.451326434,9
1683168.3002689846,11
1683320.1492115352,13
1683471.9981540856,11
1683623.8470966362,14
1683775.6960391866,12
1683927.5449817372,13
1684079.3939242875,13
1684231.2428668381,13
1684383.0918093887,12
1684534.940751939,12
1684686.7896944897,12
1684838.63863704,13
1684990.4875795906,12
1685142.336522141,10
1685294.1854646916,11
1685446.0344072422,11
1685597.8833497928,11
1685749.7322923432,12
1685901.5812348935,12
1686053.4301774441,11
1686205.2791199947,13
1686357.1280625453,13
1686508.9770050957,13
1686660.825947646,10
1686812.6748901966,11
1686964.5238327472,11
1687116.3727752976,10
1687268.2217178482,9
1687420.0706603988,9
1687571.9196029492,9
1687723.7685454998,9
1687875.6174880504,10
1688027.4664306007,10
1688179.315373151,11
1688331.164315702,14
1688483.0132582523,11
1688634.862200803,13
1688786.7111433533,10
1688938.5600859039,11
1689090.4090284542,13
1689242.2579710046,12
1689394.1069135554,11
1689545.9558561058,16
1689697.8047986564,13
1689849.6537412067,11
1690001.5026837573,12
1690153.3516263077,14
1690305.2005688583,12
1690457.049511409,12
1690608.8984539593,12
1690760.7473965099,14
1690912.5963390605,15
1691064.4452816108,13
1691216.2942241614,14
1691368.1431667118,14
1691519.9921092624,14
1691671.841051813,13
1691823.6899943633,13
1691975.538936914,13
1692127.3878794643,13
1692279.2368220147,13
1692431.0857645655,13
1692582.9347071159,14
1692734.7836496665,14
1692886.6325922168,13
1693038.4815347674,14
1693190.3304773178,15
1693342.1794198684,15
1693494.028362419,16
1693645.8773049694,16
1693797.72624752,15
1693949.5751900703,15
1694101.424132621,14
1694253.2730751713,13
1694405.1220177219,14
1694556.9709602725,13
1694708.8199028228,13
1694860.6688453734,13
1695012.517787924,14
1695164.3667304744,14
1695316.215673025,13
1695468.0646155756,11
1695619.913558126,14
1695771.7625006766,14
1695923.6114432272,14
1696075.4603857775,13
1696227.309328328,13
1696379.1582708785,14
1696531.007213429,13
1696682.8561559794,12
1696834.70509853,13
1696986.5540410804,12
1697138.402983631,11
1697290.2519261814,12
1697442.100868732,12
1697593.9498112826,12
1697745.798753833,13
1697897.6476963835,11
1698049.4966389341,11
1698201.3455814845,11
1698353.194524035,12
1698505.0434665857,13
1698656.892409136,13
1698808.7413516867,13
1698960.5902942372,12
1699112.4392367876,12
1699264.2881793382,12
1699416.1371218886,17
1699567.9860644392,19
1699719.8350069895,13
1699871.6839495401,14
1700023.5328920907,13
1700175.381834641,14
1700327.2307771915,13
1700479.0797197423,12
1700630.9286622927,14
1700782.777604843,13
1700934.6265473936,12
1701086.4754899442,11
1701238.3244324946,11
1701390.1733750452,10
1701542.0223175958,10
1701693.8712601461,13
1701845.7202026967,10
1701997.5691452473,11
1702149.4180877977,13
1702301.2670303483,13
1702453.1159728987,18
1702604.9649154493,15
1702756.8138579996,12
1702908.6628005502,14
1703060.5117431008,12
1703212.3606856512,10
1703364.2096282018,11
1703516.0585707524,12
1703667.9075133028,11
1703819.7564558533,12
1703971.605398404,11
1704123.4543409543,11
1704275.3032835047,13
1704427.1522260553,11
1704579.0011686059,10
1704730.8501111562,10
1704882.6990537068,11
1705034.5479962572,11
1705186.3969388078,12
1705338.2458813582,11
1705490.0948239088,11
1705641.9437664594,15
1705793.7927090097,12
1705945.6416515603,11
1706097.490594111,11
1706249.3395366613,10
1706401.1884792119,8
1706553.0374217625,9
1706704.8863643128,9
1706856.7353068634,9
1707008.584249414,9
1707160.4331919644,9
1707312.2821345148,9
1707464.1310770654,9
1707615.980019616,11
1707767.8289621663,10
1707919.677904717,9
1708071.5268472675,9
1708223.375789818,9
1708375.2247323685,8
1708527.0736749189,11
1708678.9226174694,11
1708830.7715600198,10
1708982.6205025704,10
1709134.469445121,9
1709286.3183876714,10
1709438.167330222,11
1709590.0162727726,9
1709741.865215323,10
1709893.7141578735,8
1710045.563100424,8
1710197.4120429745,8
1710349.260985525,9
1710501.1099280755,8
1710652.958870626,8
1710804.8078131764,9
1710956.656755727,9
1711108.5056982776,8
1711260.354640828,8
1711412.2035833786,10
1711564.052525929,12
1711715.9014684795,10
1711867.75041103,11
1712019.5993535807,10
1712171.448296131,9
1712323.2972386815,11
1712475.146181232,10
1712626.9951237824,11
1712778.844066333,11
1712930.6930088836,10
1713082.541951434,10
1713234.3908939846,10
1713386.239836535,9
1713538.0887790858,10
1713689.9377216361,10
1713841.7866641865,9
1713993.635606737,9
1714145.4845492877,12
1714297.333491838,11
1714449.1824343887,11
1714601.031376939,12
1714752.8803194896,12
1714904.72926204,12
1715056.5782045906,13
1715208.4271471412,12
1715360.2760896916,13
1715512.1250322422,12
1715663.9739747925,12
1715815.8229173431,12
1715967.6718598935,11
1716119.5208024443,12
1716271.3697449947,11
1716423.2186875453,10
1716575.0676300956,9
1716726.9165726462,10
1716878.7655151966,11
1717030.6144577472,9
1717182.4634002978,9
1717334.3123428482,10
1717486.1612853988,9
1717638.0102279494,9
1717789.8591704997,8
1717941.7081130503,7
1718093.5570556007,8
1718245.4059981513,7
1718397.2549407019,7
1718549.1038832522,7
1718700.9528258028,8
1718852.8017683532,8
1719004.6507109036,8
1719156.4996534544,9
1719308.3485960048,8
1719460.1975385554,9
1719612.0464811057,9
1719763.8954236563,9
1719915.7443662067,8
1720067.5933087573,9
1720219.442251308,9
1720371.2911938583,10
1720523.1401364089,10
1720674.9890789595,10
1720826.8380215098,8
1720978.6869640604,8
1721130.5359066108,9
1721282.3848491614,7
1721434.233791712,7
1721586.0827342623,8
1721737.931676813,9
1721889.7806193635,9
1722041.629561914,8
1722193.4785044645,8
1722345.3274470149,8
1722497.1763895655,10
1722649.025332116,10
1722800.8742746664,10
1722952.7232172168,9
1723104.5721597674,11
1723256.421102318,11
1723408.2700448683,10
1723560.118987419,9
1723711.9679299693,8
1723863.81687252,8
1724015.6658150703,8
1724167.5147576209,8
1724319.3637001715,8
1724471.2126427218,8
1724623.0615852724,9
1724774.910527823,8
1724926.7594703734,9
1725078.608412924,9
1725230.4573554746,9
1725382.306298025,9
1725534.1552405756,9
1725686.0041831261,9
1725837.8531256765,10
1725989.7020682269,10
1726141.5510107775,8
1726293.399953328,11
1726445.2488958784,11
1726597.097838429,11
1726748.9467809796,11
1726900.79572353,12
1727052.6446660804,11
1727204.4936086312,10
1727356.3425511816,11
1727508.191493732,10
1727660.0404362825,10
1727811.8893788331,11
1727963.7383213835,11
1728115.587263934,12
1728267.4362064847,12
1728419.285149035,13
1728571.1340915856,13
1728722.9830341362,12
1728874.8319766866,13
1729026.680919237,13
1729178.5298617876,12
1729330.3788043382,12
1729482.2277468885,11
1729634.0766894391,11
1729785.9256319897,11
1729937.77457454,11
1730089.6235170907,11
1730241.4724596413,11
1730393.3214021917,12
1730545.170344742,11
1730697.0192872926,12
1730848.8682298432,12
1731000.7171723936,13
1731152.5661149444,11
1731304.4150574948,11
1731456.2640000451,13
1731608.1129425957,12
1731759.9618851463,12
1731911.8108276967,11
1732063.659770247,11
1732215.5087127974,12
1732367.3576553483,11
1732519.2065978986,11
1732671.0555404492,13
1732822.9044829998,11
1732974.7534255502,11
1733126.6023681008,11
1733278.4513106511,11
1733430.3002532017,12
1733582.149195752,13
1733733.9981383027,12
1733885.8470808533,12
1734037.696023404,11
1734189.5449659543,10
1734341.3939085049,10
1734493.2428510552,11
1734645.0917936058,11
1734796.9407361564,10
1734948.7896787068,10
1735100.6386212572,10
1735252.487563808,11
1735404.3365063583,11
1735556.1854489087,10
1735708.0343914593,11
1735859.88333401,11
1736011.7322765603,11
1736163.581219111,11
1736315.4301616615,12
1736467.2791042118,11
1736619.1280467622,11
1736770.976989313,12
1736922.8259318634,11
1737074.6748744138,12
1737226.5238169644,11
1737378.3727595147,11
1737530.2217020653,11
1737682.070644616,11
1737833.9195871665,11
1737985.7685297169,12
1738137.6174722672,11
1738289.466414818,11
1738441.3153573684,10
1738593.1642999188,10
1738745.0132424694,10
1738896.86218502,10
1739048.7111275704,10
1739200.5600701212,11
1739352.4090126716,11
1739504.257955222,12
1739656.1068977723,11
1739807.9558403231,11
1739959.8047828735,14
1740111.6537254239,13
1740263.5026679742,12
1740415.351610525,11
1740567.2005530754,10
1740719.049495626,9
1740870.8984381766,9
1741022.747380727,9
1741174.5963232773,10
1741326.445265828,10
1741478.2942083785,10
1741630.143150929,11
1741781.9920934795,10
1741933.84103603,10
1742085.6899785807,10
1742237.538921131,10
1742389.3878636817,11
1742541.236806232,10
1742693.0857487826,10
1742844.9346913332,10
1742996.7836338836,9
1743148.632576434,8
1743300.4815189845,8
1743452.3304615351,9
1743604.1794040855,9
1743756.028346636,10
1743907.8772891867,10
1744059.726231737,10
1744211.5751742874,10
1744363.4241168383,10
1744515.2730593886,10
1744667.122001939,10
1744818.9709444896,10
1744970.8198870402,10
1745122.6688295905,10
1745274.5177721411,10
1745426.3667146917,10
1745578.215657242,10
1745730.0645997927,11
1745881.9135423433,10
1746033.7624848937,10
1746185.611427444,11
1746337.4603699946,10
1746489.3093125452,10
1746641.1582550956,10
1746793.0071976462,10
1746944.8561401968,11
1747096.7050827472,11
1747248.5540252978,10
1747400.4029678483,11
1747552.2519103987,11
1747704.100852949,11
1747855.9497954997,10
1748007.7987380503,10
1748159.6476806006,9
1748311.4966231512,10
1748463.3455657018,10
1748615.1945082522,10
1748767.0434508028,10
1748918.8923933534,11
1749070.7413359038,9
1749222.5902784541,9
1749374.4392210047,9
1749526.2881635553,9
1749678.1371061057,10
1749829.9860486565,9
1749981.8349912069,9
1750133.6839337572,11
1750285.5328763078,10
1750437.3818188584,11
1750589.2307614088,10
1750741.0797039592,10
1750892.92864651,11
1751044.7775890604,10
1751196.6265316107,10
1751348.4754741613,10
1751500.324416712,11
1751652.1733592623,11
1751804.022301813,9
1751955.8712443635,9
1752107.7201869139,9
1752259.5691294642,12
1752411.418072015,12
1752563.2670145654,10
1752715.1159571158,10
1752866.9648996664,11
1753018.813842217,11
1753170.6627847673,11
1753322.511727318,10
1753474.3606698685,10
1753626.209612419,9
1753778.0585549693,9
1753929.90749752,10
1754081.7564400705,9
1754233.6053826208,9
1754385.4543251714,10
1754537.303267722,9
1754689.1522102724,9
1754841.001152823,8
1754992.8500953736,8
1755144.699037924,9
1755296.5479804743,10
1755448.3969230251,11
1755600.2458655755,10
1755752.0948081259,9
1755903.9437506765,8
1756055.7926932268,8
1756207.6416357774,8
1756359.490578328,9
1756511.3395208786,9
1756663.188463429,9
1756815.0374059796,9
1756966.8863485302,9
1757118.7352910805,9
1757270.584233631,9
1757422.4331761815,9
1757574.282118732,9
1757726.1310612825,9
1757877.9800038333,9
1758029.8289463837,9
1758181.677888934,9
1758333.5268314846,9
1758485.3757740352,10
1758637.2247165856,9
1758789.073659136,10
1758940.9226016863,9
1759092.7715442372,9
1759244.6204867875,9
1759396.4694293381,9
1759548.3183718887,10
1759700.167314439,9
1759852.0162569897,9
1760003.86519954,9
1760155.7141420906,9
1760307.563084641,9
1760459.4120271916,9
1760611.2609697422,9
1760763.1099122928,10
1760914.9588548432,9
1761066.8077973938,9
1761218.6567399441,10
1761370.5056824947,11
1761522.3546250453,9
1761674.2035675957,11
1761826.052510146,11
1761977.9014526964,11
1762129.7503952472,10
1762281.5993377976,12
1762433.4482803482,10
1762585.2972228988,10
1762737.1461654492,9
1762888.9951079998,11
1763040.8440505504,11
1763192.6929931007,10
1763344.541935651,11
1763496.3908782017,10
1763648.2398207523,10
1763800.0887633027,9
1763951.9377058533,9
1764103.7866484039,9
1764255.6355909542,9
1764407.4845335048,9
1764559.3334760554,9
1764711.1824186058,9
1764863.0313611561,9
1765014.880303707,9
1765166.7292462573,9
1765318.5781888077,9
1765470.4271313583,9
1765622.276073909,9
1765774.1250164593,9
1765925.9739590096,9
1766077.8229015605,10
1766229.6718441108,8
1766381.5207866612,9
1766533.369729212,7
1766685.2186717624,7
1766837.0676143127,7
1766988.9165568633,8
1767140.765499414,8
1767292.6144419643,8
1767444.463384515,8
1767596.3123270655,8
1767748.1612696159,8
1767900.0102121662,8
1768051.8591547168,8
1768203.7080972674,8
1768355.5570398178,7
1768507.4059823684,9
1768659.254924919,9
1768811.1038674696,9
1768962.95281002,8
1769114.8017525706,9
1769266.650695121,10
1769418.4996376713,11
1769570.348580222,11
1769722.1975227725,12
1769874.0464653228,8
1770025.8954078734,8
1770177.744350424,7
1770329.5932929744,10
1770481.442235525,11
1770633.2911780756,8
1770785.140120626,9
1770936.9890631763,8
1771088.8380057272,10
1771240.6869482775,10
1771392.535890828,9
1771544.3848333785,9
1771696.233775929,11
1771848.0827184797,8
1771999.93166103,9
1772151.7806035806,8
1772303.629546131,11
1772455.4784886816,12
1772607.3274312322,13
1772759.1763737826,13
1772911.025316333,15
1773062.8742588835,9
1773214.7232014341,10
1773366.5721439845,9
1773518.421086535,9
1773670.2700290857,9
1773822.118971636,11
1773973.9679141864,12
1774125.8168567372,12
1774277.6657992876,10
1774429.514741838,11
1774581.3636843886,10
1774733.2126269392,9
1774885.0615694895,8
1775036.9105120401,8
1775188.7594545907,7
1775340.608397141,10
1775492.4573396917,10
1775644.3062822423,10
1775796.1552247927,10
1775948.004167343,11
1776099.8531098936,10
1776251.7020524442,12
1776403.5509949946,12
1776555.3999375454,12
1776707.2488800958,11
1776859.0978226461,12
1777010.9467651967,11
1777162.7957077473,10
1777314.6446502977,9
1777466.493592848,9
1777618.3425353987,9
1777770.1914779493,8
1777922.0404204996,8
1778073.8893630502,8
1778225.7383056008,8
1778377.5872481512,9
1778529.4361907018,10
1778681.2851332524,9
1778833.1340758028,9
1778984.983018353,10
1779136.831960904,9
1779288.6809034543,10
1779440.5298460047,9
1779592.3787885553,8
1779744.2277311059,8
1779896.0766736562,8
1780047.9256162068,8
1780199.7745587574,8
1780351.6235013078,7
1780503.4724438582,9
1780655.321386409,10
1780807.1703289594,14
1780959.0192715097,13
1781110.8682140603,14
1781262.717156611,12
1781414.5660991613,14
1781566.4150417119,13
1781718.2639842622,12
1781870.1129268128,11
1782021.9618693632,14
1782173.810811914,12
1782325.6597544644,10
1782477.5086970148,10
1782629.3576395654,10
1782781.206582116,9
1782933.0555246663,8
1783084.904467217,8
1783236.7534097675,10
1783388.602352318,10
1783540.4512948685,10
1783692.300237419,8
1783844.1491799694,8
1783995.9981225198,9
1784147.8470650704,9
1784299.696007621,7
1784451.5449501714,9
1784603.3938927222,9
1784755.2428352726,9
1784907.091777823,10
1785058.9407203733,11
1785210.7896629241,11
1785362.6386054745,11
1785514.4875480249,10
1785666.3364905755,10
1785818.185433126,11
1785970.0343756764,11
1786121.883318227,11
1786273.7322607776,10
1786425.581203328,12
1786577.4301458786,11
1786729.279088429,12
1786881.1280309795,11
1787032.97697353,11
1787184.8259160805,11
1787336.674858631,10
1787488.5238011815,10
1787640.372743732,10
1787792.2216862827,11
1787944.070628833,10
1788095.9195713836,10
1788247.7685139342,10
1788399.6174564846,10
1788551.466399035,11
1788703.3153415853,10
1788855.1642841361,9
1789007.0132266865,9
1789158.862169237,9
1789310.7111117877,9
1789462.560054338,10
1789614.4089968887,10
1789766.257939439,8
1789918.1068819896,8
1790069.95582454,9
1790221.8047670906,10
1790373.6537096412,10
1790525.5026521918,11
1790677.3515947422,10
1790829.2005372928,9
1790981.0494798431,10
1791132.8984223937,9
1791284.7473649443,10
1791436.5963074947,10
1791588.445250045,9
1791740.2941925956,9
1791892.1431351462,9
1792043.9920776966,9
1792195.8410202472,8
1792347.6899627978,7
1792499.5389053482,7
1792651.3878478985,7
1792803.2367904494,7
1792955.0857329997,7
1793106.93467555,9
1793258.7836181007,9
1793410.6325606513,9
1793562.4815032016,11
1793714.3304457522,11
1793866.1793883028,10
1794018.0283308532,16
1794169.8772734038,11
1794321.7262159544,15
1794473.5751585048,9
1794625.4241010551,12
1794777.273043606,11
1794929.1219861563,11
1795080.9709287067,10
1795232.8198712573,11
1795384.668813808,12
1795536.5177563585,13
1795688.3666989089,14
1795840.2156414595,9
1795992.0645840098,9
1796143.9135265602,9
1796295.762469111,9
1796447.6114116614,11
1796599.4603542117,10
1796751.309296762,10
1796903.158239313,10
1797055.0071818633,10
1797206.856124414,11
1797358.7050669645,11
1797510.5540095149,11
1797662.4029520652,11
1797814.251894616,11
1797966.1008371664,11
1798117.9497797168,12
1798269.7987222674,11
1798421.647664818,12
1798573.4966073683,12
1798725.345549919,11
1798877.1944924695,11
1799029.04343502,10
1799180.8923775703,11
1799332.741320121,11
1799484.5902626715,10
1799636.4392052218,10
1799788.2881477724,10
1799940.137090323,10
1800091.9860328734,10
1800243.834975424,10
1800395.6839179746,10
1800547.532860525,11
1800699.3818030753,11
1800851.2307456261,11
1801003.0796881765,12
1801154.9286307269,13
1801306.7775732775,12
1801458.626515828,12
1801610.4754583784,11
1801762.324400929,11
1801914.1733434796,13
1802066.02228603,11
1802217.8712285806,11
1802369.7201711312,11
1802521.5691136816,11
1802638.874438565,10
1802814.8324258903,10
1802990.7904132153,10
1803166.7484005406,10
1803342.7063878658,10
1803518.6643751909,10
1803694.6223625161,11
1803870.5803498412,11
1804046.5383371664,11
1804222.4963244917,12
1804398.4543118167,13
1804574.412299142,12
1804750.370286467,12
1804926.3282737923,11
1805102.2862611176,11
1805278.2442484426,13
1805454.2022357679,11
1805630.160223093,11
1805806.1182104181,11
1805982.0761977434,11
1806158.0341850684,11
1806333.9921723937,9
1806509.9501597187,10
1806685.908147044,10
1806861.8661343693,9
1807037.8241216943,10
1807213.7821090196,9
1807389.7400963446,10
1807565.6980836699,9
1807741.6560709951,9
1807917.6140583202,11
1808093.5720456454,10
1808269.5300329707,9
1808445.4880202957,9
1808621.446007621,9
1808797.403994946,9
1808973.3619822713,9
1809149.3199695966,11
1809325.2779569216,11
1809501.2359442469,9
1809677.193931572,11
1809853.1519188972,10
1810029.1099062224,11
1810205.0678935475,11
1810381.0258808727,11
1810556.9838681978,10
1810732.941855523,8
1810908.8998428483,8
1811084.8578301733,9
1811260.8158174986,10
1811436.7738048236,10
1811612.731792149,8
1811788.6897794742,8
1811964.6477667992,8
1812140.6057541245,8
1812316.5637414497,8
1812492.5217287748,8
1812668.4797161,8
1812844.437703425,9
1813020.3956907503,8
1813196.3536780756,10
1813372.3116654006,9
1813548.269652726,9
1813724.227640051,8
1813900.1856273762,8
1814076.1436147015,8
1814252.1016020265,7
1814428.0595893518,7
1814604.0175766768,7
1814779.975564002,7
1814955.9335513273,7
1815131.8915386524,7
1815307.8495259776,7
1815483.8075133027,7
1815659.765500628,7
1815835.7234879532,7
1816011.6814752782,7
1816187.6394626035,7
1816363.5974499288,7
1816539.5554372538,7
1816715.513424579,8
1816891.471411904,8
1817067.4293992294,8
1817243.3873865546,8
1817419.3453738797,8
1817595.303361205,8
1817771.26134853,8
1817947.2193358552,8
1818123.1773231805,8
1818299.1353105055,8
1818475.0932978308,8
1818651.0512851558,8
1818827.009272481,8
1819002.9672598063,8
1819178.9252471314,8
1819354.8832344566,8
1819530.841221782,8
1819706.799209107,6
1819882.7571964322,7
1820058.7151837572,7
1820234.6731710825,7
1820410.6311584078,8
1820586.5891457328,7
1820762.547133058,7
1820938.505120383,6
1821114.4631077084,6
1821290.4210950336,7
1821466.3790823587,6
1821642.337069684,6
1821818.295057009,6
1821994.2530443342,6
1822170.2110316595,6
1822346.1690189845,5
1822522.1270063098,5
1822698.0849936348,6
1822874.04298096,6
1823050.0009682854,6
1823225.9589556104,6
1823401.9169429357,6
1823577.8749302607,6
1823753.832917586,7
1823929.7909049112,6
1824105.7488922363,6
1824281.7068795615,6
1824457.6648668868,6
1824633.6228542118,6
1824809.580841537,7
1824985.5388288621,6
1825161.4968161874,6
1825337.4548035127,7
1825513.4127908377,6
1825689.370778163,6
1825865.328765488,6
1826041.2867528133,6
1826217.2447401385,7
1826393.2027274636,6
1826569.1607147888,6
1826745.1187021139,6
1826921.0766894391,6
1827097.0346767644,6
1827272.9926640894,6
1827448.9506514147,6
1827624.9086387397,7
1827800.866626065,7
1827976.8246133903,6
1828152.7826007153,6
1828328.7405880406,6
1828504.6985753658,6
1828680.6565626909,6
1828856.6145500161,6
1829032.5725373412,6
1829208.5305246664,6
1829384.4885119917,6
1829560.4464993167,7
1829736.404486642,6
1829912.362473967,6
1830088.3204612923,6
1830264.2784486176,6
1830440.2364359426,6
1830616.1944232679,5
1830792.152410593,5
1830968.1103979181,5
1831144.0683852434,5
1831320.0263725684,5
1831495.9843598937,5
1831671.9423472187,5
1831847.900334544,5
1832023.8583218693,5
1832199.8163091943,6
1832375.7742965196,6
1832551.7322838448,6
1832727.6902711699,6
1832903.6482584951,6
1833079.6062458202,6
1833255.5642331454,7
1833431.5222204707,6
1833607.4802077957,7
1833783.438195121,7
1833959.396182446,6
1834135.3541697713,6
1834311.3121570966,7
1834487.2701444216,6
1834663.2281317469,7
1834839.186119072,6
1835015.1441063972,6
1835191.1020937224,6
1835367.0600810475,7
1835543.0180683727,6
1835718.9760556978,8
1835894.934043023,8
1836070.8920303483,6
1836246.8500176733,7
1836422.8080049986,7
1836598.7659923236,7
1836774.723979649,7
1836950.6819669742,7
1837126.6399542992,8
1837302.5979416245,7
1837478.5559289497,7
1837654.5139162748,8
1837830.4719036,9
1838006.429890925,8
1838182.3878782503,8
1838358.3458655756,8
1838534.3038529006,9
1838710.261840226,8
1838886.219827551,8
1839062.1778148762,6
1839238.1358022015,8
1839414.0937895265,8
1839590.0517768518,7
1839766.0097641768,7
1839941.967751502,8
1840117.9257388273,8
1840293.8837261524,6
1840469.8417134776,6
1840645.7997008027,7
1840821.757688128,7
1840997.7156754532,7
1841173.6736627782,7
1841349.6316501035,6
1841525.5896374288,6
1841701.5476247538,6
1841877.505612079,6
1842053.463599404,5
1842229.4215867294,6
1842405.3795740546,8
1842581.3375613797,8
1842757.295548705,9
1842933.25353603,8
1843109.2115233552,8
1843285.1695106805,8
1843461.1274980055,11
1843637.0854853308,9
1843813.0434726558,7
1843989.001459981,7
1844164.9594473063,7
1844340.9174346314,6
1844516.8754219566,6
1844692.833409282,7
1844868.791396607,7
1845044.7493839322,6
1845220.7073712572,7
1845396.6653585825,8
1845572.6233459078,7
1845748.5813332328,8
1845924.539320558,7
1846100.497307883,8
1846276.4552952084,7
1846452.4132825336,7
1846628.3712698587,8
1846804.329257184,8
1846980.287244509,8
1847156.2452318342,8
1847332.2032191595,8
1847508.1612064845,8
1847684.1191938098,8
1847860.0771811348,8
1848036.03516846,8
1848211.9931557854,6
1848387.9511431104,8
1848563.9091304357,7
1848739.8671177607,7
1848915.825105086,7
1849091.7830924112,6
1849267.7410797363,6
1849443.6990670615,6
1849619.6570543866,6
1849795.6150417118,7
1849971.573029037,6
1850147.5310163621,6
1850323.4890036874,5
1850499.4469910127,5
1850675.4049783377,5
1850851.362965663,6
1851027.320952988,6
1851203.2789403133,6
1851379.2369276385,7
1851555.1949149636,7
1851731.1529022888,7
1851907.1108896139,8
1852083.0688769391,8
1852259.0268642644,9
1852434.9848515894,9
1852610.9428389147,9
1852786.90082624,9
1852962.858813565,9
1853138.8168008903,9
1853314.7747882153,9
1853490.7327755406,8
1853666.6907628658,10
1853842.6487501909,10
1854018.6067375161,8
1854194.5647248412,10
1854370.5227121664,10
1854546.4806994917,10
1854722.4386868167,10
1854898.396674142,10
1855074.354661467,10
1855250.3126487923,10
1855426.2706361176,9
1855602.2286234426,9
1855778.1866107679,9
1855954.144598093,9
1856130.1025854181,9
1856306.0605727434,9
1856482.0185600684,10
1856657.9765473937,10
1856833.9345347187,10
1857009.892522044,10
1857185.8505093693,10
1857361.8084966943,9
1857537.7664840196,9
1857713.7244713448,9
1857889.6824586699,9
1858065.6404459951,9
1858241.5984333202,9
1858417.5564206454,9
1858593.5144079707,9
1858769.4723952957,10
1858945.430382621,9
1859121.388369946,9
1859297.3463572713,8
1859473.3043445966,9
1859649.2623319216,9
1859825.2203192469,9
1860001.178306572,9
1860177.1362938972,9
1860353.0942812224,9
1860529.0522685475,9
1860705.0102558727,9
1860880.968243198,9
1861056.926230523,9
1861232.8842178483,9
1861408.8422051733,9
1861584.8001924986,9
1861760.7581798236,9
1861936.716167149,10
1862112.6741544742,9
1862288.6321417992,9
1862464.5901291245,10
1862640.5481164497,10
1862816.5061037748,10
1862992.4640911,10
1863168.422078425,11
1863344.3800657503,9
1863520.3380530756,10
1863696.2960404006,9
1863872.254027726,9
1864048.212015051,10
1864224.1700023762,10
1864400.1279897015,10
1864576.0859770265,9
1864752.0439643518,9
1864928.0019516768,9
1865103.959939002,11
1865279.9179263273,10
1865455.8759136524,10
1865631.8339009776,9
1865807.791888303,10
1865983.749875628,10
1866159.7078629532,10
1866335.6658502782,10
1866511.6238376035,10
1866687.5818249288,11
1866863.5398122538,11
1867039.497799579,11
1867215.455786904,11
1867391.4137742294,11
1867567.3717615546,11
1867743.3297488797,10
1867919.287736205,11
1868095.24572353,11
1868271.2037108552,10
1868447.1616981805,10
1868623.1196855055,10
1868799.0776728308,11
1868975.0356601558,10
1869150.993647481,11
1869326.9516348063,11
1869502.9096221314,10
1869678.8676094566,10
1869854.825596782,10
1870030.783584107,10
1870206.7415714322,10
1870382.6995587572,10
1870558.6575460825,10
1870734.6155334078,10
1870910.5735207328,10
1871086.531508058,9
1871262.489495383,8
1871438.4474827084,8
1871614.4054700336,8
1871790.3634573587,9
1871966.321444684,9
1872142.279432009,9
1872318.2374193342,8
1872494.1954066595,8
1872670.1533939845,8
1872846.1113813098,9
1873022.0693686348,9
1873198.02735596,8
1873373.9853432854,9
1873549.9433306104,9
1873725.9013179357,8
1873901.8593052607,9
1874077.817292586,8
1874253.7752799112,9
1874429.7332672363,8
1874605.6912545615,9
1874781.6492418868,9
1874957.6072292118,9
1875133.565216537,8
1875309.5232038621,8
1875485.4811911874,9
1875661.4391785124,10
1875837.3971658377,9
1876013.355153163,9
1876189.313140488,9
1876365.2711278133,9
1876541.2291151385,9
1876717.1871024636,8
1876893.1450897888,9
1877069.1030771139,9
1877245.0610644391,8
1877421.0190517644,10
1877596.9770390894,10
1877772.9350264147,11
1877948.8930137397,11
1878124.851001065,11
1878300.8089883903,10
1878476.7669757153,10
1878652.7249630406,10
1878828.6829503658,10
1879004.6409376909,11
1879180.5989250161,10
1879356.5569123412,9
1879532.5148996664,8
1879708.4728869917,11
1879884.4308743167,10
1880060.388861642,11
1880236.346848967,11
1880412.3048362923,10
1880588.2628236176,10
1880764.2208109426,10
1880940.1787982679,11
1881116.136785593,9
1881292.0947729181,10
1881468.0527602434,13
1881644.0107475684,10
1881819.9687348937,9
1881995.9267222187,9
1882171.884709544,10
1882347.8426968693,10
1882523.8006841943,9
1882699.7586715196,9
1882875.7166588446,9
1883051.6746461699,9
1883227.6326334951,9
1883403.5906208202,9
1883579.5486081454,10
1883755.5065954707,9
1883931.4645827957,10
1884107.422570121,10
1884283.380557446,9
1884459.3385447713,10
1884635.2965320966,9
1884811.2545194216,11
1884987.2125067469,9
1885163.170494072,10
1885339.1284813972,10
1885515.0864687224,10
1885691.0444560475,10
1885867.0024433727,10
1886042.960430698,10
1886218.918418023,10
1886394.8764053483,10
1886570.8343926733,11
1886746.7923799986,11
1886922.7503673239,9
1887098.708354649,10
1887274.6663419742,10
1887450.6243292992,10
1887626.5823166245,10
1887802.5403039497,11
1887978.4982912748,11
1888154.4562786,11
1888330.414265925,11
1888506.3722532503,11
1888682.3302405756,10
1888858.2882279006,9
1889034.246215226,8
1889210.204202551,9
1889386.1621898762,11
1889562.1201772015,9
1889738.0781645265,10
1889914.0361518518,12
1890089.9941391768,11
1890265.952126502,9
1890441.9101138273,9
1890617.8681011524,9
1890793.8260884776,9
1890969.784075803,10
1891145.742063128,10
1891321.7000504532,10
1891497.6580377782,10
1891673.6160251035,9
1891849.5740124288,10
1892025.5319997538,10
1892201.489987079,9
1892377.447974404,9
1892553.4059617294,8
1892729.3639490546,7
1892905.3219363797,9
1893081.279923705,9
1893257.23791103,9
1893433.1958983552,8
1893609.1538856805,8
1893785.1118730055,9
1893961.0698603308,9
1894137.0278476558,9
1894312.985834981,9
1894488.9438223063,9
1894664.9018096314,8
1894840.8597969566,9
1895016.817784282,10
1895192.775771607,9
1895368.7337589322,10
1895544.6917462572,9
1895720.6497335825,9
1895896.6077209078,8
1896072.5657082328,8
1896248.523695558,8
1896424.481682883,8
1896600.4396702084,8
1896776.3976575336,8
1896952.3556448587,7
1897128.313632184,7
1897304.271619509,9
1897480.2296068342,9
1897656.1875941595,9
1897832.1455814845,10
1898008.1035688098,8
1898184.0615561348,6
1898360.01954346,6
1898535.9775307854,6
1898711.9355181104,6
1898887.8935054357,6
1899063.8514927607,6
1899239.809480086,6
1899415.7674674112,7
1899591.7254547363,7
1899767.6834420615,8
1899943.6414293868,7
1900119.5994167118,7
1900295.557404037,8
1900471.5153913621,7
1900647.4733786874,11
1900823.4313660124,10
1900999.3893533377,12
1901175.347340663,10
1901351.305327988,10
1901527.2633153133,11
1901703.2213026385,10
1901879.1792899636,10
1902055.1372772888,11
1902231.0952646139,11
1902407.0532519391,11
1902583.0112392644,11
1902758.9692265894,10
1902934.9272139147,11
1903110.88520124,12
1903286.843188565,11
1903462.8011758903,12
1903638.7591632153,12
1903814.7171505406,11
1903990.6751378658,10
1904166.6331251909,11
1904342.5911125161,11
1904518.5490998412,10
1904694.5070871664,10
1904870.4650744917,9
1905046.4230618167,10
1905222.381049142,9
1905398.339036467,8
1905574.2970237923,8
1905750.2550111176,9
1905926.2129984426,9
1906102.1709857679,9
1906278.128973093,11
1906454.0869604181,11
1906630.0449477434,11
1906806.0029350684,12
1906981.9609223937,12
1907157.9189097187,12
1907333.876897044,13
1907509.8348843693,13
1907685.7928716943,11
1907861.7508590196,11
1908037.7088463448,11
1908213.6668336699,13
1908389.6248209951,12
1908565.5828083202,13
1908741.5407956454,12
1908917.4987829707,11
1909093.4567702957,9
1909269.414757621,10
1909445.3727449463,9
1909621.3307322713,11
1909797.2887195966,12
1909973.2467069216,12
1910149.2046942469,11
1910325.162681572,11
1910501.1206688972,11
1910677.0786562224,10
1910853.0366435475,10
1911028.9946308727,9
1911204.952618198,10
1911380.910605523,10
1911556.8685928483,11
1911732.8265801733,10
1911908.7845674986,10
1912084.7425548239,10
1912260.700542149,10
1912436.6585294742,10
1912612.6165167992,12
1912788.5745041245,10
1912964.5324914497,11
1913140.4904787748,10
1913316.4484661,11
1913492.406453425,9
1913668.3644407503,10
1913844.3224280756,11
1914020.2804154006,11
1914196.238402726,11
1914372.196390051,11
1914548.1543773762,11
1914724.1123647015,11
1914900.0703520265,11
1915076.0283393518,11
1915251.9863266768,14
1915427.944314002,14
1915603.9023013273,13
1915779.8602886524,13
1915955.8182759776,12
1916131.776263303,11
1916307.734250628,11
1916483.6922379532,11
1916659.6502252782,11
1916835.6082126035,11
1917011.5661999288,11
1917187.5241872538,11
1917363.482174579,11
1917539.440161904,11
1917715.3981492294,11
1917891.3561365544,11
1918067.3141238797,11
1918243.272111205,11
1918419.23009853,11
1918595.1880858552,11
1918771.1460731805,10
1918947.1040605055,10
1919123.0620478308,10
1919299.0200351558,10
1919474.978022481,10
1919650.9360098063,11
1919826.8939971314,11
1920002.8519844566,10
1920178.809971782,10
1920354.767959107,10
1920530.7259464322,10
1920706.6839337572,11
1920882.6419210825,11
1921058.5999084078,11
1921234.5578957328,12
1921410.515883058,11
1921586.473870383,11
1921762.4318577084,11
1921938.3898450336,12
1922114.3478323587,11
1922290.305819684,11
1922466.263807009,11
1922642.2217943342,10
1922818.1797816595,10
1922994.1377689845,11
1923170.0957563098,11
1923346.0537436348,10
1923522.01173096,10
1923697.9697182854,10
1923873.9277056104,11
1924049.8856929357,11
1924225.8436802607,11
1924401.801667586,11
1924577.7596549112,11
1924753.7176422363,12
1924929.6756295615,10
1925105.6336168868,9
1925281.5916042118,9
1925457.549591537,9
1925633.5075788621,10
1925809.4655661874,10
1925985.4235535127,10
1926161.3815408377,10
1926337.339528163,12
1926513.297515488,11
1926689.2555028133,10
1926865.2134901385,11
1927041.1714774636,11
1927217.1294647888,11
1927393.087452114,16
1927569.0454394391,11
1927745.0034267644,12
1927920.9614140894,11
1928096.9194014147,11
1928272.87738874,11
1928448.835376065,12
1928624.7933633903,12
1928800.7513507153,13
1928976.7093380406,12
1929152.6673253658,11
1929328.6253126909,16
1929504.5833000161,13
1929680.5412873412,13
1929856.4992746664,12
1930032.4572619917,10
1930208.4152493167,15
1930384.373236642,10
1930560.331223967,10
1930736.2892112923,11
1930912.2471986176,15
1931088.2051859426,10
1931264.1631732679,9
1931440.121160593,10
1931616.0791479181,9
1931792.0371352434,9
1931967.9951225684,13
1932143.9531098937,9
1932319.9110972187,9
1932495.869084544,12
1932671.8270718693,10
1932847.7850591943,11
1933023.7430465196,11
1933199.7010338448,9
1933375.6590211699,8
1933551.6170084951,8
1933727.5749958202,8
1933903.5329831454,8
1934079.4909704705,11
1934255.4489577957,9
1934431.406945121,10
1934607.364932446,10
1934783.3229197713,10
1934959.2809070966,10
1935135.2388944216,9
1935311.1968817469,8
1935487.154869072,11
1935663.1128563972,11
1935839.0708437224,11
1936015.0288310475,8
1936190.9868183727,9
1936366.944805698,9
1936542.902793023,9
1936718.8607803483,9
1936894.8187676733,9
1937070.7767549986,8
1937246.7347423239,8
1937422.692729649,8
1937598.6507169742,8
1937774.6087042992,9
1937950.5666916245,8
1938126.5246789497,8
1938302.4826662748,9
1938478.4406536,9
1938654.398640925,8
1938830.3566282503,8
1939006.3146155756,8
1939182.2726029006,8
1939358.230590226,8
1939534.188577551,9
1939710.1465648762,9
1939886.1045522015,8
1940062.0625395265,8
1940238.0205268518,8
1940413.9785141768,8
1940589.936501502,9
1940765.8944888273,9
1940941.8524761524,8
1941117.8104634776,8
1941293.768450803,9
1941469.726438128,9
1941645.6844254532,9
1941821.6424127782,9
1941997.6004001035,9
1942173.5583874288,9
1942349.5163747538,9
1942525.474362079,11
1942701.432349404,9
1942877.3903367294,12
1943053.3483240544,10
1943229.3063113797,9
1943405.264298705,11
1943581.2222860302,10
1943757.1802733552,11
1943933.1382606805,10
1944109.0962480055,11
1944285.0542353308,9
1944461.0122226558,10
1944636.970209981,10
1944812.9281973063,10
1944988.8861846314,14
1945164.8441719566,15
1945340.802159282,10
1945516.760146607,10
1945692.7181339322,10
1945868.6761212572,10
1946044.6341085825,10
1946220.5920959078,10
1946396.5500832328,12
1946572.508070558,13
1946748.466057883,12
1946924.4240452084,11
1947100.3820325336,11
1947276.3400198587,9
1947452.298007184,9
1947628.255994509,9
1947804.2139818342,9
1947980.1719691595,16
1948156.1299564845,15
1948332.0879438098,11
1948508.0459311348,11
1948684.00391846,10
1948859.9619057854,10
1949035.9198931104,10
1949211.8778804357,10
1949387.8358677607,10
1949563.793855086,11
1949739.7518424112,14
1949915.7098297363,12
1950091.6678170615,12
1950267.6258043868,11
1950443.5837917118,11
1950619.541779037,10
1950795.4997663621,10
1950971.4577536874,9
1951147.4157410127,9
1951323.3737283377,10
1951499.331715663,12
1951675.289702988,10
1951851.2476903133,9
1952027.2056776385,8
1952203.1636649636,8
1952379.1216522888,9
1952555.079639614,9
1952731.0376269391,9
1952906.9956142644,9
1953082.9536015894,10
1953258.9115889147,10
1953434.86957624,11
1953610.827563565,10
1953786.7855508903,10
1953962.7435382153,12
1954138.7015255406,11
1954314.6595128658,10
1954490.6175001909,10
1954666.5754875161,10
1954842.5334748412,10
1955018.4914621664,10
1955194.4494494917,12
1955370.4074368167,11
1955546.365424142,10
1955722.323411467,10
1955898.2813987923,10
1956074.2393861176,10
1956250.1973734426,13
1956426.1553607679,14
1956602.113348093,15
1956778.0713354181,10
1956954.0293227434,9
1957129.9873100684,9
1957305.9452973937,9
1957481.9032847187,9
1957657.861272044,10
1957833.8192593693,9
1958009.7772466943,9
1958185.7352340196,9
1958361.6932213446,9
1958537.6512086699,10
1958713.6091959951,9
1958889.5671833202,10
1959065.5251706454,10
1959241.4831579705,10
1959417.4411452957,9
1959593.399132621,9
1959769.357119946,10
1959945.3151072713,11
1960121.2730945966,10
1960297.2310819216,10
1960473.1890692469,10
1960649.147056572,9
1960825.1050438972,10
1961001.0630312224,10
1961177.0210185475,9
1961352.9790058727,9
1961528.936993198,9
1961704.894980523,9
1961880.8529678483,10
1962056.8109551733,9
1962232.7689424986,9
1962408.7269298239,9
1962584.684917149,10
1962760.6429044742,9
1962936.6008917992,9
1963112.5588791245,10
1963288.5168664497,10
1963464.4748537748,10
1963640.4328411,11
1963816.390828425,10
1963992.3488157503,12
1964168.3068030756,11
1964344.2647904006,11
1964520.222777726,12
1964696.180765051,10
1964872.1387523762,10
1965048.0967397015,11
1965224.0547270265,10
1965400.0127143518,11
1965575.9707016768,11
1965751.928689002,10
1965927.8866763273,10
1966103.8446636524,9
1966279.8026509776,10
1966455.760638303,9
1966631.718625628,9
1966807.6766129532,10
1966983.6346002782,10
1967159.5925876035,9
1967335.5505749288,10
1967511.5085622538,9
1967687.466549579,9
1967863.424536904,10
1968039.3825242294,9
1968215.3405115544,10
1968391.2984988797,10
1968567.256486205,10
1968743.2144735302,10
1968919.1724608552,9
1969095.1304481805,9
1969271.0884355055,9
1969447.0464228308,9
1969623.0044101558,9
1969798.962397481,9
1969974.9203848063,9
1970150.8783721314,9
1970326.8363594566,9
1970502.794346782,9
1970678.752334107,9
1970854.7103214322,9
1971030.6683087572,8
1971206.6262960825,9
1971382.5842834078,8
1971558.5422707328,8
1971734.500258058,8
1971910.458245383,9
1972086.4162327084,9
1972262.3742200336,8
1972438.3322073587,9
1972614.290194684,9
1972790.248182009,11
1972966.2061693342,11
1973142.1641566595,11
1973318.1221439845,11
1973494.0801313098,10
1973670.0381186348,9
1973845.99610596,10
1974021.9540932854,8
1974197.9120806104,8
1974373.8700679357,8
1974549.8280552607,9
1974725.786042586,8
1974901.7440299112,10
1975077.7020172363,10
1975253.6600045615,9
1975429.6179918868,9
1975605.5759792118,8
1975781.533966537,8
1975957.4919538621,8
1976133.4499411874,8
1976309.4079285127,9
1976485.3659158377,11
1976661.323903163,8
1976837.2818904882,11
1977013.2398778133,8
1977189.1978651385,9
1977365.1558524636,9
1977541.1138397888,8
1977717.071827114,9
1977893.0298144391,10
1978068.9878017644,10
1978244.9457890894,9
1978420.9037764147,9
1978596.86176374,9
1978772.819751065,8
1978948.7777383903,8
1979124.7357257153,8
1979300.6937130406,8
1979476.6517003658,8
1979652.6096876909,8
1979828.5676750161,8
1980004.5256623412,8
1980180.4836496664,9
1980356.4416369917,9
1980532.3996243167,9
1980708.357611642,9
1980884.315598967,9
1981060.2735862923,9
1981236.2315736176,9
1981412.1895609426,10
1981588.1475482679,8
1981764.105535593,8
1981940.0635229181,9
1982116.0215102434,8
1982291.9794975684,8
1982467.9374848937,8
1982643.8954722187,8
1982819.853459544,8
1982995.8114468693,9
1983171.7694341943,8
1983347.7274215196,9
1983523.6854088448,10
1983699.6433961699,8
1983875.6013834951,9
1984051.5593708202,10
1984227.5173581454,10
1984403.4753454707,10
1984579.4333327957,8
1984755.391320121,8
1984931.349307446,8
1985107.3072947713,9
1985283.2652820966,9
1985459.2232694216,9
1985635.1812567469,9
1985811.1392440721,9
1985987.0972313972,10
1986163.0552187224,11
1986339.0132060475,9
1986514.9711933727,10
1986690.929180698,11
1986866.887168023,11
1987042.8451553483,11
1987218.8031426733,12
1987394.7611299986,11
1987570.7191173239,10
1987746.677104649,9
1987922.6350919742,10
1988098.5930792992,9
1988274.5510666245,11
1988450.5090539497,9
1988626.4670412748,11
1988802.4250286,10
1988978.383015925,11
1989154.3410032503,10
1989330.2989905756,9
1989506.2569779006,9
1989682.214965226,10
1989858.172952551,10
1990034.1309398762,9
1990210.0889272015,10
1990386.0469145265,10
1990562.0049018518,12
1990737.9628891768,12
1990913.920876502,11
1991089.8788638273,10
1991265.8368511524,9
1991441.7948384776,11
1991617.7528258027,9
1991793.710813128,9
1991969.6688004532,9
1992145.6267877782,9
1992321.5847751035,9
1992497.5427624288,9
1992673.5007497538,10
1992849.458737079,11
1993025.4167244043,10
1993201.3747117294,11
1993377.3326990546,10
1993553.2906863797,12
1993729.248673705,11
1993905.2066610302,11
1994081.1646483552,10
1994257.1226356805,10
1994433.0806230055,10
1994609.0386103308,12
1994784.996597656,11
1994960.954584981,11
1995136.9125723063,11
1995312.8705596314,9
1995488.8285469566,8
1995664.786534282,8
1995840.744521607,8
1996016.7025089322,8
1996192.6604962572,9
1996368.6184835825,9
1996544.5764709078,9
1996720.5344582328,10
1996896.492445558,11
1997072.450432883,10
1997248.4084202084,10
1997424.3664075336,11
1997600.3243948587,10
1997776.282382184,10
1997952.240369509,9
1998128.1983568342,9
1998304.1563441595,8
1998480.1143314845,9
1998656.0723188098,11
1998832.0303061348,10
1999007.98829346,9
1999183.9462807854,10
1999359.9042681104,10
1999535.8622554357,9
1999711.8202427607,9
1999887.778230086,9
2000063.7362174112,10
2000239.6942047363,10
2000415.6521920615,10
2000591.6101793868,10
2000767.5681667118,10
2000943.526154037,8
2001119.4841413621,8
2001295.4421286874,8
2001471.4001160127,8
2001647.3581033377,8
2001823.316090663,8
2001999.274077988,8
2002175.2320653133,8
2002351.1900526385,8
2002527.1480399636,8
2002703.1060272888,8
2002879.0640146139,8
2003055.0220019391,8
2003230.9799892644,9
2003406.9379765897,8
2003582.8959639147,9
2003758.85395124,8
2003934.811938565,9
2004110.7699258903,9
2004286.7279132155,9
2004462.6859005406,9
2004638.6438878658,9
2004814.6018751909,9
2004990.5598625161,9
2005166.5178498412,9
2005342.4758371664,10
2005518.4338244917,9
2005694.3918118167,9
2005870.349799142,9
2006046.307786467,8
2006222.2657737923,8
2006398.2237611176,9
2006574.1817484426,8
2006750.1397357679,8
2006926.097723093,7
2007102.0557104181,8
2007278.0136977434,8
2007453.9716850684,8
2007629.9296723937,8
2007805.8876597187,8
2007981.845647044,8
2008157.8036343693,8
2008333.7616216943,8
2008509.7196090196,9
2008685.6775963448,10
2008861.6355836699,10
2009037.5935709951,10
2009213.5515583202,10
2009389.5095456454,11
2009565.4675329707,13
2009741.4255202957,12
2009917.383507621,11
2010093.3414949463,8
2010269.2994822713,10
2010445.2574695966,10
2010621.2154569216,10
2010797.1734442469,12
2010973.1314315721,12
2011149.0894188972,12
2011325.0474062224,12
2011501.0053935475,12
2011676.9633808727,11
2011852.921368198,11
2012028.879355523,9
2012204.8373428483,10
2012380.7953301733,10
2012556.7533174986,9
2012732.7113048239,11
2012908.669292149,11
2013084.6272794742,10
2013260.5852667992,11
2013436.5432541245,11
2013612.5012414497,10
2013788.4592287748,9
2013964.4172161,10
2014140.375203425,10
2014316.3331907503,10
2014492.2911780756,11
2014668.2491654006,10
2014844.207152726,11
2015020.165140051,12
2015196.1231273762,13
2015372.0811147015,12
2015548.0391020265,10
2015723.9970893518,11
2015899.9550766768,10
2016075.913064002,10
2016251.8710513273,8
2016427.8290386524,12
2016603.7870259776,13
2016779.745013303,12
2016955.703000628,11
2017131.6609879532,10
2017307.6189752782,10
2017483.5769626035,12
2017659.5349499288,10
2017835.4929372538,11
2018011.450924579,11
2018187.4089119043,13
2018363.3668992294,12
2018539.3248865546,11
2018715.2828738797,11
2018891.240861205,13
2019067.1988485302,11
2019243.1568358552,13
2019419.1148231805,11
2019595.0728105055,12
2019771.0307978308,11
2019946.988785156,13
2020122.946772481,11
2020298.9047598063,10
2020474.8627471314,10
2020650.8207344566,13
2020826.778721782,11
2021002.736709107,11
2021178.6946964322,9
2021354.6526837572,10
2021530.6106710825,8
2021706.5686584078,9
2021882.5266457328,13
2022058.484633058,12
2022234.442620383,12
2022410.4006077084,11
2022586.3585950336,11
2022762.3165823587,11
2022938.274569684,12
2023114.232557009,11
2023290.1905443342,13
2023466.1485316595,17
2023642.1065189845,10
2023818.0645063098,11
2023994.0224936348,12
2024169.98048096,11
2024345.9384682854,11
2024521.8964556104,13
2024697.8544429357,12
2024873.8124302607,10
2025049.770417586,10
2025225.7284049112,10
2025401.6863922363,12
2025577.6443795615,12
2025753.6023668868,11
2025929.5603542118,10
2026105.518341537,13
2026281.4763288621,13
2026457.4343161874,12
2026633.3923035127,12
2026809.3502908377,15
2026985.308278163,13
2027161.266265488,12
2027337.2242528133,10
2027513.1822401385,12
2027689.1402274636,9
2027865.0982147888,11
2028041.0562021139,9
2028217.0141894391,10
2028392.9721767644,9
2028568.9301640897,9
2028744.8881514147,10
2028920.84613874,10
2029096.804126065,12
2029272.7621133903,9
2029448.7201007155,9
2029624.6780880406,9
2029800.6360753658,8
2029976.5940626909,9
2030152.5520500161,8
2030328.5100373412,8
2030504.4680246664,6
2030680.4260119917,7
2030856.3839993167,8
2031032.341986642,8
2031208.299973967,8
2031384.2579612923,9
2031560.2159486176,9
2031736.1739359426,9
2031912.1319232679,8
2032088.089910593,8
2032264.0478979181,9
2032440.0058852434,10
2032615.9638725684,10
2032791.9218598937,11
2032967.8798472187,9
2033143.837834544,11
2033319.7958218693,13
2033495.7538091943,12
2033671.7117965196,12
2033847.6697838448,10
2034023.6277711699,13
2034199.5857584951,11
2034375.5437458202,11
2034551.5017331454,11
2034727.4597204707,10
2034903.4177077957,12
2035079.375695121,11
2035255.3336824463,11
2035431.2916697713,11
2035607.2496570963,10
2035783.2076444216,10
2035959.1656317469,10
2036135.1236190721,10
2036311.0816063972,10
2036487.0395937224,9
2036662.9975810475,10
2036838.9555683727,10
2037014.913555698,10
2037190.871543023,11
2037366.8295303483,10
2037542.7875176733,9
2037718.7455049986,9
2037894.7034923239,10
2038070.661479649,10
2038246.619466974,10
2038422.5774542992,10
2038598.5354416245,10
2038774.4934289497,10
2038950.4514162748,9
2039126.4094036,8
2039302.367390925,9
2039478.3253782503,9
2039654.2833655756,9
2039830.2413529006,9
2040006.199340226,8
2040182.157327551,9
2040358.1153148762,8
2040534.0733022015,8
2040710.0312895267,8
2040885.9892768518,8
2041061.9472641768,8
2041237.905251502,8
2041413.8632388273,8
2041589.8212261524,9
2041765.7792134776,15
2041941.737200803,9
2042117.695188128,9
2042293.6531754532,8
2042469.6111627782,9
2042645.5691501035,10
2042821.5271374288,10
2042997.4851247538,11
2043173.443112079,11
2043349.4010994043,10
2043525.3590867294,11
2043701.3170740546,10
2043877.2750613797,10
2044053.233048705,9
2044229.1910360302,10
2044405.1490233552,10
2044581.1070106805,9
2044757.0649980055,9
2044933.0229853308,10
2045108.980972656,8
2045284.938959981,11
2045460.8969473063,11
2045636.8549346314,13
2045812.8129219566,12
2045988.770909282,12
2046164.728896607,10
2046340.6868839322,9
2046516.6448712572,8
2046692.6028585825,9
2046868.5608459078,9
2047044.5188332328,8
2047220.476820558,8
2047396.4348078833,8
2047572.3927952084,9
2047748.3507825336,9
2047924.3087698587,9
2048100.266757184,11
2048276.224744509,9
2048452.1827318342,11
2048628.1407191595,11
2048804.0987064845,10
2048980.0566938098,9
2049156.0146811348,9
2049331.97266846,9
2049507.9306557854,9
2049683.8886431104,9
2049859.8466304357,9
2050035.804617761,9
2050211.762605086,9
2050387.7205924112,9
2050563.6785797363,9
2050739.6365670615,9
2050915.5945543868,10
2051091.5525417118,9
2051267.510529037,9
2051443.4685163621,9
2051619.4265036874,9
2051795.3844910127,9
2051971.3424783377,10
2052147.300465663,10
2052323.258452988,9
2052499.2164403133,9
2052675.1744276385,10
2052851.1324149636,9
2053027.0904022888,9
2053203.0483896139,9
2053379.0063769391,9
2053554.9643642644,11
2053730.9223515897,10
2053906.8803389147,9
2054082.83832624,9
2054258.796313565,10
2054434.7543008903,9
2054610.7122882155,9
2054786.6702755406,9
2054962.6282628658,9
2055138.5862501909,9
2055314.5442375161,9
2055490.5022248412,9
2055666.4602121664,9
2055842.4181994917,9
2056018.3761868167,9
2056194.334174142,9
2056370.292161467,9
2056546.2501487923,10
2056722.2081361176,11
2056898.1661234426,10
2057074.1241107679,10
2057250.082098093,10
2057426.0400854181,8
2057601.9980727434,9
2057777.9560600684,9
2057953.9140473937,9
2058129.8720347187,9
2058305.830022044,9
2058481.7880093693,9
2058657.7459966943,9
2058833.7039840196,9
2059009.6619713448,9
2059185.6199586699,9
2059361.5779459951,9
2059537.5359333202,9
2059713.4939206454,10
2059889.4519079707,9
2060065.4098952957,8
2060241.367882621,8
2060417.3258699463,8
2060593.2838572713,8
2060769.2418445963,8
2060945.1998319216,9
2061121.1578192469,9
2061297.1158065721,9
2061473.0737938972,10
2061649.0317812224,10
2061824.9897685475,8
2062000.9477558727,8
2062176.905743198,9
2062352.863730523,9
2062528.8217178483,9
2062704.7797051733,8
2062880.7376924986,8
2063056.6956798239,8
2063232.653667149,8
2063408.611654474,9
2063584.5696417992,11
2063760.5276291245,10
2063936.4856164497,9
2064112.4436037748,9
2064288.4015911,9
2064464.359578425,9
2064640.3175657503,9
2064816.2755530756,8
2064992.2335404006,8
2065168.191527726,8
2065344.149515051,9
2065520.1075023762,8
2065696.0654897015,8
2065872.0234770265,8
2066047.9814643518,8
2066223.9394516768,8
2066399.897439002,9
2066575.8554263273,7
2066751.8134136526,7
2066927.7714009776,9
2067103.7293883027,8
2067279.687375628,9
2067455.6453629532,9
2067631.6033502785,10
2067807.5613376035,9
2067983.5193249288,8
2068159.4773122538,9
2068335.435299579,9
2068511.3932869043,8
2068687.3512742294,8
2068863.3092615546,8
2069039.2672488797,9
2069215.225236205,8
2069391.1832235302,9
2069567.1412108552,9
2069743.0991981805,10
2069919.0571855055,9
2070095.0151728308,9
2070270.973160156,9
2070446.931147481,10
2070622.8891348063,6
2070798.8471221314,7
2070974.8051094566,8
2071150.763096782,10
2071326.721084107,9
2071502.6790714322,8
2071678.6370587572,8
2071854.5950460825,8
2072030.5530334078,7
2072206.5110207328,7
2072382.469008058,8
2072558.4269953833,7
2072734.3849827084,7
2072910.3429700336,7
2073086.3009573587,7
2073262.258944684,8
2073438.216932009,7
2073614.1749193342,7
2073790.1329066595,7
2073966.0908939845,8
2074142.0488813098,8
2074318.0068686348,8
2074493.96485596,8
2074669.9228432854,8
2074845.8808306104,8
2075021.8388179357,9
2075197.796805261,10
2075373.754792586,8
2075549.7127799112,8
2075725.6707672365,8
2075901.6287545615,8
2076077.5867418866,8
2076253.5447292118,8
2076429.502716537,8
2076605.4607038624,8
2076781.4186911874,8
2076957.3766785127,9
2077133.3346658377,9
2077309.292653163,9
2077485.250640488,9
2077661.2086278133,9
2077837.1666151385,9
2078013.1246024636,9
2078189.0825897888,9
2078365.0405771139,9
2078540.9985644391,9
2078716.9565517644,9
2078892.9145390894,9
2079068.8725264147,9
2079244.83051374,8
2079420.788501065,8
2079596.7464883903,8
2079772.7044757153,8
2079948.6624630406,8
2080124.6204503656,9
2080300.5784376909,8
2080476.5364250161,8
2080652.4944123412,8
2080828.4523996664,8
2081004.4103869917,8
2081180.3683743167,8
2081356.326361642,8
2081532.284348967,8
2081708.2423362923,8
2081884.2003236176,8
2082060.1583109426,8
2082236.1162982679,8
2082412.074285593,8
2082588.0322729181,9
2082763.9902602434,8
2082939.9482475684,8
2083115.9062348937,8
2083291.8642222187,8
2083467.822209544,8
2083643.7801968693,8
2083819.7381841945,8
2083995.6961715196,8
2084171.6541588448,7
2084347.6121461699,7
2084523.5701334951,7
2084699.5281208204,7
2084875.4861081454,6
2085051.4440954707,7
2085227.4020827957,6
2085403.360070121,6
2085579.3180574463,6
2085755.2760447713,7
2085931.2340320966,7
2086107.1920194216,7
2086283.1500067469,7
2086459.1079940721,7
2086635.0659813972,7
2086811.0239687222,6
2086986.9819560475,6
2087162.9399433727,6
2087338.8979306978,6
2087514.855918023,6
2087690.8139053483,6
2087866.7718926733,6
2088042.7298799986,6
2088218.6878673239,7
2088394.645854649,6
2088570.603841974,6
2088746.5618292992,6
2088922.5198166245,6
2089098.4778039497,6
2089274.4357912748,6
2089450.3937786,6
2089626.351765925,6
2089802.3097532503,6
2089978.2677405756,6
2090154.2257279006,6
2090330.183715226,6
2090506.141702551,6
2090682.0996898762,6
2090858.0576772015,6
2091034.0156645265,6
2091209.9736518518,6
2091385.9316391768,6
2091561.889626502,6
2091737.8476138273,6
2091913.8056011526,6
2092089.7635884776,6
2092265.7215758027,6
2092441.679563128,6
2092617.6375504532,6
2092793.5955377785,7
2092969.5535251035,6
2093145.5115124288,6
2093321.4694997538,7
2093497.427487079,6
2093673.3854744043,6
2093849.3434617294,6
2094025.3014490546,6
2094201.2594363797,6
2094377.217423705,6
2094553.1754110302,6
2094729.1333983552,6
2094905.0913856805,6
2095081.0493730055,6
2095257.0073603308,6
2095432.965347656,6
2095608.923334981,6
2095784.8813223063,6
2095960.8393096314,6
2096136.7972969566,6
2096312.755284282,6
2096488.713271607,7
2096664.6712589322,6
2096840.6292462572,6
2097016.5872335825,6
2097192.545220908,7
2097368.503208233,6
2097544.461195558,6
2097720.419182883,6
2097896.3771702084,6
2098072.3351575336,6
2098248.293144859,7
2098424.2511321837,7
2098600.209119509,6
2098776.1671068342,6
2098952.1250941595,6
2099128.083081485,6
2099304.04106881,6
2099479.999056135,6
2099655.95704346,6
2099831.9150307854,7
2100007.8730181106,7
2100183.8310054354,8
2100359.7889927607,8
2100535.746980086,9
2100711.7049674112,9
2100887.6629547365,7
2101063.6209420618,7
2101239.5789293866,7
2101415.536916712,7
2101591.494904037,7
2101767.4528913624,7
2101943.410878687,7
2102119.3688660124,7
2102295.3268533377,9
2102471.284840663,7
2102647.242827988,9
2102823.2008153135,8
2102999.1588026383,6
2103175.1167899636,8
2103351.074777289,10
2103527.032764614,7
2103702.9907519394,8
2103878.948739264,9
2104054.9067265894,8
2104230.8647139147,7
2104406.82270124,8
2104582.780688565,8
2104758.73867589,7
2104934.6966632153,7
2105110.6546505406,7
2105286.612637866,11
2105462.570625191,8
2105638.528612516,9
2105814.486599841,8
2105990.4445871664,9
2106166.4025744917,9
2106342.360561817,8
2106518.3185491418,9
2106694.276536467,7
2106870.2345237923,6
2107046.1925111176,6
2107222.150498443,6
2107398.1084857676,6
2107574.066473093,6
2107750.024460418,7
2107925.9824477434,6
2108101.9404350687,6
2108277.898422394,6
2108453.8564097187,6
2108629.814397044,7
2108805.7723843693,5
2108981.7303716945,5
2109157.6883590193,5
2109333.6463463446,8
2109509.60433367,10
2109685.562320995,7
2109861.5203083204,7
2110037.4782956457,7
2110213.4362829705,7
2110389.3942702957,7
2110565.352257621,7
2110741.3102449463,8
2110917.268232271,8
2111093.2262195963,8
2111269.1842069216,7
2111445.142194247,8
2111621.100181572,7
2111797.0581688974,6
2111973.016156222,7
2112148.9741435475,7
2112324.9321308727,8
2112500.890118198,9
2112676.8481055233,8
2112852.806092848,7
2113028.7640801733,7
2113204.7220674986,7
2113380.680054824,7
2113556.638042149,8
2113732.596029474,6
2113908.554016799,6
2114084.5120041245,6
2114260.4699914497,5
2114436.427978775,5
2114612.3859661,5
2114788.343953425,7
2114964.3019407503,7
2115140.2599280756,6
2115316.217915401,7
2115492.175902726,6
2115668.133890051,7
2115844.091877376,7
2116020.0498647015,7
2116196.0078520267,7
2116371.9658393515,7
2116547.923826677,7
2116723.881814002,6
2116899.8398013273,6
2117075.7977886526,6
2117251.755775978,7
2117427.7137633027,7
2117603.671750628,7
2117779.629737953,8
2117955.5877252785,8
2118131.5457126033,8
2118307.5036999285,8
2118483.461687254,8
2118659.419674579,8
2118835.3776619043,8
2119011.3356492296,8
2119187.2936365544,8
2119363.2516238797,8
2119539.209611205,8
2119715.16759853,7
2119891.1255858555,8
2120067.0835731803,8
2120243.0415605055,8
2120418.999547831,8
2120594.957535156,9
2120770.9155224813,8
2120946.8735098066,10
2121122.8314971314,8
2121298.7894844566,8
2121474.747471782,9
2121650.705459107,7
2121826.663446432,7
2122002.6214337572,8
2122178.5794210825,8
2122354.537408408,10
2122530.495395733,9
2122706.453383058,8
2122882.411370383,8
2123058.3693577084,8
2123234.3273450336,8
2123410.285332359,7
2123586.2433196837,7
2123762.201307009,7
2123938.1592943342,7
2124114.1172816595,7
2124290.075268985,6
2124466.03325631,7
2124641.991243635,8
2124817.94923096,8
2124993.9072182854,8
2125169.8652056106,8
2125345.8231929354,8
2125521.7811802607,8
2125697.739167586,9
2125873.6971549112,7
2126049.6551422365,7
2126225.6131295618,8
2126401.5711168866,7
2126577.529104212,8
2126753.487091537,7
2126929.4450788624,6
2127105.403066187,8
2127281.3610535124,8
2127457.3190408377,8
2127633.277028163,7
2127809.235015488,6
2127985.1930028135,8
2128161.1509901383,8
2128337.1089774636,8
2128513.066964789,9
2128689.024952114,9
2128864.9829394394,8
2129040.940926764,10
2129216.8989140894,9
2129392.8569014147,8
2129568.81488874,7
2129744.772876065,7
2129920.73086339,7
2130096.6888507153,7
2130272.6468380406,8
2130448.604825366,8
2130624.562812691,8
2130800.520800016,9
2130976.478787341,8
2131152.4367746664,7
2131328.3947619917,7
2131504.352749317,8
2131680.3107366418,7
2131856.268723967,7
2132032.2267112923,7
2132208.1846986176,7
2132384.142685943,8
2132560.1006732676,8
2132736.058660593,7
2132912.016647918,7
2133087.9746352434,7
2133263.9326225687,5
2133439.890609894,9
2133615.8485972187,9
2133791.806584544,6
2133967.7645718693,6
2134143.7225591945,6
2134319.6805465193,6
2134495.6385338446,6
2134671.59652117,6
2134847.554508495,5
2135023.5124958204,5
2135199.4704831457,5
2135375.4284704705,5
2135551.3864577957,5
2135727.344445121,5
2135903.3024324463,6
2136079.260419771,6
2136255.2184070963,6
2136431.1763944216,5
2136607.134381747,7
2136783.092369072,5
2136959.0503563974,4
2137135.008343722,4
2137310.9663310475,6
2137486.9243183727,4
2137662.882305698,5
2137838.8402930233,4
2138014.798280348,5
2138190.7562676733,6
2138366.7142549986,4
2138542.672242324,6
2138718.630229649,5
2138894.588216974,5
2139070.546204299,6
2139246.5041916245,6
2139422.4621789497,5
2139598.420166275,4
2139774.3781536003,5
2139950.336140925,6
2140126.2941282503,5
2140302.2521155756,3
2140478.210102901,4
2140654.168090226,4
2140830.126077551,4
2141006.084064876,4
2141182.0420522015,4
2141358.0000395267,4
2141533.9580268515,4
2141709.916014177,4
2141885.874001502,4
2142061.8319888273,4
2142237.7899761526,4
2142413.747963478,4
2142589.7059508027,4
2142765.663938128,4
2142941.621925453,4
2143117.5799127785,4
2143293.5379001033,4
2143469.4958874285,3
2143645.453874754,3
2143821.411862079,3
2143997.3698494043,3
2144173.3278367296,3
2144349.2858240544,3
2144525.2438113797,3
2144701.201798705,3
2144877.15978603,3
2145053.1177733555,3
2145229.0757606803,3
2145405.0337480055,3
2145580.991735331,3
2145756.949722656,3
2145932.9077099813,3
2146108.8656973066,4
2146284.8236846314,4
2146460.7816719566,3
2146636.739659282,3
2146812.697646607,3
2146988.655633932,3
2147164.6136212572,3
2147340.5716085825,3
2147516.529595908,3
2147692.487583233,3
2147868.445570558,3
2148044.403557883,3
2148220.3615452084,3
2148396.3195325336,3
2148572.277519859,3
2148748.2355071837,3
2148924.193494509,3
2149100.1514818342,3
2149276.1094691595,3
2149452.067456485,3
2149628.02544381,3
2149803.983431135,3
2149979.94141846,3
2150155.8994057854,3
2150331.8573931106,3
2150507.8153804354,3
2150683.7733677607,3
2150859.731355086,3
2151035.6893424112,3
2151211.6473297365,3
2151387.6053170618,3
2151563.5633043866,3
2151739.521291712,3
2151915.479279037,3
2152091.4372663624,3
2152267.395253687,3
2152443.3532410124,4
2152619.3112283377,4
2152795.269215663,3
2152971.227202988,3
2153147.1851903135,5
2153323.1431776383,4
2153499.1011649636,5
2153675.059152289,5
2153851.017139614,5
2154026.9751269394,5
2154202.933114264,5
2154378.8911015894,5
2154554.8490889147,4
2154730.80707624,4
2154906.765063565,4
2155082.7230508905,5
2155258.6810382153,5
2155434.6390255406,4
2155610.597012866,5
2155786.555000191,5
2155962.512987516,5
2156138.470974841,6
2156314.4289621664,5
2156490.3869494917,5
2156666.344936817,4
2156842.3029241418,5
2157018.260911467,4
2157194.2188987923,5
2157370.1768861176,6
2157546.134873443,6
2157722.092860768,6
2157898.050848093,6
2158074.008835418,5
2158249.9668227434,6
2158425.9248100687,7
2158601.882797394,5
2158777.8407847187,5
2158953.798772044,5
2159129.7567593693,5
2159305.7147466945,5
2159481.6727340193,5
2159657.6307213446,5
2159833.58870867,5
2160009.546695995,4
2160185.5046833204,4
2160361.4626706457,4
2160537.4206579705,4
2160713.3786452957,5
2160889.336632621,5
2161065.2946199463,5
2161241.252607271,5
2161417.2105945963,6
2161593.1685819216,4
2161769.126569247,5
2161945.084556572,5
2162121.0425438974,5
2162297.000531222,4
2162472.9585185475,4
2162648.9165058727,4
2162824.874493198,3
2163000.8324805233,4
2163176.790467848,3
2163352.7484551733,4
2163528.7064424986,4
2163704.664429824,3
2163880.622417149,4
2164056.580404474,4
2164232.538391799,3
2164408.4963791245,4
2164584.4543664497,4
2164760.412353775,4
2164936.3703411003,4
2165112.328328425,4
2165288.2863157503,4
2165464.2443030756,4
2165640.202290401,4
2165816.1602777257,3
2165992.118265051,3
2166168.076252376,3
2166344.0342397015,3
2166519.9922270267,3
2166695.950214352,3
2166871.908201677,3
2167047.866189002,4
2167223.8241763273,4
2167399.7821636526,4
2167575.740150978,4
2167751.6981383027,4
2167927.656125628,3
2168103.614112953,3
2168279.5721002785,3
2168455.5300876033,3
2168631.4880749285,4
2168807.446062254,4
2168983.404049579,4
2169159.3620369043,4
2169335.3200242296,3
2169511.2780115544,4
2169687.2359988797,4
2169863.193986205,4
2170039.15197353,4
2170215.109960855,4
2170391.0679481803,4
2170567.0259355055,4
2170742.983922831,4
2170918.941910156,4
2171094.8998974813,3
2171270.857884806,4
2171446.8158721314,4
2171622.7738594566,4
2171798.731846782,4
2171974.689834107,5
2172150.647821432,4
2172326.6058087572,4
2172502.5637960825,4
2172678.521783408,4
2172854.479770733,4
2173030.437758058,4
2173206.395745383,4
2173382.3537327084,4
2173558.3117200336,4
2173734.269707359,5
2173910.227694684,4
2174086.185682009,4
2174262.1436693342,4
2174438.1016566595,4
2174614.059643985,4
2174790.01763131,4
2174965.975618635,4
2175141.93360596,4
2175317.8915932854,4
2175493.8495806106,4
2175669.8075679354,4
2175845.7655552607,4
2176021.723542586,4
2176197.6815299112,5
2176373.6395172365,5
2176549.5975045618,5
2176725.555491887,4
2176901.513479212,4
2177077.471466537,4
2177253.4294538624,4
2177429.387441187,4
2177605.3454285124,4
2177781.3034158377,4
2177957.261403163,4
2178133.219390488,4
2178309.1773778135,4
2178485.1353651383,4
2178661.0933524636,4
2178837.051339789,4
2179013.009327114,4
2179188.967314439,3
2179364.925301764,4
2179540.8832890894,4
2179716.8412764147,5
2179892.79926374,4
2180068.757251065,5
2180244.7152383905,5
2180420.6732257153,6
2180596.6312130406,6
2180772.589200366,6
2180948.547187691,6
2181124.505175016,6
2181300.463162341,5
2181476.4211496664,6
2181652.3791369917,6
2181828.337124317,6
2182004.2951116418,6
2182180.253098967,6
2182356.2110862923,6
2182532.1690736176,6
2182708.127060943,6
2182884.085048268,6
2183060.043035593,6
2183236.001022918,6
2183411.9590102434,6
2183587.9169975687,6
2183763.874984894,6
2183939.8329722187,6
2184115.790959544,6
2184291.7489468693,7
2184467.7069341945,6
2184643.6649215193,6
2184819.6229088446,8
2184995.58089617,7
2185171.538883495,6
2185347.4968708204,6
2185523.4548581457,7
2185699.4128454705,5
2185875.3708327957,5
2186051.328820121,5
2186227.2868074463,5
2186403.244794771,4
2186579.2027820963,4
2186755.1607694216,4
2186931.118756747,5
2187107.076744072,5
2187283.0347313974,6
2187458.992718722,5
2187634.9507060475,5
2187810.9086933727,5
2187986.866680698,5
2188162.8246680233,5
2188338.782655348,5
2188514.7406426733,5
2188690.6986299986,7
2188866.656617324,4
2189042.614604649,5
2189218.572591974,4
2189394.530579299,4
2189570.4885666245,2
2189746.4465539497,2
2189922.404541275,2
2190098.3625286003,5
2190274.320515925,5
2190450.2785032503,4
2190626.2364905756,7
2190802.194477901,6
2190978.1524652257,5
2191154.110452551,4
2191330.068439876,4
2191506.0264272015,3
2191681.9844145267,5
2191857.942401852,3
2192033.900389177,3
2192209.858376502,4
2192385.8163638273,5
2192561.7743511526,4
2192737.732338478,4
2192913.690325803,4
2193089.648313128,4
2193265.606300453,4
2193441.5642877785,4
2193617.5222751033,4
2193793.4802624285,4
2193969.438249754,4
2194145.396237079,4
2194321.3542244043,4
2194497.3122117296,4
2194673.2701990544,4
2194849.2281863797,4
2195025.186173705,4
2195201.14416103,4
2195377.102148355,4
2195553.0601356803,4
2195729.0181230055,5
2195904.976110331,4
2196080.934097656,4
2196256.8920849813,4
2196432.850072306,4
2196608.8080596314,2
2196784.7660469566,3
2196960.724034282,4
2197136.682021607,4
2197312.640008932,3
2197488.5979962572,4
2197664.5559835825,4
2197840.513970908,3
2198016.471958233,4
2198192.429945558,4
2198368.387932883,5
2198544.3459202084,6
2198720.3039075336,6
2198896.261894859,5
2199072.219882184,6
2199248.177869509,5
2199424.1358568342,5
2199600.0938441595,7
2199776.051831485,5
2199952.00981881,4
2200127.967806135,4
2200303.92579346,5
2200479.8837807854,5
2200655.8417681106,5
2200831.7997554354,5
2201007.7577427607,5
2201183.715730086,2
2201359.6737174112,2
2201535.6317047365,4
2201711.5896920618,4
2201887.547679387,3
2202063.505666712,3
2202239.463654037,5
2202415.4216413624,4
2202591.379628687,4
2202767.3376160124,3
2202943.2956033377,3
2203119.253590663,4
2203295.211577988,5
2203471.1695653135,5
2203647.1275526383,6
2203823.0855399636,6
2203999.043527289,6
2204175.001514614,6
2204350.959501939,6
2204526.917489264,6
2204702.8754765894,6
2204878.8334639147,5
2205054.79145124,4
2205230.749438565,4
2205406.7074258905,5
2205582.6654132153,4
2205758.6234005406,4
2205934.581387866,5
2206110.539375191,5
2206286.497362516,4
2206462.455349841,4
2206638.4133371664,4
2206814.3713244917,4
2206990.329311817,4
2207166.2872991418,4
2207342.245286467,3
2207518.2032737923,4
2207694.1612611176,2
2207870.119248443,2
2208046.077235768,3
2208222.035223093,3
2208397.993210418,4
2208573.9511977434,4
2208749.9091850687,4
2208925.867172394,4
2209101.8251597187,4
2209277.783147044,4
2209453.7411343693,4
2209629.6991216945,6
2209805.6571090193,6
2209981.6150963446,6
2210157.57308367,6
2210333.531070995,5
2210509.4890583204,5
2210685.4470456457,5
2210861.4050329705,5
2211037.3630202957,4
2211213.321007621,4
2211389.2789949463,5
2211565.236982271,5
2211741.1949695963,5
2211917.1529569216,5
2212093.110944247,5
2212269.068931572,5
2212445.0269188974,4
2212620.984906222,4
2212796.9428935475,4
2212972.9008808727,4
2213148.858868198,4
2213324.8168555233,4
2213500.774842848,4
2213676.7328301733,4
2213852.6908174986,4
2214028.648804824,4
2214204.606792149,4
2214380.564779474,4
2214556.522766799,4
2214732.4807541245,4
2214908.4387414497,4
2215084.396728775,4
2215260.3547161003,5
2215436.312703425,5
2215612.2706907503,5
2215788.2286780756,4
2215964.186665401,4
2216140.1446527257,4
2216316.102640051,4
2216492.060627376,4
2216668.0186147015,4
2216843.9766020267,4
2217019.934589352,5
2217195.892576677,4
2217371.850564002,3
2217547.8085513273,3
2217723.7665386526,4
2217899.724525978,2
2218075.682513303,2
2218251.640500628,2
2218427.598487953,2
2218603.5564752785,2
2218779.5144626033,2
2218955.4724499285,2
2219131.430437254,2
2219307.388424579,2
2219483.3464119043,2
2219659.3043992296,2
2219835.2623865544,2
2220011.2203738797,2
2220187.178361205,3
2220363.13634853,2
2220539.094335855,2
2220715.0523231803,2
2220891.0103105055,2
2221066.968297831,2
2221242.926285156,2
2221418.8842724813,2
2221594.842259806,2
2221770.8002471314,2
2221946.7582344566,2
2222122.716221782,2
2222298.674209107,2
2222474.632196432,2
2222650.5901837572,2
2222826.5481710825,2
2223002.506158408,2
2223178.464145733,2
2223354.422133058,2
2223530.380120383,2
2223706.3381077084,2
2223882.2960950336,2
2224058.254082359,2
2224234.212069684,2
2224410.170057009,2
2224586.1280443342,2
2224762.0860316595,3
2224938.044018985,2
2225114.00200631,2
2225289.959993635,2
2225465.91798096,2
2225641.8759682854,2
2225817.8339556106,2
2225993.7919429354,2
2226169.7499302607,2
2226345.707917586,2
2226521.6659049112,2
2226697.6238922365,5
2226873.5818795618,2
2227049.539866887,2
2227225.497854212,2
2227401.455841537,2
2227577.4138288624,2
2227753.371816187,2
2227929.3298035124,2
2228105.2877908377,2
2228281.245778163,2
2228457.203765488,5
2228633.1617528135,3
2228809.1197401383,2
2228985.0777274636,2
2229161.035714789,2
2229336.993702114,2
2229512.951689439,2
2229688.909676764,3
2229864.8676640894,3
2230040.8256514147,3
2230216.78363874,2
2230392.741626065,2
2230568.6996133905,2
2230744.6576007153,2
2230920.6155880406,2
2231096.573575366,2
2231272.531562691,2
2231448.489550016,2
2231624.447537341,2
2231800.4055246664,3
2231976.3635119917,3
2232152.321499317,3
2232328.2794866418,3
2232504.237473967,3
2232680.1954612923,3
2232856.1534486176,3
2233032.111435943,3
2233208.069423268,3
2233384.027410593,2
2233559.985397918,2
2233735.9433852434,3
2233911.9013725687,2
2234087.859359894,2
2234263.8173472187,2
2234439.775334544,2
2234615.7333218693,2
2234791.6913091945,2
2234967.6492965193,3
2235143.6072838446,3
2235319.56527117,3
2235495.523258495,3
2235671.4812458204,3
2235847.4392331457,3
2236023.3972204705,3
2236199.3552077957,3
2236375.313195121,3
2236551.2711824463,3
2236727.229169771,3
2236903.1871570963,3
2237079.1451444216,3
2237255.103131747,3
2237431.061119072,2
2237607.0191063974,2
2237782.977093722,2
2237958.9350810475,2
2238134.8930683727,2
2238310.851055698,2
2238486.8090430233,2
2238662.767030348,2
2238838.7250176733,2
2239014.6830049986,2
2239190.640992324,2
2239366.598979649,2
2239542.556966974,2
2239718.514954299,2
2239894.4729416245,2
2240070.4309289497,2
2240246.388916275,2
2240422.3469036003,2
2240598.304890925,2
2240774.2628782503,2
2240950.2208655756,2
2241126.178852901,2
2241302.1368402257,2
2241478.094827551,2
2241654.052814876,2
2241830.0108022015,2
2242005.9687895267,2
2242181.926776852,2
2242357.884764177,2
2242533.842751502,2
2242709.8007388273,2
2242885.7587261526,2
2243061.716713478,2
2243237.674700803,2
2243413.632688128,2
2243589.590675453,2
2243765.5486627785,2
2243941.5066501033,2
2244117.4646374285,2
2244293.422624754,2
2244469.380612079,2
2244645.3385994043,2
2244821.2965867296,2
2244997.2545740544,2
2245173.2125613797,2
2245349.170548705,2
2245525.12853603,2
2245701.086523355,2
2245877.0445106803,2
2246053.0024980055,3
2246228.960485331,2
2246404.918472656,2
2246580.8764599813,2
2246756.834447306,2
2246932.7924346314,2
2247108.7504219566,2
2247284.708409282,2
2247460.666396607,2
2247636.624383932,2
2247812.5823712572,2
2247988.5403585825,2
2248164.498345908,2
2248340.456333233,2
2248516.414320558,2
2248692.372307883,2
2248868.3302952084,2
2249044.2882825336,2
2249220.246269859,2
2249396.204257184,2
2249572.162244509,2
2249748.1202318342,2
2249924.0782191595,2
2250100.036206485,2
2250275.99419381,2
2250451.952181135,2
2250627.91016846,2
2250803.8681557854,2
2250979.8261431106,2
2251155.7841304354,2
2251331.7421177607,2
2251507.700105086,1
2251683.6580924112,2
2251859.6160797365,1
2252035.5740670618,2
2252211.532054387,2
2252387.490041712,2
2252563.448029037,2
2252739.4060163624,2
2252915.364003687,2
2253091.3219910124,2
2253267.2799783377,2
2253443.237965663,2
2253619.195952988,2
2253795.1539403135,2
2253971.1119276383,2
2254147.0699149636,2
2254323.027902289,2
2254498.985889614,2
2254674.943876939,2
2254850.901864264,2
2255026.8598515894,2
2255202.8178389147,2
2255378.77582624,2
2255554.733813565,2
2255730.69180089,2
2255906.6497882153,2
2256082.6077755406,2
2256258.565762866,2
2256434.523750191,2
2256610.4817375164,2
2256786.439724841,2
2256962.3977121664,2
2257138.3556994917,2
2257314.313686817,2
2257490.2716741418,2
2257666.229661467,2
2257842.1876487923,2
2258018.1456361176,2
2258194.103623443,2
2258370.061610768,2
2258546.019598093,2
2258721.977585418,2
2258897.9355727434,2
2259073.8935600687,2
2259249.851547394,2
2259425.809534719,2
2259601.767522044,2
2259777.7255093693,2
2259953.6834966945,2
2260129.6414840193,2
2260305.5994713446,2
2260481.55745867,2
2260657.515445995,2
2260833.4734333204,2
2261009.4314206457,2
2261185.3894079705,2
2261361.3473952957,2
2261537.305382621,2
2261713.2633699463,2
2261889.221357271,2
2262065.1793445963,2
2262241.1373319216,2
2262417.095319247,2
2262593.053306572,2
2262769.0112938974,2
2262944.969281222,2
2263120.9272685475,2
2263296.8852558727,2
2263472.843243198,2
2263648.8012305233,2
2263824.759217848,2
2264000.7172051733,2
2264176.6751924986,2
2264352.633179824,2
2264528.591167149,2
2264704.549154474,2
2264880.507141799,2
2265056.4651291245,2
2265232.4231164497,2
2265408.381103775,2
2265584.3390911003,2
2265760.297078425,2
2265936.2550657503,2
2266112.2130530756,2
2266288.171040401,2
2266464.1290277257,2
2266640.087015051,2
2266816.045002376,2
2266992.0029897015,2
2267167.9609770267,2
2267343.918964352,2
2267519.876951677,3
2267695.834939002,2
2267871.7929263273,2
2268047.7509136526,2
2268223.708900978,2
2268399.666888303,2
2268575.624875628,2
2268751.582862953,2
2268927.5408502785,2
2269103.4988376033,2
2269279.4568249285,2
2269455.414812254,2
2269631.372799579,2
2269807.3307869043,2
2269983.2887742296,2
2270159.2467615544,2
2270335.2047488797,2
2270511.162736205,2
2270687.12072353,2
2270863.078710855,2
2271039.0366981803,2
2271214.9946855055,2
2271390.952672831,2
2271566.910660156,2
2271742.8686474813,2
2271918.826634806,2
2272094.7846221314,2
2272270.7426094566,2
2272446.700596782,2
2272622.658584107,2
2272798.616571432,2
2272974.5745587572,2
2273150.5325460825,2
2273326.490533408,2
2273502.448520733,2
2273678.406508058,3
2273854.364495383,2
2274030.3224827084,2
2274206.2804700336,4
2274382.238457359,3
2274558.196444684,3
2274734.154432009,4
2274910.1124193342,4
2275086.0704066595,4
2275262.028393985,4
2275437.9863813096,4
2275613.944368635,4
2275789.90235596,4
2275965.8603432854,5
2276141.8183306106,5
2276317.7763179354,5
2276493.7343052607,5
2276669.692292586,5
2276845.6502799112,5
2277021.6082672365,6
2277197.5662545618,6
2277373.524241887,5
2277549.482229212,6
2277725.440216537,6
2277901.3982038624,6
2278077.3561911876,6
2278253.3141785124,5
2278429.2721658377,5
2278605.230153163,6
2278781.188140488,5
2278957.1461278135,5
2279133.1041151383,5
2279309.0621024636,6
2279485.020089789,4
2279660.978077114,4
2279836.936064439,4
2280012.894051764,4
2280188.8520390894,4
2280364.8100264147,4
2280540.76801374,5
2280716.726001065,5
2280892.68398839,5
2281068.6419757153,5
2281244.5999630406,7
2281420.557950366,5
2281596.515937691,4
2281772.4739250164,4
2281948.431912341,4
2282124.3898996664,4
2282300.3478869917,4
2282476.305874317,5
2282652.2638616418,4
2282828.221848967,3
2283004.1798362923,4
2283180.1378236176,5
2283356.095810943,5
2283532.053798268,5
2283708.011785593,5
2283883.969772918,5
2284059.9277602434,4
2284235.8857475687,5
2284411.843734894,4
2284587.801722219,5
2284763.759709544,5
2284939.7176968693,5
2285115.6756841945,5
2285291.6336715193,5
2285467.5916588446,5
2285643.54964617,5
2285819.507633495,6
2285995.4656208204,5
2286171.4236081457,5
2286347.3815954705,5
2286523.3395827957,5
2286699.297570121,5
2286875.2555574463,6
2287051.213544771,5
2287227.1715320963,4
2287403.1295194216,4
2287579.087506747,4
2287755.045494072,4
2287931.0034813974,4
2288106.961468722,4
2288282.9194560475,4
2288458.8774433727,4
2288634.835430698,4
2288810.7934180233,4
2288986.751405348,5
2289162.7093926733,5
2289338.6673799986,5
2289514.625367324,5
2289690.583354649,5
2289866.541341974,5
2290042.499329299,5
2290218.4573166245,5
2290394.4153039497,4
2290570.373291275,4
2290746.3312786003,3
2290922.289265925,3
2291098.2472532503,4
2291274.2052405756,6
2291450.163227901,4
2291626.1212152257,5
2291802.079202551,5
2291978.037189876,5
2292153.9951772015,4
2292329.9531645267,4
2292505.911151852,5
2292681.869139177,6
2292857.827126502,5
2293033.7851138273,6
2293209.7431011526,5
2293385.701088478,5
2293561.659075803,4
2293737.617063128,6
2293913.575050453,6
2294089.5330377785,5
2294265.4910251033,5
2294441.4490124285,4
2294617.406999754,4
2294793.364987079,4
2294969.3229744043,5
2295145.2809617296,3
2295321.2389490544,4
2295497.1969363797,3
2295673.154923705,3
2295849.11291103,3
2296025.070898355,3
2296201.0288856803,3
2296376.9868730055,3
2296552.944860331,3
2296728.902847656,3
2296904.8608349813,4
2297080.818822306,4
2297256.7768096314,4
2297432.7347969566,4
2297608.692784282,5
2297784.650771607,3
2297960.608758932,3
2298136.5667462572,5
2298312.5247335825,5
2298488.482720908,5
2298664.440708233,5
2298840.398695558,5
2299016.356682883,6
2299192.3146702084,5
2299368.2726575336,5
2299544.230644859,5
2299720.188632184,5
2299896.146619509,5
2300072.1046068342,6
2300248.0625941595,5
2300424.020581485,4
2300599.9785688096,4
2300775.936556135,4
2300951.89454346,4
2301127.8525307854,4
2301303.8105181106,4
2301479.7685054354,4
2301655.7264927607,4
2301831.684480086,4
2302007.6424674112,4
2302183.6004547365,4
2302359.5584420618,4
2302535.516429387,3
2302711.474416712,4
2302887.432404037,5
2303063.3903913624,5
2303239.3483786876,5
2303415.3063660124,5
2303591.2643533377,4
2303767.222340663,4
2303943.180327988,4
2304119.1383153135,5
2304295.0963026383,5
2304471.0542899636,5
2304647.012277289,8
2304822.970264614,7
2304998.928251939,6
2305174.886239264,5
2305350.8442265894,5
2305526.8022139147,5
2305702.76020124,5
2305878.718188565,5
2306054.67617589,5
2306230.6341632153,6
2306406.5921505406,6
2306582.550137866,6
2306758.508125191,6
2306934.4661125164,6
2307110.424099841,6
2307286.3820871664,6
2307462.3400744917,6
2307638.298061817,6
2307814.2560491418,6
2307990.214036467,6
2308166.1720237923,6
2308342.1300111176,6
2308518.087998443,6
2308694.045985768,6
2308870.003973093,6
2309045.961960418,6
2309221.9199477434,7
2309397.8779350687,5
2309573.835922394,5
2309749.793909719,5
2309925.751897044,5
2310101.7098843693,5
2310277.6678716945,5
2310453.6258590193,5
2310629.5838463446,5
2310805.54183367,6
2310981.499820995,7
2311157.4578083204,7
2311333.4157956457,6
2311509.3737829705,6
2311685.3317702957,5
2311861.289757621,5
2312037.2477449463,5
2312213.205732271,5
2312389.1637195963,5
2312565.1217069216,5
2312741.079694247,5
2312917.037681572,6
2313092.9956688974,6
2313268.953656222,4
2313444.9116435475,4
2313620.8696308727,5
2313796.827618198,5
2313972.7856055233,3
2314148.743592848,3
2314324.7015801733,3
2314500.6595674986,3
2314676.617554824,3
2314852.575542149,3
2315028.533529474,4
2315204.491516799,3
2315380.4495041245,3
2315556.4074914497,3
2315732.365478775,3
2315908.3234661003,3
2316084.281453425,4
2316260.2394407503,2
2316436.1974280756,2
2316612.155415401,3
2316788.1134027257,2
2316964.071390051,1
2317140.029377376,2
2317315.9873647015,1
2317491.9453520267,2
2317667.903339352,2
2317843.861326677,2
2318019.819314002,3
2318195.7773013273,3
2318371.7352886526,3
2318547.693275978,3
2318723.651263303,4
2318899.609250628,4
2319075.567237953,4
2319251.5252252785,4
2319427.4832126033,4
2319603.4411999285,4
2319779.399187254,5
2319955.357174579,4
2320131.3151619043,5
2320307.2731492296,4
2320483.2311365544,5
2320659.1891238797,5
2320835.147111205,4
2321011.10509853,4
2321187.063085855,4
2321363.0210731803,4
2321538.9790605055,4
2321714.937047831,3
2321890.895035156,3
2322066.8530224813,4
2322242.811009806,4
2322418.7689971314,6
2322594.7269844566,5
2322770.684971782,4
2322946.642959107,4
2323122.600946432,4
2323298.5589337572,5
2323474.5169210825,4
2323650.474908408,5
2323826.432895733,4
2324002.390883058,5
2324178.348870383,4
2324354.3068577084,3
2324530.2648450336,5
2324706.222832359,5
2324882.180819684,6
2325058.138807009,5
2325234.0967943342,5
2325410.0547816595,4
2325586.012768985,4
2325761.9707563096,4
2325937.9287436353,4
2326113.88673096,3
2326289.8447182854,2
2326465.8027056106,2
2326641.7606929354,2
2326817.7186802607,2
2326993.676667586,3
2327169.6346549112,1
2327345.5926422365,1
2327521.5506295618,1
2327697.5086168866,1
2327873.466604212,1
2328049.424591537,1
2328225.3825788624,1
2328401.340566187,1
2328577.2985535124,1
2328753.2565408377,1
2328929.214528163,1
2329105.172515488,1
2329281.1305028135,1
2329457.0884901388,1
2329633.0464774636,1
2329809.004464789,1
2329984.962452114,1
2330160.920439439,1
2330336.878426764,1
2330512.8364140894,1
2330688.7944014147,1
2330864.75238874,1
2331040.710376065,1
2331216.6683633905,1
2331392.6263507153,1
2331568.5843380406,1
2331744.5423253654,1
2331920.500312691,1
2332096.458300016,4
2332272.416287341,4
2332448.3742746664,2
2332624.3322619917,2
2332800.290249317,2
2332976.248236642,2
2333152.206223967,2
2333328.1642112923,2
2333504.1221986176,2
2333680.080185943,2
2333856.0381732676,4
2334031.996160593,3
2334207.954147918,3
2334383.9121352434,3
2334559.8701225687,3
2334735.828109894,2
2334911.7860972187,3
2335087.744084544,3
2335263.7020718693,3
2335439.6600591945,3
2335615.6180465193,3
2335791.5760338446,3
2335967.53402117,3
2336143.492008495,2
2336319.4499958204,3
2336495.4079831457,3
2336671.3659704705,3
2336847.3239577957,3
2337023.281945121,2
2337199.2399324463,2
2337375.197919771,2
2337551.1559070963,2
2337727.1138944216,2
2337903.071881747,2
2338079.029869072,2
2338254.9878563974,2
2338430.9458437227,2
2338606.9038310475,2
2338782.8618183727,2
2338958.819805698,2
2339134.7777930233,2
2339310.735780348,2
2339486.6937676733,2
2339662.6517549986,2
2339838.609742324,2
2340014.567729649,2
2340190.5257169744,2
2340366.483704299,2
2340542.4416916245,2
2340718.3996789493,2
2340894.357666275,2
2341070.3156536,2
2341246.273640925,2
2341422.2316282503,3
2341598.1896155756,2
2341774.147602901,2
2341950.105590226,2
2342126.063577551,2
2342302.021564876,2
2342477.9795522015,2
2342653.9375395267,2
2342829.8955268515,2
2343005.853514177,2
2343181.811501502,2
2343357.7694888273,2
2343533.7274761526,2
2343709.685463478,2
2343885.6434508027,2
2344061.601438128,2
2344237.559425453,2
2344413.5174127785,2
2344589.4754001033,2
2344765.4333874285,2
2344941.391374754,2
2345117.349362079,2
2345293.3073494043,2
2345469.2653367296,2
2345645.223324055,2
2345821.1813113797,2
2345997.139298705,2
2346173.09728603,2
2346349.055273355,2
2346525.0132606803,2
2346700.9712480055,2
2346876.929235331,2
2347052.887222656,2
2347228.8452099813,2
2347404.8031973066,2
2347580.7611846314,2
2347756.7191719566,2
2347932.677159282,2
2348108.635146607,2
2348284.593133932,2
2348460.5511212572,2
2348636.5091085825,3
2348812.467095908,2
2348988.425083233,2
2349164.3830705583,2
2349340.341057883,2
2349516.2990452084,4
2349692.2570325336,2
2349868.215019859,2
2350044.1730071837,2
2350220.130994509,2
2350396.0889818342,2
2350572.0469691595,2
2350748.004956485,2
2350923.96294381,2
2351099.920931135,2
2351275.87891846,2
2351451.8369057854,2
2351627.7948931106,2
2351803.7528804354,2
2351979.7108677607,3
2352155.668855086,3
2352331.6268424112,2
2352507.5848297365,2
2352683.5428170618,2
2352859.5008043866,1
2353035.458791712,2
2353211.416779037,2
2353387.3747663624,2
2353563.332753687,2
2353739.2907410124,2
2353915.2487283377,2
2354091.206715663,2
2354267.164702988,2
2354443.1226903135,1
2354619.0806776388,1
2354795.0386649636,1
2354970.996652289,1
2355146.954639614,1
2355322.912626939,1
2355498.870614264,1
2355674.8286015894,1
2355850.7865889147,1
2356026.74457624,1
2356202.702563565,1
2356378.6605508905,1
2356554.6185382153,2
2356730.5765255406,1
2356906.5345128654,2
2357082.492500191,1
2357258.450487516,1
2357434.408474841,1
2357610.3664621664,1
2357786.3244494917,1
2357962.282436817,1
2358138.240424142,1
2358314.198411467,1
2358490.1563987923,1
2358666.1143861176,1
2358842.072373443,1
2359018.0303607676,1
2359193.988348093,2
2359369.946335418,3
2359545.9043227434,2
2359721.8623100687,1
2359897.820297394,1
2360073.7782847187,1
2360249.736272044,1
2360425.6942593693,1
2360601.6522466945,1
2360777.6102340193,1
2360953.5682213446,1
2361129.52620867,1
2361305.484195995,1
2361481.4421833204,1
2361657.4001706457,1
2361833.358157971,1
2362009.3161452957,1
2362185.274132621,2
2362361.2321199463,1
2362537.190107271,1
2362713.1480945963,1
2362889.1060819216,2
2363065.064069247,2
2363241.022056572,2
2363416.9800438974,1
2363592.9380312227,1
2363768.8960185475,1
2363944.8540058727,1
2364120.811993198,1
2364296.7699805233,1
2364472.727967848,1
2364648.6859551733,1
2364824.6439424986,1
2365000.601929824,1
2365176.559917149,1
2365352.5179044744,1
2365528.475891799,1
2365704.4338791245,1
2365880.3918664493,1
2366056.349853775,1
2366232.3078411,1
2366408.265828425,1
2366584.2238157503,1
2366760.1818030756,1
2366936.139790401,1
2367112.097777726,1
2367288.055765051,1
2367464.013752376,1
2367639.9717397015,1
2367815.9297270267,1
2367991.8877143515,1
2368167.845701677,1
2368343.803689002,1
2368519.7616763273,1
2368695.7196636526,1
2368871.677650978,1
2369047.6356383027,1
2369223.593625628,1
2369399.551612953,1
2369575.5096002785,1
2369751.4675876033,1
2369927.4255749285,1
2370103.383562254,1
2370279.341549579,1
2370455.2995369043,1
2370631.2575242296,1
2370807.215511555,3
2370983.1734988797,3
2371159.131486205,2
2371335.08947353,2
2371511.047460855,2
2371687.0054481803,2
2371862.9634355055,1
2372038.921422831,1
2372214.879410156,1
2372390.8373974813,1
2372566.7953848066,1
2372742.7533721314,1
2372918.7113594566,1
2373094.669346782,1
2373270.627334107,1
2373446.585321432,1
2373622.5433087572,1
2373798.5012960825,1
2373974.459283408,1
2374150.417270733,1
2374326.3752580583,1
2374502.333245383,1
2374678.2912327084,1
2374854.2492200336,1
2375030.207207359,1
2375206.1651946837,1
2375382.123182009,1
2375558.0811693342,1
2375734.0391566595,1
2375909.997143985,1
2376085.95513131,1
2376261.913118635,1
2376437.87110596,1
2376613.8290932854,1
2376789.7870806106,1
2376965.7450679354,1
2377141.7030552607,1
2377317.661042586,1
2377493.6190299112,1
2377669.5770172365,1
2377845.5350045618,1
2378021.4929918866,1
2378197.450979212,1
2378373.408966537,1
2378549.3669538624,1
2378725.324941187,1
2378901.2829285124,1
2379077.2409158377,1
2379253.198903163,1
2379429.156890488,1
2379605.1148778135,1
2379781.0728651388,1
2379957.0308524636,1
2380132.988839789,1
2380308.946827114,1
2380484.9048144394,1
2380660.862801764,1
2380836.8207890894,1
2381012.7787764147,1
2381188.73676374,1
2381364.694751065,1
2381540.6527383905,1
2381716.6107257153,1
2381892.5687130406,1
2382068.5267003654,1
2382244.484687691,1
2382420.442675016,1
2382596.400662341,1
2382772.3586496664,1
2382948.3166369917,1
2383124.274624317,1
2383300.232611642,1
2383476.190598967,1
2383652.1485862923,1
2383828.1065736176,1
2384004.064560943,1
2384180.0225482676,1
2384355.980535593,1
2384531.938522918,1
2384707.8965102434,1
2384883.8544975687,1
2385059.812484894,1
2385235.7704722187,1
2385411.728459544,1
2385587.6864468693,1
2385763.6444341945,1
2385939.6024215193,1
2386115.5604088446,1
2386291.51839617,1
2386467.476383495,1
2386643.4343708204,1
2386819.3923581457,1
2386995.350345471,1
2387171.3083327957,1
2387347.266320121,1
2387523.2243074463,1
2387699.182294771,1
2387875.1402820963,1
2388051.0982694216,1
2388227.056256747,1
2388403.014244072,1
2388578.9722313974,1
2388754.9302187227,1
2388930.8882060475,2
2389106.8461933727,2
2389282.804180698,2
2389458.7621680233,2
2389634.720155348,2
2389810.6781426733,2
2389986.6361299986,2
2390162.594117324,2
2390338.552104649,3
2390514.5100919744,3
2390690.468079299,3
2390866.4260666245,3
2391042.3840539497,3
2391218.342041275,3
2391394.3000286,3
2391570.258015925,3
2391746.2160032503,3
2391922.1739905756,4
2392098.131977901,3
2392274.089965226,3
2392450.047952551,3
2392626.005939876,3
2392801.9639272015,3
2392977.9219145267,3
2393153.8799018515,3
2393329.837889177,3
2393505.795876502,3
2393681.7538638273,3
2393857.7118511526,3
2394033.669838478,3
2394209.6278258027,3
2394385.585813128,3
2394561.543800453,3
2394737.5017877785,3
2394913.4597751033,3
2395089.4177624285,3
2395265.375749754,3
2395441.333737079,4
2395617.2917244043,4
2395793.2497117296,4
2395969.207699055,3
2396145.1656863797,3
2396321.123673705,4
2396497.08166103,4
2396673.039648355,4
2396848.9976356803,4
2397024.9556230055,3
2397200.913610331,3
2397376.871597656,3
2397552.8295849813,3
2397728.7875723066,3
2397904.7455596314,3
2398080.7035469566,3
2398256.661534282,3
2398432.619521607,3
2398608.577508932,3
2398784.5354962572,3
2398960.4934835825,3
2399136.451470908,3
2399312.409458233,3
2399488.3674455583,3
2399664.325432883,3
2399840.2834202084,3
2400016.2414075336,3
2400192.199394859,3
2400368.1573821837,3
2400544.115369509,3
2400720.0733568342,3
2400896.0313441595,3
2401071.989331485,2
2401247.94731881,3
2401423.905306135,3
2401599.86329346,2
2401775.8212807854,2
2401951.7792681106,2
2402127.7372554354,2
2402303.6952427607,2
2402479.653230086,2
2402655.6112174112,2
2402831.5692047365,2
2403007.5271920618,2
2403183.4851793866,2
2403359.443166712,2
2403535.401154037,3
2403711.3591413624,2
2403887.317128687,2
2404063.2751160124,2
2404239.2331033377,2
2404415.191090663,2
2404591.149077988,3
2404767.1070653135,3
2404943.0650526388,3
2405119.0230399636,3
2405294.981027289,3
2405470.939014614,3
2405646.8970019394,3
2405822.854989264,1
2405998.8129765894,1
2406174.7709639147,1
2406350.72895124,1
2406456.472981583,2
2406615.0890270974,3
2406773.705072612,3
2406932.3211181266,3
2407090.937163641,3
2407249.5532091553,3
2407408.16925467,3
2407566.7853001845,3
2407725.401345699,1
2407884.0173912137,1
2408042.6334367283,1
2408201.2494822424,1
2408359.865527757,1
2408518.4815732716,1
2408677.097618786,1
2408835.7136643007,1
2408994.3297098153,1
2409152.9457553294,1
2409311.561800844,2
2409470.1778463586,2
2409628.793891873,2
2409787.409937388,3
2409946.0259829024,3
2410104.6420284165,3
2410263.258073931,3
2410421.8741194457,3
2410580.4901649603,3
2410739.106210475,3
2410897.7222559894,3
2411056.338301504,3
2411214.954347018,3
2411373.5703925327,3
2411532.1864380473,3
2411690.802483562,3
2411849.4185290765,3
2412008.034574591,2
2412166.650620105,3
2412325.26666562,2
2412483.8827111344,2
2412642.498756649,2
2412801.1148021636,3
2412959.730847678,2
2413118.3468931923,2
2413276.962938707,2
2413435.5789842214,2
2413594.195029736,3
2413752.8110752506,3
2413911.427120765,3
2414070.0431662793,2
2414228.659211794,3
2414387.2752573085,3
2414545.891302823,3
2414704.5073483377,3
2414863.1233938523,2
2415021.7394393664,1
2415180.355484881,2
2415338.9715303956,2
2415497.58757591,2
2415656.2036214247,2
2415814.8196669393,2
2415973.435712454,2
2416132.051757968,2
2416290.6678034826,2
2416449.283848997,3
2416607.899894512,3
2416766.5159400264,3
2416925.131985541,2
2417083.748031055,2
2417242.3640765697,3
2417400.9801220843,3
2417559.596167599,2
2417718.2122131134,2
2417876.828258628,2
2418035.444304142,2
2418194.0603496567,2
2418352.6763951713,2
2418511.292440686,2
2418669.9084862005,2
2418828.524531715,3
2418987.140577229,3
2419145.756622744,3
2419304.3726682584,3
2419462.988713773,3
2419621.6047592876,3
2419780.220804802,3
2419938.8368503163,2
2420097.452895831,3
2420256.0689413454,3
2420414.68498686,3
2420573.3010323746,3
2420731.917077889,3
2420890.5331234033,2
2421049.149168918,3
2421207.7652144325,2
2421366.381259947,3
2421524.9973054617,2
2421683.6133509763,3
2421842.229396491,2
2422000.845442005,2
2422159.4614875196,2
2422318.077533034,2
2422476.6935785487,2
2422635.3096240633,2
2422793.925669578,2
2422952.541715092,2
2423111.1577606066,2
2423269.773806121,2
2423428.389851636,2
2423587.0058971504,2
2423745.621942665,2
2423904.237988179,2
2424062.8540336937,2
2424221.4700792083,2
2424380.086124723,2
2424538.7021702374,2
2424697.318215752,2
2424855.934261266,2
2425014.5503067807,2
2425173.1663522953,2
2425331.78239781,2
2425490.3984433245,3
2425649.014488839,3
2425807.630534353,3
2425966.246579868,3
2426124.8626253824,3
2426283.478670897,3
2426442.0947164115,3
2426600.710761926,3
2426759.3268074403,3
2426917.942852955,3
2427076.5588984694,3
2427235.174943984,2
2427393.7909894986,2
2427552.407035013,2
2427711.023080528,2
2427869.639126042,2
2428028.2551715565,2
2428186.871217071,2
2428345.4872625857,2
2428504.1033081003,2
2428662.719353615,2
2428821.335399129,2
2428979.9514446435,2
2429138.567490158,2
2429297.1835356727,2
2429455.7995811873,2
2429614.415626702,2
2429773.031672216,2
2429931.6477177306,2
2430090.263763245,2
2430248.87980876,2
2430407.4958542744,2
2430566.111899789,2
2430724.727945303,2
2430883.3439908177,2
2431041.9600363323,2
2431200.576081847,3
2431359.1921273614,2
2431517.808172876,2
2431676.42421839,2
2431835.0402639047,2
2431993.6563094193,2
2432152.272354934,2
2432310.8884004485,2
2432469.504445963,3
2432628.120491477,2
2432786.736536992,2
2432945.3525825064,2
2433103.968628021,2
2433262.5846735355,2
2433421.20071905,2
2433579.8167645647,2
2433738.432810079,2
2433897.0488555934,2
2434055.664901108,3
2434214.2809466226,2
2434372.896992137,1
2434531.513037652,2
2434690.129083166,1
2434848.7451286805,1
2435007.361174195,2
2435165.9772197097,1
2435324.5932652242,2
2435483.209310739,1
2435641.825356253,1
2435800.4414017675,1
2435959.057447282,1
2436117.6734927967,1
2436276.2895383113,1
2436434.905583826,2
2436593.52162934,2
2436752.1376748546,1
2436910.753720369,1
2437069.369765884,1
2437227.9858113984,1
2437386.601856913,1
2437545.217902427,1
2437703.8339479417,2
2437862.4499934562,1
2438021.066038971,1
2438179.6820844854,1
2438338.29813,1
2438496.914175514,1
2438655.5302210287,1
2438814.1462665433,1
2438972.762312058,1
2439131.3783575725,1
2439289.994403087,1
2439448.6104486017,2
2439607.226494116,2
2439765.8425396304,3
2439924.458585145,3
2440083.0746306595,2
2440241.690676174,3
2440400.3067216887,3
2440558.922767203,3
2440717.5388127174,1
2440876.154858232,1
2441034.7709037466,2
2441193.386949261,3
2441352.002994776,2
2441510.61904029,2
2441669.2350858045,2
2441827.851131319,2
2441986.4671768337,2
2442145.0832223482,2
2442303.699267863,2
2442462.315313377,1
2442620.9313588915,1
2442779.547404406,1
2442938.1634499207,1
2443096.7794954353,2
2443255.39554095,3
2443414.011586464,2
2443572.6276319786,2
2443731.243677493,2
2443889.859723008,2
2444048.4757685224,1
2444207.091814037,1
2444365.707859551,1
2444524.3239050657,1
2444682.9399505802,1
2444841.555996095,1
2445000.1720416094,1
2445158.788087124,1
2445317.4041326386,1
2445476.0201781527,1
2445634.6362236673,1
2445793.252269182,1
2445951.8683146965,1
2446110.484360211,1
2446269.1004057257,1
2446427.71645124,1
2446586.3324967544,1
2446744.948542269,1
2446903.5645877835,1
2447062.180633298,1
2447220.7966788127,1
2447379.412724327,1
2447538.0287698414,1
2447696.644815356,1
2447855.2608608706,1
2448013.876906385,1
2448172.4929518998,1
2448331.108997414,1
2448489.7250429285,1
2448648.341088443,1
2448806.9571339577,2
2448965.5731794722,2
2449124.189224987,1
2449282.805270501,2
2449441.4213160155,2
2449600.03736153,2
2449758.6534070447,2
2449917.2694525593,2
2450075.885498074,2
2450234.501543588,2
2450393.1175891026,2
2450551.733634617,2
2450710.3496801318,1
2450868.9657256464,4
2451027.581771161,4
2451186.1978166755,2
2451344.8138621897,2
2451503.4299077042,2
2451662.045953219,2
2451820.6619987334,2
2451979.278044248,2
2452137.8940897626,2
2452296.5101352767,2
2452455.1261807913,1
2452613.742226306,1
2452772.3582718205,1
2452930.974317335,1
2453089.5903628496,1
2453248.2064083638,1
2453406.8224538784,1
2453565.438499393,1
2453724.0545449075,1
2453882.670590422,1
2454041.2866359367,1
2454199.902681451,2
2454358.5187269654,1
2454517.13477248,1
2454675.7508179946,1
2454834.366863509,1
2454992.9829090238,1
2455151.598954538,1
2455310.2150000525,1
2455468.831045567,1
2455627.4470910816,1
2455786.063136596,1
2455944.679182111,1
2456103.2952276254,1
2456261.9112731395,1
2456420.527318654,1
2456579.1433641687,1
2456737.7594096833,1
2456896.375455198,1
2457054.9915007125,2
2457213.6075462266,1
2457372.223591741,1
2457530.8396372558,1
2457689.4556827703,1
2457848.071728285,1
2458006.6877737995,1
2458165.3038193136,1
2458323.919864828,1
2458482.535910343,1
2458641.1519558574,1
2458799.768001372,1
2458958.3840468866,1
2459117.0000924007,1
2459275.6161379153,1
2459434.23218343,1
2459592.8482289445,1
2459751.464274459,1
2459910.0803199736,1
2460068.6963654878,1
2460227.3124110023,1
2460385.928456517,1
2460544.5445020315,1
2460703.160547546,1
2460861.7765930607,1
2461020.392638575,1
2461179.0086840894,1
2461337.624729604,1
2461496.2407751186,1
2461654.856820633,1
2461813.4728661478,1
2461972.0889116623,1
2462130.7049571765,1
2462289.321002691,1
2462447.9370482056,1
2462606.55309372,1
2462765.169139235,1
2462923.7851847494,1
2463082.4012302635,1
2463241.017275778,1
2463399.6333212927,1
2463558.2493668073,1
2463716.865412322,1
2463875.4814578365,1
2464034.0975033506,1
2464192.713548865,1
2464351.3295943798,3
2464509.9456398943,3
2464668.561685409,2
2464827.1777309235,1
2464985.7937764376,1
2465144.409821952,1
2465303.025867467,2
2465461.6419129814,3
2465620.257958496,2
2465778.8740040106,3
2465937.4900495247,2
2466096.1060950393,2
2466254.722140554,1
2466413.3381860685,2
2466571.954231583,2
2466730.5702770976,2
2466889.1863226118,2
2467047.8023681263,2
2467206.418413641,2
2467365.0344591555,2
2467523.65050467,2
2467682.2665501847,3
2467840.8825956993,2
2467999.4986412134,2
2468158.114686728,2
2468316.7307322426,2
2468475.346777757,2
2468633.9628232718,2
2468792.5788687863,2
2468951.1949143005,2
2469109.810959815,2
2469268.4270053296,2
2469427.043050844,3
2469585.659096359,2
2469744.2751418734,2
2469902.8911873875,2
2470061.507232902,2
2470220.1232784167,2
2470378.7393239313,2
2470537.355369446,3
2470695.9714149605,3
2470854.5874604746,2
2471013.203505989,2
2471171.8195515038,2
2471330.4355970183,2
2471489.051642533,2
2471647.6676880475,2
2471806.2837335616,2
2471964.899779076,2
2472123.515824591,3
2472282.1318701054,4
2472440.74791562,1
2472599.3639611346,4
2472757.980006649,3
2472916.5960521633,3
2473075.212097678,3
2473233.8281431925,4
2473392.444188707,4
2473551.0602342216,3
2473709.676279736,3
2473868.2923252503,3
2474026.908370765,4
2474185.5244162795,4
2474344.140461794,4
2474502.7565073087,4
2474661.3725528233,3
2474819.9885983374,4
2474978.604643852,5
2475137.2206893666,5
2475295.836734881,6
2475454.4527803957,5
2475613.0688259103,5
2475771.6848714245,4
2475930.300916939,3
2476088.9169624536,3
2476247.533007968,5
2476406.149053483,3
2476564.7650989974,3
2476723.3811445115,3
2476881.997190026,4
2477040.6132355407,4
2477199.2292810553,4
2477357.84532657,4
2477516.4613720844,4
2477675.0774175986,4
2477833.693463113,4
2477992.3095086277,4
2478150.9255541423,4
2478309.541599657,5
2478468.1576451715,3
2478626.7736906856,3
2478785.3897362,3
2478944.005781715,3
2479102.6218272294,4
2479261.237872744,4
2479419.8539182586,6
2479578.469963773,5
2479737.0860092873,5
2479895.702054802,4
2480054.3181003164,4
2480212.934145831,4
2480371.5501913456,3
2480530.16623686,3
2480688.7822823743,3
2480847.398327889,3
2481006.0143734035,4
2481164.630418918,3
2481323.2464644327,3
2481481.8625099473,5
2481640.4785554614,5
2481799.094600976,4
2481957.7106464906,4
2482116.326692005,4
2482274.9427375197,4
2482433.5587830343,4
2482592.1748285485,3
2482750.790874063,3
2482909.4069195776,4
2483068.022965092,4
2483226.639010607,4
2483385.2550561214,4
2483543.8711016355,4
2483702.48714715,3
2483861.1031926647,4
2484019.7192381793,4
2484178.335283694,4
2484336.9513292084,4
2484495.567374723,4
2484654.183420237,4
2484812.7994657517,4
2484971.4155112663,4
2485130.031556781,4
2485288.6476022955,4
2485447.26364781,4
2485605.879693324,4
2485764.495738839,4
2485923.1117843534,4
2486081.727829868,5
2486240.3438753826,5
2486398.959920897,4
2486557.5759664113,4
2486716.192011926,4
2486874.8080574404,4
2487033.424102955,4
2487192.0401484696,4
2487350.656193984,4
2487509.2722394983,4
2487667.888285013,4
2487826.5043305275,4
2487985.120376042,4
2488143.7364215567,4
2488302.3524670713,4
2488460.9685125854,4
2488619.5845581,5
2488778.2006036146,4
2488936.816649129,3
2489095.4326946437,3
2489254.0487401583,3
2489412.6647856724,3
2489571.280831187,5
2489729.8968767016,4
2489888.512922216,4
2490047.128967731,4
2490205.7450132454,4
2490364.3610587595,4
2490522.977104274,4
2490681.5931497887,4
2490840.2091953033,4
2490998.825240818,5
2491157.4412863324,6
2491316.057331847,5
2491474.673377361,4
2491633.2894228757,4
2491791.9054683903,5
2491950.521513905,5
2492109.1375594195,5
2492267.753604934,5
2492426.369650448,4
2492584.985695963,4
2492743.6017414774,4
2492902.217786992,4
2493060.8338325066,5
2493219.449878021,4
2493378.0659235353,5
2493536.68196905,5
2493695.2980145644,4
2493853.914060079,5
2494012.5301055936,4
2494171.146151108,4
2494329.7621966223,4
2494488.378242137,4
2494646.9942876515,4
2494805.610333166,4
2494964.2263786807,6
2495122.8424241953,4
2495281.45846971,3
2495440.074515224,3
2495598.6905607386,4
2495757.306606253,3
2495915.9226517677,5
2496074.5386972823,4
2496233.154742797,4
2496391.770788311,3
2496550.3868338256,4
2496709.00287934,3
2496867.618924855,3
2497026.2349703694,3
2497184.851015884,3
2497343.467061398,3
2497502.0831069127,3
2497660.6991524273,3
2497819.315197942,3
2497977.9312434564,3
2498136.547288971,3
2498295.163334485,3
2498453.7793799997,5
2498612.3954255143,4
2498771.011471029,4
2498929.6275165435,4
2499088.243562058,3
2499246.859607572,4
2499405.475653087,3
2499564.0916986014,3
2499722.707744116,4
2499881.3237896306,4
2500039.939835145,3
2500198.5558806593,4
2500357.171926174,3
2500515.7879716884,3
2500674.404017203,3
2500833.0200627176,5
2500991.636108232,4
2501150.252153747,4
2501308.868199261,3
2501467.4842447755,3
2501626.10029029,4
2501784.7163358047,4
2501943.3323813193,4
2502101.948426834,4
2502260.564472348,4
2502419.1805178626,3
2502577.796563377,3
2502736.4126088917,4
2502895.0286544063,4
2503053.644699921,3
2503212.260745435,3
2503370.8767909496,3
2503529.492836464,3
2503688.108881979,3
2503846.7249274934,3
2504005.340973008,3
2504163.957018522,3
2504322.5730640367,3
2504481.1891095513,3
2504639.805155066,3
2504798.4212005804,3
2504957.037246095,3
2505115.653291609,3
2505274.2693371237,3
2505432.8853826383,3
2505591.501428153,3
2505750.1174736675,3
2505908.733519182,3
2506067.3495646967,3
2506225.965610211,3
2506384.5816557254,3
2506543.19770124,3
2506701.8137467545,3
2506860.429792269,3
2507019.0458377833,3
2507177.661883298,3
2507336.2779288124,3
2507494.893974327,3
2507653.5100198416,3
2507812.126065356,3
2507970.742110871,5
2508129.358156385,4
2508287.9742018995,4
2508446.590247414,4
2508605.2062929287,5
2508763.8223384432,4
2508922.438383958,4
2509081.054429472,4
2509239.6704749865,3
2509398.286520501,3
2509556.9025660157,3
2509715.5186115303,4
2509874.134657045,3
2510032.750702559,4
2510191.3667480736,3
2510349.982793588,3
2510508.598839103,3
2510667.2148846174,3
2510825.830930132,3
2510984.446975646,3
2511143.0630211607,4
2511301.6790666752,4
2511460.29511219,4
2511618.9111577044,3
2511777.527203219,3
2511936.143248733,4
2512094.7592942477,3
2512253.3753397623,3
2512411.991385277,4
2512570.6074307915,4
2512729.223476306,4
2512887.8395218207,5
2513046.455567335,4
2513205.0716128494,5
2513363.687658364,4
2513522.3037038785,4
2513680.919749393,4
2513839.5357949077,4
2513998.151840422,3
2514156.7678859364,4
2514315.383931451,4
2514473.9999769656,4
2514632.61602248,4
2514791.232067995,3
2514949.848113509,4
2515108.4641590235,6
2515267.080204538,6
2515425.6962500527,4
2515584.3122955672,5
2515742.928341082,5
2515901.544386596,4
2516060.1604321105,4
2516218.776477625,4
2516377.3925231397,4
2516536.0085686543,3
2516694.624614169,3
2516853.240659683,3
2517011.8567051976,4
2517170.472750712,4
2517329.088796227,4
2517487.7048417414,3
2517646.320887256,4
2517804.93693277,3
2517963.5529782847,4
2518122.1690237992,4
2518280.785069314,4
2518439.4011148284,3
2518598.017160343,4
2518756.633205857,3
2518915.2492513717,3
2519073.8652968863,3
2519232.481342401,3
2519391.0973879155,3
2519549.71343343,3
2519708.3294789447,4
2519866.945524459,5
2520025.5615699734,4
2520184.177615488,3
2520342.7936610025,3
2520501.409706517,4
2520660.0257520317,4
2520818.641797546,4
2520977.2578430604,4
2521135.873888575,4
2521294.4899340896,3
2521453.105979604,5
2521611.722025119,4
2521770.338070633,4
2521928.9541161475,3
2522087.570161662,3
2522246.1862071767,3
2522404.8022526912,3
2522563.418298206,3
2522722.03434372,3
2522880.6503892345,3
2523039.266434749,3
2523197.8824802637,3
2523356.4985257783,3
2523515.114571293,3
2523673.730616807,3
2523832.3466623216,3
2523990.962707836,3
2524149.578753351,2
2524308.1947988654,3
2524466.81084438,3
2524625.4268898945,4
2524784.0429354087,3
2524942.6589809232,3
2525101.275026438,4
2525259.8910719524,5
2525418.507117467,4
2525577.1231629816,3
2525735.7392084957,4
2525894.3552540103,4
2526052.971299525,5
2526211.5873450395,4
2526370.203390554,3
2526528.8194360686,4
2526687.435481583,4
2526846.0515270974,4
2527004.667572612,4
2527163.2836181265,4
2527321.899663641,4
2527480.5157091557,4
2527639.13175467,4
2527797.7478001844,3
2527956.363845699,3
2528114.9798912136,3
2528273.595936728,3
2528432.2119822428,4
2528590.828027757,4
2528749.4440732715,4
2528908.060118786,5
2529066.6761643006,5
2529225.2922098152,5
2529383.90825533,5
2529542.5243008444,5
2529701.1403463585,5
2529859.756391873,5
2530018.3724373877,3
2530176.9884829023,4
2530335.604528417,5
2530494.220573931,3
2530652.8366194456,3
2530811.45266496,3
2530970.0687104748,4
2531128.6847559894,4
2531287.300801504,3
2531445.9168470185,3
2531604.5328925326,3
2531763.1489380472,4
2531921.764983562,3
2532080.3810290764,4
2532238.997074591,4
2532397.6131201056,3
2532556.2291656197,4
2532714.8452111343,3
2532873.461256649,3
2533032.0773021635,3
2533190.693347678,3
2533349.3093931926,3
2533507.9254387068,3
2533666.5414842214,3
2533825.157529736,3
2533983.7735752505,3
2534142.389620765,3
2534301.0056662797,3
2534459.621711794,3
2534618.2377573084,3
2534776.853802823,3
2534935.4698483376,3
2535094.085893852,3
2535252.7019393668,3
2535411.317984881,3
2535569.9340303955,3
2535728.55007591,3
2535887.1661214246,3
2536045.782166939,3
2536204.398212454,3
2536363.0142579684,3
2536521.6303034825,3
2536680.246348997,3
2536838.8623945117,3
2536997.4784400263,3
2537156.094485541,3
2537314.710531055,3
2537473.3265765696,3
2537631.942622084,5
2537790.5586675988,5
2537949.1747131133,6
2538107.790758628,5
2538266.4068041425,3
2538425.0228496566,4
2538583.638895171,4
2538742.254940686,4
2538900.8709862004,5
2539059.487031715,5
2539218.1030772296,6
2539376.7191227437,6
2539535.3351682583,6
2539693.951213773,5
2539852.5672592875,5
2540011.183304802,5
2540169.7993503166,5
2540328.4153958308,5
2540487.0314413453,5
2540645.64748686,5
2540804.2635323745,5
2540962.879577889,5
2541121.4956234037,5
2541280.1116689183,5
2541438.7277144324,4
2541597.343759947,5
2541755.9598054616,5
2541914.575850976,5
2542073.1918964908,5
2542231.807942005,5
2542390.4239875195,4
2542549.040033034,5
2542707.6560785486,5
2542866.272124063,5
2543024.888169578,5
2543183.5042150924,5
2543342.1202606065,5
2543500.736306121,5
2543659.3523516357,5
2543817.9683971503,5
2543976.584442665,5
2544135.2004881795,5
2544293.8165336936,5
2544452.432579208,5
2544611.0486247228,5
2544769.6646702373,5
2544928.280715752,5
2545086.8967612665,5
2545245.5128067806,5
2545404.128852295,5
2545562.74489781,5
2545721.3609433244,5
2545879.976988839,5
2546038.5930343536,4
2546197.2090798677,4
2546355.8251253823,4
2546514.441170897,4
2546673.0572164115,4
2546831.673261926,4
2546990.2893074406,4
2547148.905352955,4
2547307.5213984693,5
2547466.137443984,5
2547624.7534894985,5
2547783.369535013,5
2547941.9855805277,5
2548100.601626042,6
2548259.2176715564,6
2548417.833717071,6
2548576.4497625856,7
2548735.0658081,6
2548893.6818536147,6
2549052.297899129,4
2549210.9139446435,5
2549369.529990158,4
2549528.1460356726,4
2549686.762081187,4
2549845.378126702,4
2550003.9941722164,4
2550162.6102177305,4
2550321.226263245,3
2550479.8423087597,3
2550638.4583542743,3
2550797.074399789,3
2550955.6904453035,3
2551114.3064908176,4
2551272.922536332,4
2551431.5385818467,4
2551590.1546273613,4
2551748.770672876,4
2551907.3867183905,4
2552066.0027639046,4
2552224.618809419,4
2552383.234854934,4
2552541.8509004484,4
2552700.466945963,5
2552859.0829914776,5
2553017.699036992,5
2553176.3150825063,5
2553334.931128021,5
2553493.5471735355,5
2553652.16321905,5
2553810.7792645646,5
2553969.395310079,5
2554128.0113555933,5
2554286.627401108,5
2554445.2434466225,5
2554603.859492137,5
2554762.4755376517,5
2554921.0915831663,5
2555079.7076286804,5
2555238.323674195,5
2555396.9397197096,5
2555555.555765224,6
2555714.1718107387,5
2555872.787856253,5
2556031.4039017675,5
2556190.019947282,5
2556348.6359927966,5
2556507.252038311,5
2556665.868083826,5
2556824.4841293404,5
2556983.1001748545,5
2557141.716220369,5
2557300.3322658837,5
2557458.9483113983,5
2557617.564356913,5
2557776.1804024274,5
2557934.796447942,5
2558093.412493456,5
2558252.0285389707,5
2558410.6445844853,5
2558569.26063,5
2558727.8766755145,4
2558886.4927210286,4
2559045.108766543,4
2559203.724812058,6
2559362.3408575724,4
2559520.956903087,4
2559679.5729486016,4
2559838.188994116,4
2559996.8050396303,4
2560155.421085145,4
2560314.0371306594,4
2560472.653176174,4
2560631.2692216886,4
2560789.885267203,5
2560948.5013127173,5
2561107.117358232,4
2561265.7334037465,5
2561424.349449261,5
2561582.9654947757,7
2561741.5815402903,6
2561900.1975858044,5
2562058.813631319,5
2562217.4296768336,5
2562376.045722348,5
2562534.6617678627,5
2562693.2778133773,5
2562851.8938588914,5
2563010.509904406,5
2563169.1259499206,5
2563327.741995435,5
2563486.35804095,5
2563644.9740864644,5
2563803.5901319785,5
2563962.206177493,5
2564120.8222230077,5
2564279.4382685223,5
2564438.054314037,4
2564596.6703595514,4
2564755.286405066,4
2564913.90245058,4
2565072.5184960947,5
2565231.1345416093,5
2565389.750587124,5
2565548.3666326385,5
2565706.982678153,5
2565865.598723667,5
2566024.214769182,5
2566182.8308146964,5
2566341.446860211,5
2566500.0629057256,5
2566658.67895124,5
2566817.2949967543,5
2566975.911042269,5
2567134.5270877834,7
2567293.143133298,6
2567451.7591788126,6
2567610.375224327,6
2567768.9912698413,5
2567927.607315356,4
2568086.2233608705,4
2568244.839406385,4
2568403.4554518997,4
2568562.0714974143,4
2568720.6875429284,4
2568879.303588443,4
2569037.9196339576,6
2569196.535679472,6
2569355.1517249867,5
2569513.7677705013,5
2569672.383816016,6
2569830.99986153,5
2569989.6159070446,5
2570148.231952559,5
2570306.847998074,6
2570465.4640435884,5
2570624.0800891025,5
2570782.696134617,5
2570941.3121801317,4
2571099.9282256463,4
2571258.544271161,4
2571417.1603166754,4
2571575.77636219,4
2571734.392407704,4
2571893.0084532187,4
2572051.6244987333,4
2572210.240544248,4
2572368.8565897625,4
2572527.472635277,4
2572686.088680791,4
2572844.704726306,4
2573003.3207718204,5
2573161.936817335,4
2573320.5528628496,5
2573479.168908364,4
2573637.7849538783,6
2573796.400999393,5
2573955.0170449074,5
2574113.633090422,5
2574272.2491359366,5
2574430.865181451,5
2574589.4812269653,5
2574748.09727248,5
2574906.7133179945,5
2575065.329363509,5
2575223.9454090237,5
2575382.5614545383,6
2575541.1775000524,6
2575699.793545567,6
2575858.4095910816,6
2576017.025636596,6
2576175.6416821107,7
2576334.2577276253,7
2576492.87377314,7
2576651.489818654,6
2576810.1058641686,6
2576968.721909683,6
2577127.337955198,6
2577285.9540007124,6
2577444.570046227,6
2577603.186091741,6
2577761.8021372557,6
2577920.4181827703,5
2578079.034228285,6
2578237.6502737994,6
2578396.266319314,6
2578554.882364828,7
2578713.4984103427,6
2578872.1144558573,6
2579030.730501372,6
2579189.3465468865,6
2579347.962592401,6
2579506.578637915,6
2579665.19468343,7
2579823.8107289444,8
2579982.426774459,6
2580141.0428199735,6
2580299.658865488,6
2580458.2749110023,6
2580616.890956517,6
2580775.5070020314,6
2580934.123047546,6
2581092.7390930606,6
2581251.355138575,6
2581409.97118409,6
2581568.587229604,6
2581727.2032751185,6
2581885.819320633,6
2582044.4353661477,6
2582203.0514116623,6
2582361.6674571764,6
2582520.283502691,6
2582678.8995482055,6
2582837.51559372,6
2582996.1316392347,6
2583154.7476847493,6
2583313.363730264,6
2583471.979775778,8
2583630.5958212926,8
2583789.211866807,7
2583947.827912322,7
2584106.4439578364,7
2584265.060003351,7
2584423.676048865,6
2584582.2920943797,6
2584740.9081398943,6
2584899.524185409,7
2585058.1402309234,7
2585216.756276438,6
2585375.372321952,6
2585533.9883674667,6
2585692.6044129813,6
2585851.220458496,7
2586009.8365040105,7
2586168.452549525,6
2586327.0685950397,6
2586485.684640554,6
2586644.3006860684,6
2586802.916731583,6
2586961.5327770975,6
2587120.148822612,7
2587278.7648681263,7
2587437.380913641,8
2587595.9969591554,8
2587754.61300467,7
2587913.2290501846,8
2588071.845095699,8
2588230.461141214,8
2588389.077186728,7
2588547.6932322425,8
2588706.309277757,8
2588864.9253232717,8
2589023.5413687862,8
2589182.157414301,7
2589340.773459815,7
2589499.3895053295,7
2589658.005550844,6
2589816.6215963587,7
2589975.2376418733,7
2590133.853687388,7
2590292.469732902,7
2590451.0857784166,6
2590609.701823931,6
2590768.317869446,6
2590926.9339149604,6
2591085.549960475,6
2591244.166005989,6
2591402.7820515037,6
2591561.3980970182,6
2591720.014142533,6
2591878.6301880474,6
2592037.246233562,6
2592195.862279076,6
2592354.4783245907,6
2592513.0943701053,7
2592671.71041562,6
2592830.3264611345,6
2592988.942506649,6
2593147.558552163,6
2593306.174597678,6
2593464.7906431924,6
2593623.406688707,6
2593782.0227342215,6
2593940.638779736,6
2594099.2548252502,6
2594257.870870765,6
2594416.4869162794,6
2594575.102961794,6
2594733.7190073086,6
2594892.335052823,6
2595050.951098338,6
2595209.567143852,6
2595368.1831893665,6
2595526.799234881,6
2595685.4152803957,6
2595844.0313259102,6
2596002.647371425,6
2596161.2634169394,6
2596319.8794624535,6
2596478.495507968,6
2596637.1115534827,6
2596795.7275989973,6
2596954.343644512,6
2597112.959690026,6
2597271.5757355406,6
2597430.191781055,6
2597588.80782657,6
2597747.4238720844,6
2597906.039917599,6
2598064.655963113,6
2598223.2720086277,6
2598381.8880541422,6
2598540.504099657,6
2598699.1201451714,6
2598857.736190686,6
2599016.3522362,6
2599174.9682817147,6
2599333.5843272293,6
2599492.200372744,6
2599650.8164182585,6
2599809.432463773,6
2599968.0485092876,6
2600126.664554802,6
2600285.2806003164,6
2600443.896645831,6
2600602.5126913455,6
2600761.12873686,6
2600919.7447823747,6
2601078.360827889,6
2601236.9768734034,6
2601395.592918918,6
2601554.2089644326,6
2601712.825009947,6
2601871.4410554618,6
2602030.057100976,6
2602188.6731464905,6
2602347.289192005,6
2602505.9052375196,6
2602664.5212830342,6
2602823.137328549,6
2602981.753374063,6
2603140.3694195775,6
2603298.985465092,6
2603457.6015106067,6
2603616.2175561213,6
2603774.833601636,6
2603933.44964715,6
2604092.0656926646,6
2604250.681738179,6
2604409.2977836938,6
2604567.9138292084,6
2604726.529874723,5
2604885.1459202375,5
2605043.7619657516,5
2605202.3780112662,5
2605360.994056781,5
2605519.6101022954,5
2605678.22614781,5
2605836.8421933246,5
2605995.4582388387,5
2606154.0742843533,5
2606312.690329868,5
2606471.3063753825,5
2606629.922420897,5
2606788.5384664116,5
2606947.1545119258,6
2607105.7705574404,5
2607264.386602955,5
2607423.0026484695,5
2607581.618693984,5
2607740.2347394987,5
2607898.8507850133,5
2608057.4668305274,5
2608216.082876042,5
2608374.6989215566,6
2608533.314967071,5
2608691.9310125858,5
2608850.5470581,5
2609009.1631036145,5
2609167.779149129,5
2609326.3951946436,6
2609485.011240158,5
2609643.627285673,5
2609802.243331187,5
2609960.8593767015,5
2610119.475422216,5
2610278.0914677307,5
2610436.7075132453,5
2610595.32355876,6
2610753.939604274,5
2610912.5556497886,6
2611071.171695303,7
2611229.7877408178,5
2611388.4037863323,5
2611547.019831847,5
2611705.6358773615,6
2611864.2519228756,5
2612022.86796839,5
2612181.484013905,5
2612340.1000594194,5
2612498.716104934,5
2612657.332150448,5
2612815.9481959627,5
2612974.5642414773,5
2613133.180286992,6
2613291.7963325065,5
2613450.412378021,5
2613609.0284235356,5
2613767.6444690498,5
2613926.2605145643,6
2614084.876560079,5
2614243.4926055935,5
2614402.108651108,6
2614560.7246966227,5
2614719.3407421373,5
2614877.9567876514,7
2615036.572833166,6
2615195.1888786806,6
2615353.804924195,5
2615512.4209697098,5
2615671.037015224,9
2615829.6530607385,5
2615988.269106253,5
2616146.8851517676,5
2616305.501197282,6
2616464.117242797,5
2616622.7332883114,5
2616781.3493338255,5
2616939.96537934,5
2617098.5814248547,5
2617257.1974703693,5
2617415.813515884,5
2617574.4295613985,5
2617733.0456069126,5
2617891.661652427,5
2618050.2776979418,5
2618208.8937434563,5
2618367.509788971,5
2618526.1258344855,5
2618684.7418799996,5
2618843.357925514,5
2619001.973971029,6
2619160.5900165434,6
2619319.206062058,5
2619477.8221075726,4
2619636.4381530867,4
2619795.0541986013,4
2619953.670244116,5
2620112.2862896305,5
2620270.902335145,5
2620429.5183806596,5
2620588.134426174,5
2620746.7504716883,5
2620905.366517203,5
2621063.9825627175,5
2621222.598608232,5
2621381.2146537467,5
2621539.8306992613,5
2621698.4467447754,5
2621857.06279029,5
2622015.6788358046,5
2622174.294881319,5
2622332.9109268337,5
2622491.5269723483,4
2622650.1430178625,4
2622808.759063377,4
2622967.3751088916,4
2623125.991154406,4
2623284.607199921,4
2623443.2232454354,4
2623601.8392909495,4
2623760.455336464,4
2623919.0713819787,4
2624077.6874274933,4
2624236.303473008,4
2624394.9195185225,4
2624553.5355640366,5
2624712.151609551,4
2624870.7676550657,4
2625029.3837005803,4
2625187.999746095,4
2625346.6157916095,4
2625505.2318371236,4
2625663.847882638,4
2625822.463928153,4
2625981.0799736674,4
2626139.696019182,4
2626298.3120646966,7
2626456.9281102107,8
2626615.5441557253,7
2626774.16020124,8
2626932.7762467545,8
2627091.392292269,7
2627250.0083377836,6
2627408.6243832977,4
2627567.2404288123,4
2627725.856474327,4
2627884.4725198415,4
2628043.088565356,5
2628201.7046108707,7
2628360.3206563853,7
2628518.9367018994,5
2628677.552747414,5
2628836.1687929286,5
2628994.784838443,5
2629153.4008839577,5
2629312.016929472,5
2629470.6329749865,4
2629629.249020501,4
2629787.8650660156,4
2629946.48111153,4
2630105.097157045,4
2630263.7132025594,4
2630422.3292480735,4
2630580.945293588,4
2630739.5613391027,4
2630898.1773846173,4
2631056.793430132,4
2631215.4094756464,4
2631374.0255211606,4
2631532.641566675,4
2631691.2576121897,4
2631849.8736577043,5
2632008.489703219,4
2632167.1057487335,5
2632325.7217942476,5
2632484.337839762,5
2632642.953885277,5
2632801.5699307914,5
2632960.185976306,5
2633118.8020218206,5
2633277.418067335,5
2633436.0341128493,7
2633594.650158364,10
2633753.2662038784,5
2633911.882249393,5
2634070.4982949076,5
2634229.1143404217,5
2634387.7303859363,5
2634546.346431451,5
2634704.9624769655,5
2634863.57852248,6
2635022.1945679947,6
2635180.8106135093,6
2635339.4266590234,6
2635498.042704538,6
2635656.6587500526,6
2635815.274795567,6
2635973.8908410817,6
2636132.5068865963,6
2636291.1229321104,6
2636449.738977625,6
2636608.3550231396,5
2636766.971068654,5
2636925.587114169,5
2637084.2031596834,5
2637242.8192051975,5
2637401.435250712,5
2637560.0512962267,5
2637718.6673417413,5
2637877.283387256,5
2638035.8994327704,5
2638194.515478285,5
2638353.131523799,5
2638511.7475693137,5
2638670.3636148283,5
2638828.979660343,5
2638987.5957058575,5
2639146.211751372,5
2639304.827796886,7
2639463.443842401,8
2639622.0598879154,8
2639780.67593343,9
2639939.2919789446,9
2640097.908024459,9
2640256.5240699733,8
2640415.140115488,8
2640573.7561610024,8
2640732.372206517,9
2640890.9882520316,9
2641049.604297546,8
2641208.2203430603,5
2641366.836388575,5
2641525.4524340895,5
2641684.068479604,6
2641842.6845251187,5
2642001.3005706333,5
2642159.9166161474,5
2642318.532661662,6
2642477.1487071766,5
2642635.764752691,5
2642794.3807982057,5
2642952.9968437203,5
2643111.6128892344,5
2643270.228934749,5
2643428.8449802636,5
2643587.461025778,6
2643746.077071293,5
2643904.6931168074,5
2644063.3091623215,5
2644221.925207836,5
2644380.5412533507,6
2644539.1572988653,6
2644697.77334438,6
2644856.3893898944,6
2645015.005435409,6
2645173.621480923,7
2645332.2375264377,6
2645490.8535719523,6
2645649.469617467,6
2645808.0856629815,5
2645966.7017084956,5
2646125.31775401,6
2646283.933799525,6
2646442.5498450394,5
2646601.165890554,7
2646759.7819360686,7
2646918.397981583,5
2647077.0140270973,5
2647235.630072612,5
2647394.2461181264,4
2647552.862163641,5
2647711.4782091556,5
2647870.09425467,5
2648028.7103001843,5
2648187.326345699,6
2648345.9423912135,5
2648504.558436728,5
2648663.1744822427,5
2648821.7905277573,5
2648980.4065732714,5
2649139.022618786,5
2649297.6386643006,5
2649456.254709815,5
2649614.8707553297,4
2649773.4868008443,4
2649932.102846359,4
2650090.718891873,4
2650249.3349373876,4
2650407.950982902,4
2650566.567028417,4
2650725.1830739314,4
2650883.7991194455,4
2651042.41516496,4
2651201.0312104747,4
2651359.6472559893,4
2651518.263301504,4
2651676.8793470184,4
2651835.495392533,4
2651994.111438047,4
2652152.7274835617,4
2652311.3435290763,4
2652469.959574591,4
2652628.5756201055,4
2652787.1916656196,4
2652945.807711134,4
2653104.423756649,5
2653263.0398021634,4
2653421.655847678,4
2653580.2718931925,4
2653738.887938707,4
2653897.5039842213,4
2654056.120029736,4
2654214.7360752504,4
2654373.352120765,4
2654531.9681662796,4
2654690.584211794,5
2654849.200257309,5
2655007.816302823,5
2655166.4323483375,5
2655325.048393852,5
2655483.6644393667,5
2655642.2804848813,4
2655800.896530396,4
2655959.51257591,4
2656118.1286214245,4
2656276.744666939,4
2656435.3607124537,4
2656593.9767579683,5
2656752.592803483,5
2656911.208848997,5
2657069.8248945116,4
2657228.440940026,5
2657387.056985541,5
2657545.6730310554,5
2657704.28907657,4
2657862.905122084,4
2658021.5211675987,4
2658180.1372131133,4
2658338.753258628,4
2658497.3693041424,4
2658655.985349657,4
2658814.601395171,4
2658973.2174406857,4
2659131.8334862003,4
2659290.449531715,4
2659449.0655772295,4
2659607.681622744,4
2659766.297668258,4
2659924.913713773,4
2660083.5297592874,4
2660242.145804802,4
2660400.7618503165,4
2660559.377895831,4
2660717.9939413457,4
2660876.60998686,4
2661035.2260323744,5
2661193.842077889,5
2661352.4581234036,5
2661511.074168918,5
2661669.6902144323,5
2661828.306259947,5
2661986.9223054615,5
2662145.538350976,5
2662304.1543964907,5
2662462.7704420052,5
2662621.38648752,5
2662780.002533034,5
2662938.6185785485,5
2663097.234624063,5
2663255.8506695777,5
2663414.4667150923,5
2663573.082760607,5
2663731.698806121,5
2663890.3148516356,5
2664048.93089715,4
2664207.546942665,4
2664366.1629881794,4
2664524.779033694,4
2664683.395079208,4
2664842.0111247227,4
2665000.6271702372,4
2665159.243215752,5
2665317.8592612664,4
2665476.475306781,5
2665635.091352295,5
2665793.7073978097,5
2665952.3234433243,5
2666110.939488839,5
2666269.5555343535,4
2666428.171579868,4
2666586.7876253827,4
2666745.403670897,4
2666904.0197164114,3
2667062.635761926,4
2667221.2518074405,4
2667379.867852955,2
2667538.4838984692,2
2667697.099943984,2
2667855.7159894984,2
2668014.332035013,3
2668172.9480805276,3
2668331.564126042,3
2668490.180171557,3
2668648.796217071,2
2668807.4122625855,3
2668966.0283081,3
2669124.6443536147,3
2669283.2603991292,3
2669441.876444644,3
2669600.492490158,3
2669759.1085356725,2
2669917.724581187,2
2670076.3406267017,3
2670234.9566722163,2
2670393.572717731,2
2670552.188763245,3
2670710.8048087596,4
2670869.420854274,4
2671028.036899789,3
2671186.6529453034,3
2671345.268990818,3
2671503.8850363325,3
2671662.5010818467,4
2671821.1171273612,3
2671979.733172876,3
2672138.3492183904,3
2672296.965263905,2
2672455.581309419,2
2672614.1973549337,2
2672772.8134004483,2
2672931.429445963,3
2673090.0454914775,2
2673248.661536992,2
2673407.2775825066,3
2673565.893628021,3
2673724.5096735354,3
2673883.12571905,3
2674041.7417645645,3
2674200.357810079,3
2674358.9738555932,5
2674517.589901108,5
2674676.2059466224,4
2674834.821992137,4
2674993.4380376516,4
2675152.054083166,3
2675310.6701286808,3
2675469.286174195,3
2675627.9022197095,2
2675786.518265224,3
2675945.1343107386,2
2676103.7503562532,2
2676262.366401768,2
2676420.982447282,2
2676579.5984927965,3
2676738.214538311,4
2676896.8305838257,3
2677055.4466293403,3
2677214.062674855,4
2677372.678720369,4
2677531.2947658836,4
2677689.910811398,4
2677848.5268569128,3
2678007.1429024274,3
2678165.758947942,3
2678324.3749934565,3
2678482.9910389706,4
2678641.6070844852,4
2678800.22313,4
2678958.8391755144,4
2679117.455221029,3
2679276.071266543,3
2679434.6873120577,4
2679593.3033575723,3
2679751.919403087,3
2679910.5354486015,3
2680069.151494116,3
2680227.7675396306,3
2680386.3835851448,3
2680544.9996306594,3
2680703.615676174,3
2680862.2317216885,3
2681020.847767203,3
2681179.4638127177,3
2681338.079858232,3
2681496.6959037464,4
2681655.311949261,4
2681813.9279947756,4
2681972.54404029,4
2682131.1600858048,4
2682289.7761313193,3
2682448.3921768335,4
2682607.008222348,5
2682765.6242678626,6
2682924.240313377,6
2683082.856358892,5
2683241.4724044064,4
2683400.0884499205,4
2683558.704495435,5
2683717.3205409497,5
2683875.9365864643,5
2684034.552631979,5
2684193.168677493,4
2684351.7847230076,4
2684510.400768522,5
2684669.0168140368,5
2684827.6328595513,5
2684986.248905066,4
2685144.8649505805,6
2685303.4809960946,4
2685462.097041609,4
2685620.713087124,4
2685779.3291326384,5
2685937.945178153,4
2686096.561223667,3
2686255.1772691817,3
2686413.7933146963,4
2686572.409360211,4
2686731.0254057255,4
2686889.64145124,3
2687048.2574967546,5
2687206.8735422688,5
2687365.4895877833,5
2687524.105633298,5
2687682.7216788125,5
2687841.337724327,5
2687999.9537698417,6
2688158.5698153563,5
2688317.1858608704,5
2688475.801906385,5
2688634.4179518996,6
2688793.033997414,7
2688951.6500429288,6
2689110.266088443,5
2689268.8821339575,5
2689427.498179472,4
2689586.1142249866,5
2689744.730270501,5
2689903.346316016,5
2690061.9623615304,5
2690220.5784070445,5
2690379.194452559,5
2690537.8104980737,6
2690696.4265435883,6
2690855.042589103,6
2691013.6586346175,6
2691172.2746801316,5
2691330.890725646,5
2691489.5067711608,6
2691648.1228166753,5
2691806.73886219,6
2691965.354907704,6
2692123.9709532186,5
2692282.586998733,6
2692441.203044248,6
2692599.8190897624,6
2692758.435135277,5
2692917.0511807916,4
2693075.6672263057,4
2693234.2832718203,4
2693392.899317335,5
2693551.5153628495,4
2693710.131408364,5
2693868.7474538786,5
2694027.3634993928,5
2694185.9795449073,5
2694344.595590422,5
2694503.2116359365,4
2694661.827681451,4
2694820.4437269657,4
2694979.0597724803,4
2695137.6758179944,4
2695296.291863509,4
2695454.9079090236,4
2695613.523954538,5
2695772.1400000528,5
2695930.756045567,6
2696089.372091082,6
2696247.988136596,7
2696406.6041821106,6
2696565.220227625,5
2696723.83627314,6
2696882.4523186544,5
2697041.0683641685,7
2697199.684409683,7
2697358.3004551977,7
2697516.9165007123,5
2697675.532546227,5
2697834.148591741,4
2697992.7646372556,3
2698151.38068277,4
2698309.9967282848,5
2698468.6127737993,5
2698627.228819314,5
2698785.8448648285,5
2698944.4609103426,5
2699103.076955857,6
2699261.693001372,7
2699420.3090468864,4
2699578.925092401,4
2699737.5411379156,5
2699896.15718343,4
2700054.7732289443,3
2700213.389274459,3
2700372.0053199735,3
2700530.621365488,4
2700689.2374110026,3
2700847.8534565168,4
2701006.4695020313,6
2701165.085547546,6
2701323.7015930605,4
2701482.317638575,6
2701640.9336840897,7
2701799.5497296043,5
2701958.1657751184,4
2702116.781820633,4
2702275.3978661476,3
2702434.013911662,4
2702592.6299571767,5
2702751.246002691,5
2702909.862048206,4
2703068.47809372,4
2703227.0941392346,4
2703385.710184749,3
2703544.326230264,3
2703702.9422757784,4
2703861.5583212925,4
2704020.174366807,4
2704178.7904123217,4
2704337.4064578363,4
2704496.022503351,4
2704654.6385488654,6
2704813.2545943796,5
2704971.870639894,4
2705130.4866854087,4
2705289.1027309233,4
2705447.718776438,6
2705606.3348219525,5
2705764.9508674666,4
2705923.566912981,4
2706082.182958496,4
2706240.7990040104,5
2706399.415049525,5
2706558.0310950396,5
2706716.647140554,4
2706875.2631860683,5
2707033.879231583,5
2707192.4952770974,4
2707351.111322612,4
2707509.7273681266,5
2707668.3434136407,3
2707826.9594591553,3
2707985.57550467,4
2708144.1915501845,3
2708302.807595699,4
2708461.4236412137,4
2708620.0396867283,5
2708778.6557322424,3
2708937.271777757,3
2709095.8878232716,3
2709254.503868786,3
2709413.1199143007,3
2709571.7359598153,3
2709730.3520053294,4
2709888.968050844,4
2710047.5840963586,4
2710206.200141873,4
2710364.816187388,4
2710523.4322329024,4
2710682.0482784165,5
2710840.664323931,5
2710999.2803694457,5
2711157.8964149603,5
2711316.512460475,6
2711475.1285059894,6
2711633.744551504,6
2711792.360597018,6
2711950.9766425327,6
2712109.5926880473,5
2712268.208733562,7
2712426.8247790765,7
2712585.4408245906,6
2712744.056870105,6
2712902.67291562,6
2713061.2889611344,8
2713219.905006649,6
2713378.5210521636,6
2713537.137097678,6
2713695.7531431923,7
2713854.369188707,5
2714012.9852342214,5
2714171.601279736,6
2714330.2173252506,5
2714488.8333707647,5
2714647.4494162793,5
2714806.065461794,5
2714964.6815073085,5
2715123.297552823,5
2715281.9135983377,5
2715440.5296438523,6
2715599.1456893664,7
2715757.761734881,8
2715916.3777803956,8
2716074.99382591,8
2716233.6098714247,7
2716392.2259169393,5
2716550.841962454,5
2716709.458007968,7
2716868.0740534826,7
2717026.690098997,8
2717185.306144512,7
2717343.9221900264,7
2717502.5382355405,7
2717661.154281055,6
2717819.7703265697,5
2717978.3863720843,7
2718137.002417599,5
2718295.6184631134,6
2718454.234508628,5
2718612.850554142,6
2718771.4665996567,6
2718930.0826451713,6
2719088.698690686,6
2719247.3147362005,6
2719405.9307817146,6
2719564.546827229,6
2719723.162872744,6
2719881.7789182584,6
2720040.394963773,6
2720199.0110092876,7
2720357.627054802,9
2720516.2431003163,8
2720674.859145831,8
2720833.4751913454,7
2720992.09123686,5
2721150.7072823746,7
2721309.323327889,6
2721467.9393734033,6
2721626.555418918,5
2721785.1714644325,6
2721943.787509947,7
2722102.4035554617,5
2722261.0196009763,8
2722419.6356464904,6
2722578.251692005,7
2722736.8677375196,5
2722895.483783034,5
2723054.0998285487,5
2723212.7158740633,5
2723371.331919578,5
2723529.947965092,5
2723688.5640106066,6
2723847.180056121,5
2724005.796101636,5
2724164.4121471504,6
2724323.028192665,6
2724481.644238179,8
2724640.2602836937,8
2724798.8763292083,9
2724957.492374723,9
2725116.1084202374,7
2725274.724465752,7
2725433.340511266,7
2725591.9565567807,7
2725750.5726022953,7
2725909.18864781,7
2726067.8046933245,6
2726226.4207388386,5
2726385.036784353,5
2726543.652829868,6
2726702.2688753824,6
2726860.884920897,7
2727019.5009664115,6
2727178.117011926,7
2727336.7330574403,7
2727495.349102955,8
2727653.9651484694,8
2727812.581193984,7
2727971.1972394986,6
2728129.813285013,6
2728288.429330528,6
2728447.045376042,6
2728605.6614215565,6
2728764.277467071,8
2728922.8935125857,8
2729081.5095581003,7
2729240.1256036144,9
2729398.7416491294,8
2729557.3576946435,7
2729715.973740158,7
2729874.5897856727,6
2730033.2058311873,6
2730191.821876702,6
2730350.437922216,6
2730509.0539677306,5
2730667.670013245,5
2730826.28605876,5
2730984.9021042744,6
2731143.5181497885,6
2731302.134195303,6
2731460.7502408177,5
2731619.3662863323,5
2731777.982331847,7
2731936.5983773614,6
2732095.214422876,6
2732253.83046839,6
2732412.4465139047,6
2732571.0625594193,6
2732729.678604934,6
2732888.2946504485,6
2733046.9106959626,6
2733205.526741477,6
2733364.142786992,6
2733522.7588325064,6
2733681.374878021,6
2733839.9909235355,6
2733998.60696905,6
2734157.2230145643,7
2734315.839060079,5
2734474.4551055934,5
2734633.071151108,5
2734791.6871966226,6
2734950.303242137,6
2735108.919287652,6
2735267.535333166,6
2735426.1513786805,6
2735584.767424195,6
2735743.3834697097,5
2735901.9995152242,6
2736060.6155607384,5
2736219.2316062534,5
2736377.8476517675,5
2736536.463697282,5
2736695.0797427967,6
2736853.6957883113,5
2737012.311833826,5
2737170.92787934,6
2737329.5439248546,7
2737488.159970369,6
2737646.776015884,5
2737805.3920613984,5
2737964.008106913,5
2738122.624152427,5
2738281.2401979417,5
2738439.8562434562,5
2738598.472288971,5
2738757.0883344854,5
2738915.70438,5
2739074.320425514,4
2739232.9364710287,4
2739391.5525165433,5
2739550.168562058,6
2739708.7846075725,6
2739867.400653087,4
2740026.0166986017,3
2740184.632744116,4
2740343.2487896304,4
2740501.864835145,4
2740660.4808806595,4
2740819.096926174,5
2740977.7129716882,5
2741136.329017203,5
2741294.9450627174,4
2741453.561108232,4
2741612.1771537466,4
2741770.793199261,4
2741929.409244776,4
2742088.02529029,4
2742246.6413358045,4
2742405.257381319,4
2742563.8734268337,4
2742722.4894723482,5
2742881.1055178624,5
2743039.721563377,5
2743198.3376088915,6
2743356.953654406,6
2743515.5696999207,5
2743674.1857454353,5
2743832.80179095,5
2743991.417836464,4
2744150.0338819786,5
2744308.649927493,4
2744467.265973008,4
2744625.8820185224,5
2744784.498064037,5
2744943.114109551,5
2745101.7301550657,5
2745260.3462005802,4
2745418.962246095,5
2745577.5782916094,4
2745736.194337124,4
2745894.810382638,4
2746053.4264281527,4
2746212.0424736673,4
2746370.658519182,4
2746529.2745646965,4
2746687.8906102106,4
2746846.5066557257,4
2747005.12270124,3
2747163.7387467544,3
2747322.354792269,4
2747480.9708377835,5
2747639.586883298,4
2747798.2029288122,4
2747956.818974327,3
2748115.4350198414,3
2748274.051065356,4
2748432.6671108706,3
2748591.283156385,3
2748749.8992018998,4
2748908.515247414,5
2749067.1312929285,5
2749225.747338443,5
2749384.3633839577,5
2749542.9794294722,5
2749701.595474987,5
2749860.2115205014,4
2750018.8275660155,4
2750177.44361153,4
2750336.0596570447,4
2750494.6757025593,4
2750653.291748074,4
2750811.907793588,5
2750970.5238391026,5
2751129.139884617,5
2751287.7559301318,5
2751446.3719756464,7
2751604.988021161,5
2751763.6040666755,5
2751922.2201121897,4
2752080.8361577042,5
2752239.452203219,5
2752398.0682487334,5
2752556.684294248,4
2752715.300339762,4
2752873.9163852767,5
2753032.5324307913,4
2753191.148476306,4
2753349.7645218205,4
2753508.380567335,5
2753666.9966128496,5
2753825.6126583638,5
2753984.2287038784,5
2754142.844749393,5
2754301.4607949075,5
2754460.076840422,5
2754618.6928859362,6
2754777.308931451,5
2754935.9249769654,4
2755094.54102248,4
2755253.1570679946,4
2755411.773113509,5
2755570.3891590238,5
2755729.005204538,5
2755887.6212500525,5
2756046.237295567,5
2756204.8533410816,5
2756363.469386596,5
2756522.085432111,4
2756680.7014776254,4
2756839.3175231395,4
2756997.933568654,4
2757156.5496141687,4
2757315.1656596833,4
2757473.781705198,4
2757632.3977507125,4
2757791.0137962266,4
2757949.629841741,5
2758108.2458872558,5
2758266.8619327703,7
2758425.4779782845,4
2758584.094023799,5
2758742.7100693136,5
2758901.326114828,5
2759059.942160343,5
2759218.5582058574,5
2759377.174251372,5
2759535.790296886,6
2759694.4063424007,6
2759853.0223879153,5
2760011.63843343,5
2760170.2544789445,4
2760328.870524459,4
2760487.4865699736,4
2760646.1026154878,4
2760804.7186610023,5
2760963.334706517,5
2761121.9507520315,5
2761280.566797546,5
2761439.1828430607,5
2761597.7988885753,5
2761756.4149340894,4
2761915.030979604,4
2762073.6470251186,4
2762232.263070633,4
2762390.8791161478,4
2762549.495161662,4
2762708.1112071765,4
2762866.727252691,4
2763025.3432982056,4
2763183.95934372,4
2763342.575389235,4
2763501.1914347494,4
2763659.8074802635,4
2763818.423525778,4
2763977.0395712927,4
2764135.6556168073,4
2764294.271662322,4
2764452.8877078365,4
2764611.5037533506,4
2764770.119798865,4
2764928.7358443798,4
2765087.3518898943,4
2765245.967935409,5
2765404.583980923,5
2765563.2000264376,4
2765721.816071952,4
2765880.432117467,6
2766039.0481629814,5
2766197.664208496,4
2766356.2802540106,4
2766514.8962995247,4
2766673.5123450393,4
2766832.128390554,4
2766990.7444360685,4
2767149.360481583,4
2767307.9765270976,4
2767466.5925726118,4
2767625.2086181263,4
2767783.824663641,4
2767942.4407091555,3
2768101.05675467,3
2768259.6728001847,3
2768418.2888456993,3
2768576.9048912134,3
2768735.520936728,3
2768894.1369822426,3
2769052.753027757,3
2769211.3690732718,3
2769369.985118786,3
2769528.6011643005,3
2769687.217209815,3
2769845.8332553296,3
2770004.449300844,3
2770163.065346359,3
2770321.6813918734,3
2770480.2974373875,3
2770638.913482902,3
2770797.5295284167,3
2770956.1455739313,3
2771114.761619446,3
2771273.37766496,3
2771431.9937104746,3
2771590.609755989,3
2771749.2258015038,3
2771907.8418470183,3
2772066.457892533,3
2772225.0739380475,3
2772383.6899835616,3
2772542.306029076,3
2772700.922074591,3
2772859.5381201054,3
2773018.15416562,3
2773176.770211134,3
2773335.3862566487,3
2773494.0023021633,3
2773652.618347678,3
2773811.2343931925,3
2773969.850438707,3
2774128.4664842216,3
2774287.0825297358,3
2774445.6985752503,3
2774604.314620765,3
2774762.9306662795,3
2774921.546711794,4
2775080.162757308,4
2775238.7788028233,4
2775397.3948483374,3
2775556.010893852,5
2775714.6269393666,4
2775873.242984881,4
2776031.8590303957,4
2776190.47507591,4
2776349.0911214245,3
2776507.707166939,3
2776666.3232124536,3
2776824.939257968,3
2776983.555303483,3
2777142.1713489974,4
2777300.7873945115,3
2777459.403440026,4
2777618.0194855407,4
2777776.6355310553,3
2777935.25157657,3
2778093.8676220844,3
2778252.483667599,3
2778411.099713113,3
2778569.7157586277,3
2778728.3318041423,3
2778886.947849657,4
2779045.5638951715,5
2779204.179940686,4
2779362.7959862,5
2779521.412031715,3
2779680.0280772294,4
2779838.644122744,4
2779997.2601682586,4
2780155.876213773,4
2780314.4922592873,4
2780473.108304802,4
2780631.7243503164,4
2780790.340395831,3
2780948.9564413456,3
2781107.5724868597,3
2781266.1885323743,3
2781424.804577889,3
2781583.4206234035,3
2781742.036668918,3
2781900.6527144327,3
2782059.2687599473,3
2782217.8848054614,3
2782376.500850976,3
2782535.1168964906,3
2782693.732942005,3
2782852.3489875197,3
2783010.965033034,3
2783169.5810785485,3
2783328.197124063,3
2783486.8131695776,3
2783645.429215092,3
2783804.045260607,3
2783962.6613061214,3
2784121.2773516355,3
2784279.89339715,3
2784438.5094426647,3
2784597.1254881793,3
2784755.741533694,3
2784914.357579208,4
2785072.973624723,5
2785231.589670237,3
2785390.2057157517,3
2785548.8217612663,3
2785707.437806781,3
2785866.0538522955,3
2786024.6698978096,3
2786183.285943324,3
2786341.901988839,3
2786500.5180343534,3
2786659.134079868,3
2786817.7501253826,3
2786976.366170897,3
2787134.9822164113,3
2787293.598261926,3
2787452.2143074404,3
2787610.830352955,3
2787769.4463984696,3
2787928.0624439837,3
2788086.6784894983,3
2788245.294535013,3
2788403.9105805275,3
2788562.526626042,2
2788721.1426715567,2
2788879.7587170713,2
2789038.3747625854,2
2789196.9908081,3
2789355.6068536146,3
2789514.222899129,3
2789672.8389446437,3
2789831.4549901583,3
2789990.071035673,3
2790148.687081187,3
2790307.3031267016,3
2790465.919172216,3
2790624.535217731,3
2790783.1512632454,3
2790941.7673087595,3
2791100.383354274,3
2791258.9993997887,3
2791417.6154453033,3
2791576.231490818,3
2791734.847536332,3
2791893.463581847,3
2792052.079627361,3
2792210.6956728757,3
2792369.3117183903,3
2792527.927763905,3
2792686.5438094195,3
2792845.1598549336,3
2793003.775900448,3
2793162.391945963,4
2793321.0079914774,3
2793479.624036992,4
2793638.2400825066,4
2793796.856128021,4
2793955.4721735353,4
2794114.08821905,4
2794272.7042645644,4
2794431.320310079,4
2794589.9363555936,4
2794748.5524011077,4
2794907.168446623,5
2795065.784492137,4
2795224.4005376515,5
2795383.016583166,5
2795541.6326286807,5
2795700.2486741953,4
2795858.8647197094,4
2796017.480765224,5
2796176.0968107386,4
2796334.712856253,4
2796493.3289017677,4
2796651.9449472823,4
2796810.560992797,4
2796969.177038311,5
2797127.7930838256,4
2797286.40912934,5
2797445.025174855,5
2797603.6412203694,4
2797762.257265884,5
2797920.873311398,5
2798079.4893569127,4
2798238.1054024273,4
2798396.721447942,4
2798555.3374934564,5
2798713.9535389706,4
2798872.569584485,4
2799031.1856299997,4
2799189.8016755143,4
2799348.417721029,4
2799507.0337665435,4
2799665.6498120576,4
2799824.265857572,4
2799982.881903087,4
2800141.4979486014,4
2800300.113994116,4
2800458.7300396306,4
2800617.346085145,4
2800775.9621306593,4
2800934.578176174,4
2801093.1942216884,4
2801251.810267203,4
2801410.4263127176,4
2801569.042358232,3
2801727.6584037463,3
2801886.274449261,4
2802044.8904947755,3
2802203.50654029,3
2802362.1225858047,4
2802520.7386313193,4
2802679.3546768334,4
2802837.970722348,4
2802996.5867678626,4
2803155.202813377,4
2803313.8188588917,4
2803472.4349044063,4
2803631.050949921,4
2803789.666995435,4
2803948.2830409496,4
2804106.899086464,5
2804265.515131979,4
2804424.1311774934,4
2804582.7472230075,4
2804741.363268522,4
2804899.9793140367,4
2805058.5953595513,4
2805217.211405066,4
2805375.8274505804,4
2805534.4434960946,4
2805693.059541609,4
2805851.6755871237,4
2806010.2916326383,4
2806168.907678153,4
2806327.5237236675,3
2806486.1397691816,3
2806644.755814696,4
2806803.371860211,4
2806961.9879057254,4
2807120.60395124,3
2807279.2199967545,4
2807437.836042269,4
2807596.4520877833,3
2807755.068133298,3
2807913.6841788124,3
2808072.300224327,3
2808230.9162698416,3
2808389.532315356,3
2808548.148360871,3
2808706.764406385,2
2808865.3804518995,3
2809023.996497414,2
2809182.6125429287,2
2809341.2285884432,4
2809499.844633958,4
2809658.460679472,4
2809817.0767249865,4
2809975.692770501,4
2810134.3088160157,4
2810292.9248615303,4
2810451.540907045,4
2810610.156952559,4
2810768.7729980736,4
2810927.389043588,4
2811086.005089103,3
2811244.6211346174,3
2811403.2371801315,4
2811561.8532256465,3
2811720.4692711607,4
2811879.0853166752,4
2812037.70136219,4
2812196.3174077044,4
2812354.933453219,3
2812513.549498733,4
2812672.1655442477,4
2812830.7815897623,4
2812989.397635277,4
2813148.0136807915,4
2813306.629726306,4
2813465.2457718207,5
2813623.861817335,4
2813782.4778628494,4
2813941.093908364,4
2814099.7099538785,4
2814258.325999393,4
2814416.9420449072,4
2814575.558090422,4
2814734.1741359364,4
2814892.790181451,3
2815051.4062269656,3
2815210.02227248,4
2815368.638317995,4
2815527.254363509,5
2815685.8704090235,4
2815844.486454538,3
2816003.1025000527,3
2816161.7185455672,3
2816320.3345910814,3
2816478.950636596,3
2816637.5666821105,3
2816796.182727625,4
2816954.7987731397,4
2817113.4148186543,3
2817272.030864169,3
2817430.646909683,3
2817589.2629551976,3
2817747.879000712,3
2817906.495046227,3
2818065.1110917414,3
2818223.7271372555,3
2818382.34318277,3
2818540.9592282847,3
2818699.5752737992,3
2818858.191319314,2
2819016.8073648284,2
2819175.423410343,3
2819334.039455857,2
2819492.6555013717,2
2819651.2715468863,2
2819809.887592401,3
2819968.5036379155,3
2820127.11968343,2
2820285.7357289447,3
2820444.351774459,3
2820602.9678199734,4
2820761.583865488,4
2820920.1999110025,3
2821078.815956517,3
2821237.4320020312,3
2821396.0480475463,4
2821554.6640930604,3
2821713.280138575,3
2821871.8961840896,3
2822030.512229604,3
2822189.128275119,3
2822347.744320633,3
2822506.360366148,3
2822664.976411662,3
2822823.5924571767,3
2822982.2085026912,3
2823140.8245482054,2
2823299.44059372,2
2823458.0566392345,2
2823616.672684749,2
2823775.2887302637,2
2823933.9047757783,2
2824092.520821293,2
2824251.136866807,2
2824409.7529123216,2
2824568.368957836,2
2824726.985003351,2
2824885.6010488654,2
2825044.2170943795,2
2825202.8331398945,4
2825361.4491854087,4
2825520.0652309232,4
2825678.681276438,4
2825837.2973219524,4
2825995.913367467,4
2826154.529412981,4
2826313.1454584957,4
2826471.7615040103,4
2826630.377549525,4
2826788.9935950395,4
2826947.609640554,4
2827106.2256860686,4
2827264.841731583,5
2827423.4577770974,5
2827582.073822612,5
2827740.6898681265,5
2827899.305913641,5
2828057.9219591552,5
2828216.5380046703,5
2828375.1540501844,5
2828533.770095699,6
2828692.3861412136,5
2828851.002186728,6
2829009.6182322428,5
2829168.234277757,5
2829326.8503232715,6
2829485.466368786,6
2829644.0824143006,6
2829802.6984598152,6
2829961.31450533,5
2830119.930550844,5
2830278.5465963585,5
2830437.162641873,5
2830595.7786873877,6
2830754.3947329023,6
2830913.010778417,6
2831071.6268239315,6
2831230.2428694456,6
2831388.85891496,6
2831547.4749604748,5
2831706.0910059894,5
2831864.707051504,5
2832023.323097018,5
2832181.9391425326,5
2832340.5551880472,5
2832499.171233562,5
2832657.7872790764,5
2832816.403324591,5
2832975.019370105,5
2833133.6354156197,5
2833292.2514611343,5
2833450.867506649,5
2833609.4835521635,5
2833768.099597678,6
2833926.7156431926,6
2834085.3316887068,4
2834243.9477342214,4
2834402.563779736,5
2834561.1798252505,5
2834719.795870765,5
2834878.4119162797,5
2835037.027961794,5
2835195.6440073084,4
2835354.260052823,4
2835512.8760983376,4
2835671.492143852,4
2835830.1081893668,4
2835988.724234881,4
2836147.3402803955,4
2836305.95632591,4
2836464.5723714246,4
2836623.188416939,4
2836781.804462454,4
2836940.4205079684,4
2837099.0365534825,4
2837257.652598997,4
2837416.2686445117,4
2837574.8846900263,4
2837733.500735541,4
2837892.1167810555,4
2838050.7328265696,4
2838209.348872084,4
2838367.9649175988,4
2838526.5809631133,4
2838685.197008628,4
2838843.813054142,4
2839002.4290996566,4
2839161.045145171,4
2839319.661190686,4
2839478.2772362004,4
2839636.893281715,4
2839795.509327229,6
2839954.1253727437,6
2840112.7414182583,4
2840271.357463773,4
2840429.9735092875,4
2840588.589554802,4
2840747.2056003166,4
2840905.8216458308,4
2841064.4376913453,4
2841223.05373686,5
2841381.6697823745,5
2841540.285827889,5
2841698.9018734037,5
2841857.517918918,5
2842016.1339644324,5
2842174.750009947,4
2842333.3660554616,3
2842491.982100976,4
2842650.5981464908,4
2842809.2141920053,8
2842967.8302375195,5
2843126.446283034,5
2843285.0623285486,5
2843443.678374063,5
2843602.294419578,5
2843760.9104650924,8
2843919.5265106065,5
2844078.142556121,5
2844236.7586016357,5
2844395.3746471503,5
2844553.990692665,5
2844712.6067381795,5
2844871.222783694,5
2845029.838829208,5
2845188.4548747228,5
2845347.0709202373,5
2845505.686965752,4
2845664.3030112665,4
2845822.9190567806,4
2845981.535102295,4
2846140.15114781,4
2846298.7671933244,4
2846457.383238839,4
2846615.9992843536,4
2846774.6153298677,4
2846933.2313753823,4
2847091.847420897,4
2847250.4634664115,4
2847409.079511926,6
2847567.6955574406,6
2847726.3116029548,6
2847884.9276484693,6
2848043.543693984,5
2848202.1597394985,5
2848360.775785013,5
2848519.3918305277,5
2848678.0078760423,4
2848836.6239215564,5
2848995.239967071,6
2849153.8560125856,6
2849312.4720581,6
2849471.0881036147,6
2849629.704149129,6
2849788.3201946435,6
2849946.936240158,7
2850105.5522856726,7
2850264.168331187,5
2850422.784376702,5
2850581.400422216,5
2850740.0164677305,5
2850898.632513245,5
2851057.2485587597,6
2851215.8646042743,5
2851374.480649789,5
2851533.096695303,5
2851691.7127408176,5
2851850.328786332,5
2852008.9448318467,5
2852167.5608773613,5
2852326.176922876,6
2852484.7929683905,6
2852643.4090139046,7
2852802.025059419,7
2852960.641104934,6
2853119.2571504484,6
2853277.873195963,6
2853436.4892414776,6
2853595.105286992,6
2853753.7213325063,6
2853912.337378021,6
2854070.9534235355,6
2854229.56946905,6
2854388.1855145646,6
2854546.8015600787,6
2854705.4176055933,6
2854864.033651108,6
2855022.6496966225,6
2855181.265742137,6
2855339.8817876517,6
2855498.4978331663,6
2855657.1138786804,6
2855815.729924195,6
2855974.3459697096,6
2856132.962015224,6
2856291.5780607387,6
2856450.194106253,6
2856608.810151768,6
2856767.426197282,6
2856926.0422427966,6
2857084.658288311,6
2857243.274333826,6
2857401.8903793404,6
2857560.5064248545,6
2857719.122470369,8
2857877.7385158837,8
2858036.3545613983,8
2858194.970606913,6
2858353.586652427,7
2858512.2026979416,6
2858670.818743456,6
2858829.4347889707,6
2858988.0508344853,6
2859146.66688,7
2859305.2829255145,7
2859463.8989710286,7
2859622.515016543,7
2859781.131062058,6
2859939.7471075724,6
2860098.363153087,7
2860256.9791986016,6
2860415.595244116,6
2860574.2112896303,6
2860732.827335145,6
2860891.4433806594,6
2861050.059426174,6
2861208.6754716886,6
2861367.2915172027,6
2861525.907562718,6
2861684.523608232,6
2861843.1396537465,6
2862001.755699261,6
2862160.3717447757,6
2862318.9877902903,6
2862477.6038358044,6
2862636.219881319,6
2862794.8359268336,6
2862953.451972348,6
2863112.0680178627,6
2863270.684063377,6
2863429.300108892,6
2863587.916154406,6
2863746.5321999206,6
2863905.148245435,8
2864063.76429095,6
2864222.3803364644,6
2864380.9963819785,6
2864539.612427493,6
2864698.2284730077,6
2864856.8445185223,6
2865015.460564037,6
2865174.0766095514,6
2865332.6926550656,6
2865491.30870058,6
2865649.9247460947,6
2865808.5407916093,6
2865967.156837124,6
2866125.7728826385,6
2866284.3889281526,6
2866443.004973667,6
2866601.621019182,6
2866760.2370646964,6
2866918.853110211,6
2867077.469155725,6
2867236.08520124,7
2867394.7012467543,6
2867553.317292269,7
2867711.9333377834,7
2867870.549383298,7
2868029.1654288126,6
2868187.7814743267,6
2868346.3975198413,5
2868505.013565356,5
2868663.6296108705,5
2868822.245656385,5
2868980.8617018997,8
2869139.4777474143,5
2869298.0937929284,5
2869456.709838443,6
2869615.3258839576,6
2869773.941929472,6
2869932.5579749867,6
2870091.1740205013,6
2870249.790066016,6
2870408.40611153,5
2870567.0221570446,5
2870725.638202559,5
2870884.254248074,5
2871042.8702935884,6
2871201.486339103,6
2871360.102384617,6
2871518.7184301317,6
2871677.3344756463,6
2871835.950521161,6
2871994.5665666754,6
2872153.1826121896,6
2872311.798657704,5
2872470.4147032187,6
2872629.0307487333,6
2872787.646794248,5
2872946.2628397625,5
2873104.8788852766,5
2873263.494930791,5
2873422.110976306,5
2873580.7270218204,6
2873739.343067335,5
2873897.9591128496,4
2874056.575158364,6
2874215.1912038783,5
2874373.807249393,5
2874532.4232949074,5
2874691.039340422,5
2874849.6553859366,5
2875008.271431451,5
2875166.887476966,5
2875325.50352248,5
2875484.1195679945,5
2875642.735613509,5
2875801.3516590237,4
2875959.9677045383,4
2876118.5837500524,5
2876277.199795567,6
2876435.8158410816,8
2876594.431886596,6
2876753.0479321107,5
2876911.6639776253,5
2877070.28002314,5
2877228.896068654,5
2877387.5121141686,7
2877546.128159683,6
2877704.744205198,7
2877863.3602507124,6
2878021.9762962265,6
2878180.5923417415,6
2878339.2083872557,6
2878497.8244327703,7
2878656.440478285,6
2878815.0565237994,6
2878973.672569314,5
2879132.288614828,5
2879290.9046603427,5
2879449.5207058573,5
2879608.136751372,4
2879766.7527968865,6
2879925.368842401,5
2880083.984887915,5
2880242.60093343,6
2880401.2169789444,6
2880559.833024459,6
2880718.4490699735,6
2880877.065115488,5
2881035.6811610023,5
2881194.297206517,7
2881352.9132520314,5
2881511.529297546,7
2881670.1453430606,7
2881828.761388575,5
2881987.37743409,4
2882145.993479604,4
2882304.6095251185,5
2882463.225570633,5
2882621.8416161477,6
2882780.4576616623,4
2882939.073707177,4
2883097.689752691,5
2883256.3057982055,4
2883414.92184372,5
2883573.5378892347,6
2883732.1539347493,5
2883890.7699802634,7
2884049.386025778,6
2884208.0020712926,6
2884366.618116807,5
2884525.234162322,5
2884683.8502078364,6
2884842.4662533505,6
2885001.082298865,4
2885159.6983443797,5
2885318.3143898943,3
2885476.930435409,5
2885635.5464809234,6
2885794.162526438,5
2885952.778571952,7
2886111.3946174667,6
2886270.0106629813,10
2886428.626708496,9
2886587.2427540105,7
2886745.858799525,6
2886904.474845039,6
2887063.090890554,4
2887221.7069360684,5
2887380.322981583,6
2887538.9390270975,6
2887697.555072612,5
2887856.1711181263,5
2888014.787163641,5
2888173.4032091554,5
2888332.01925467,5
2888490.6353001846,5
2888649.251345699,5
2888807.867391214,5
2888966.483436728,5
2889125.0994822425,7
2889283.715527757,5
2889442.3315732717,5
2889600.9476187862,6
2889759.5636643004,5
2889918.1797098154,4
2890076.7957553295,4
2890235.411800844,5
2890394.0278463587,4
2890552.6438918733,4
2890711.259937388,4
2890869.875982902,5
2891028.4920284166,5
2891187.108073931,5
2891345.724119446,5
2891504.3401649604,5
2891662.9562104745,5
2891821.572255989,5
2891980.1883015037,5
2892138.8043470182,4
2892297.420392533,4
2892456.0364380474,4
2892614.652483562,4
2892773.268529076,4
2892931.8845745907,4
2893090.5006201053,4
2893249.11666562,3
2893407.7327111345,3
2893566.348756649,3
2893724.9648021637,3
2893883.580847678,3
2894042.1968931924,3
2894200.812938707,3
2894359.4289842215,3
2894518.045029736,3
2894676.6610752502,3
2894835.277120765,4
2894993.8931662794,3
2895152.509211794,3
2895311.1252573086,3
2895469.741302823,3
2895628.357348338,3
2895786.973393852,3
2895945.5894393665,4
2896104.205484881,4
2896262.8215303957,5
2896421.4375759102,5
2896580.0536214244,4
2896738.6696669394,4
2896897.2857124535,4
2897055.901757968,4
2897214.5178034827,3
2897373.1338489973,3
2897531.749894512,3
2897690.365940026,4
2897848.9819855406,4
2898007.598031055,4
2898166.21407657,4
2898324.8301220844,4
2898483.446167599,3
2898642.062213113,3
2898800.6782586277,3
2898959.2943041422,4
2899117.910349657,4
2899276.5263951714,4
2899435.1424406855,4
2899593.7584862,4
2899752.3745317147,4
2899910.9905772293,4
2900069.606622744,4
2900228.2226682585,4
2900386.8387137726,4
2900545.454759287,5
2900704.070804802,5
2900862.6868503164,4
2901021.302895831,4
2901179.9189413455,4
2901338.53498686,4
2901497.1510323742,5
2901655.767077889,5
2901814.3831234034,5
2901972.999168918,5
2902131.6152144326,6
2902290.231259947,6
2902448.8473054618,5
2902607.463350976,6
2902766.0793964905,6
2902924.695442005,5
2903083.3114875196,6
2903241.9275330342,5
2903400.543578549,4
2903559.1596240634,4
2903717.7756695775,5
2903876.391715092,5
2904035.0077606067,5
2904193.6238061213,5
2904352.239851636,5
2904510.85589715,5
2904669.4719426646,5
2904828.087988179,6
2904986.7040336938,6
2905145.3200792084,5
2905303.936124723,5
2905462.552170237,5
2905621.1682157516,5
2905779.7842612662,5
2905938.400306781,5
2906097.0163522954,5
2906255.6323978095,5
2906414.248443324,5
2906572.8644888387,5
2906731.4805343533,5
2906890.096579868,4
2907048.7126253825,4
2907207.3286708966,4
2907365.944716411,5
2907524.5607619258,4
2907683.1768074404,6
2907841.792852955,5
2908000.4088984695,6
2908159.024943984,6
2908317.6409894982,7
2908476.257035013,7
2908634.8730805274,5
2908793.489126042,5
2908952.1051715566,4
2909110.721217071,6
2909269.3372625858,7
2909427.9533081,5
2909586.5693536145,7
2909745.185399129,4
2909903.8014446436,4
2910062.417490158,4
2910221.033535673,4
2910379.6495811874,4
2910538.2656267015,4
2910696.881672216,4
2910855.4977177307,4
2911014.1137632453,4
2911172.72980876,5
2911331.345854274,4
2911489.9618997886,4
2911648.577945303,4
2911807.1939908178,4
2911965.8100363323,3
2912124.426081847,3
2912283.0421273615,3
2912441.6581728756,3
2912600.27421839,3
2912758.890263905,3
2912917.5063094194,3
2913076.122354934,3
2913234.7384004486,3
2913393.3544459627,3
2913551.9704914773,3
2913710.586536992,4
2913869.2025825065,3
2914027.818628021,5
2914186.434673535,5
2914345.0507190498,5
2914503.6667645643,5
2914662.282810079,5
2914820.8988555935,5
2914979.514901108,4
2915138.1309466227,4
2915296.746992137,5
2915455.3630376514,4
2915613.979083166,4
2915772.5951286806,4
2915931.211174195,4
2916089.8272197098,4
2916248.4432652243,4
2916407.0593107385,4
2916565.675356253,4
2916724.2914017676,4
2916882.907447282,4
2917041.523492797,4
2917200.139538311,4
2917358.7555838255,4
2917517.37162934,4
2917675.9876748547,3
2917834.6037203693,4
2917993.219765884,5
2918151.835811398,5
2918310.4518569126,5
2918469.067902427,6
2918627.6839479418,6
2918786.2999934563,6
2918944.916038971,6
2919103.5320844855,6
2919262.1481299996,6
2919420.764175514,6
2919579.380221029,6
2919737.9962665434,6
2919896.612312058,7
2920055.2283575726,6
2920213.8444030867,6
2920372.4604486013,5
2920531.076494116,5
2920689.6925396305,5
2920848.308585145,5
2921006.9246306596,5
2921165.5406761738,5
2921324.1567216883,5
2921482.772767203,5
2921641.3888127175,5
2921800.004858232,5
2921958.6209037467,5
2922117.2369492613,5
2922275.8529947754,5
2922434.46904029,5
2922593.0850858046,5
2922751.701131319,5
2922910.3171768337,5
2923068.9332223483,5
2923227.549267863,5
2923386.165313377,5
2923544.7813588916,6
2923703.397404406,4
2923862.013449921,4
2924020.6294954354,4
2924179.2455409495,4
2924337.861586464,4
2924496.4776319787,4
2924655.0936774933,4
2924813.709723008,4
2924972.325768522,4
2925130.9418140366,4
2925289.557859551,4
2925448.1739050657,4
2925606.7899505803,4
2925765.405996095,4
2925924.0220416095,5
2926082.6380871236,5
2926241.254132638,5
2926399.870178153,5
2926558.4862236674,4
2926717.102269182,5
2926875.7183146966,5
2927034.334360211,5
2927192.9504057253,5
2927351.56645124,5
2927510.1824967545,5
2927668.798542269,5
2927827.4145877836,5
2927986.0306332977,4
2928144.6466788123,5
2928303.262724327,5
2928461.8787698415,5
2928620.494815356,5
2928779.1108608707,3
2928937.7269063853,4
2929096.3429518994,7
2929254.958997414,6
2929413.5750429286,4
2929572.191088443,4
2929730.8071339577,4
2929889.4231794723,4
2930048.0392249865,4
2930206.655270501,4
2930365.2713160156,3
2930523.88736153,4
2930682.503407045,4
2930841.1194525594,4
2930999.7354980735,4
2931158.351543588,4
2931316.9675891027,4
2931475.5836346173,4
2931634.199680132,4
2931792.8157256464,4
2931951.4317711606,4
2932110.047816675,4
2932268.6638621897,4
2932427.2799077043,4
2932585.895953219,4
2932744.5119987335,4
2932903.1280442476,4
2933061.744089762,4
2933220.360135277,4
2933378.9761807914,4
2933537.592226306,4
2933696.20827182,4
2933854.824317335,4
2934013.4403628493,4
2934172.056408364,4
2934330.6724538784,4
2934489.288499393,4
2934647.9045449076,4
2934806.5205904217,4
2934965.1366359363,5
2935123.752681451,6
2935282.3687269655,4
2935440.98477248,4
2935599.6008179947,4
2935758.2168635093,5
2935916.8329090234,4
2936075.448954538,5
2936234.0650000526,6
2936392.681045567,5
2936551.2970910817,3
2936709.913136596,4
2936868.529182111,5
2937027.145227625,4
2937185.7612731396,4
2937344.377318654,4
2937502.993364169,5
2937661.6094096834,4
2937820.2254551975,3
2937978.841500712,3
2938137.4575462267,3
2938296.0735917413,3
2938454.689637256,3
2938613.3056827704,3
2938771.9217282846,3
2938930.537773799,2
2939089.1538193137,2
2939247.7698648283,3
2939406.385910343,2
2939565.0019558575,2
2939723.6180013716,2
2939882.234046886,2
2940040.850092401,2
2940199.4661379154,2
2940358.08218343,3
2940516.6982289446,3
2940675.314274459,3
2940833.9303199733,3
2940992.546365488,3
2941151.1624110024,3
2941309.778456517,3
2941468.3945020316,3
2941627.0105475457,3
2941785.6265930603,3
2941944.242638575,3
2942102.8586840895,3
2942261.474729604,2
2942420.0907751187,2
2942578.7068206333,3
2942737.322866148,3
2942895.938911662,2
2943054.5549571766,3
2943213.171002691,3
2943371.7870482057,3
2943530.40309372,3
2943689.019139235,2
2943847.635184749,2
2944006.2512302636,2
2944164.867275778,2
2944323.483321293,2
2944482.0993668074,2
2944640.7154123215,2
2944799.331457836,2
2944957.9475033507,2
2945116.5635488653,2
2945275.17959438,2
2945433.7956398944,2
2945592.411685409,2
2945751.027730923,3
2945909.6437764377,3
2946068.2598219523,3
2946226.875867467,3
2946385.4919129815,3
2946544.1079584956,2
2946702.72400401,3
2946861.340049525,3
2947019.9560950394,3
2947178.572140554,3
2947337.1881860686,3
2947495.804231583,3
2947654.4202770973,3
2947813.036322612,3
2947971.6523681264,3
2948130.268413641,3
2948288.8844591556,3
2948447.5005046697,4
2948606.116550185,4
2948764.732595699,4
2948923.3486412135,3
2949081.964686728,3
2949240.5807322427,3
2949399.1967777573,3
2949557.812823272,3
2949716.428868786,3
2949875.0449143006,3
2950033.660959815,3
2950192.2770053297,3
2950350.893050844,3
2950509.509096359,3
2950668.125141873,3
2950826.7411873876,3
2950985.357232902,3
2951143.973278417,3
2951302.5893239314,3
2951461.2053694455,3
2951619.82141496,3
2951778.4374604747,3
2951937.0535059893,3
2952095.669551504,3
2952254.2855970184,3
2952412.901642533,3
2952571.517688047,3
2952730.1337335617,3
2952888.7497790763,3
2953047.365824591,3
2953205.9818701055,4
2953364.5979156196,3
2953523.213961134,3
2953681.830006649,3
2953840.4460521634,3
2953999.062097678,3
2954157.6781431925,3
2954316.294188707,3
2954474.9102342213,4
2954633.526279736,4
2954792.1423252504,4
2954950.758370765,3
2955109.3744162796,4
2955267.9904617937,4
2955426.606507309,4
2955585.222552823,4
2955743.8385983375,4
2955902.454643852,4
2956061.0706893667,4
2956219.6867348813,4
2956378.3027803954,4
2956536.91882591,4
2956695.5348714245,4
2956854.150916939,3
2957012.7669624537,3
2957171.3830079683,3
2957329.999053483,3
2957488.615098997,3
2957647.2311445116,3
2957805.847190026,3
2957964.463235541,3
2958123.0792810554,3
2958281.6953265695,3
2958440.311372084,3
2958598.9274175987,3
2958757.5434631133,3
2958916.159508628,4
2959074.7755541424,3
2959233.391599657,3
2959392.007645171,3
2959550.6236906857,3
2959709.2397362003,4
2959867.855781715,3
2960026.4718272295,3
2960185.0878727436,3
2960343.7039182587,3
2960502.319963773,3
2960660.9360092874,3
2960819.552054802,3
2960978.1681003165,3
2961136.784145831,3
2961295.4001913453,3
2961454.01623686,3
2961612.6322823744,3
2961771.248327889,3
2961929.8643734036,3
2962088.4804189177,3
2962247.096464433,3
2962405.712509947,3
2962564.3285554615,3
2962722.944600976,3
2962881.5606464907,3
2963040.1766920052,3
2963198.7927375194,3
2963357.408783034,3
2963516.0248285485,3
2963674.640874063,3
2963833.2569195777,3
2963991.8729650923,3
2964150.489010607,3
2964309.105056121,3
2964467.7211016356,3
2964626.33714715,3
2964784.953192665,3
2964943.5692381794,3
2965102.185283694,3
2965260.801329208,3
2965419.4173747227,3
2965578.0334202372,3
2965736.649465752,3
2965895.2655112664,3
2966053.881556781,3
2966212.497602295,3
2966371.1136478097,3
2966529.7296933243,3
2966688.345738839,3
2966846.9617843535,3
2967005.5778298676,3
2967164.1938753827,3
2967322.809920897,3
2967481.4259664114,3
2967640.042011926,3
2967798.6580574405,3
2967957.274102955,3
2968115.8901484692,3
2968274.506193984,3
2968433.1222394984,3
2968591.738285013,3
2968750.3543305276,3
2968908.970376042,3
2969067.586421557,3
2969226.202467071,3
2969384.8185125855,3
2969543.4345581,3
2969702.0506036147,3
2969860.6666491292,3
2970019.2826946434,3
2970177.898740158,3
2970336.5147856725,3
2970495.130831187,4
2970653.7468767017,3
2970812.3629222163,3
2970970.978967731,4
2971129.595013245,3
2971288.2110587596,3
2971446.827104274,3
2971605.443149789,3
2971764.0591953034,3
2971922.675240818,3
2972081.291286332,3
2972239.9073318467,2
2972398.5233773612,2
2972557.139422876,3
2972715.7554683904,3
2972874.371513905,3
2973032.987559419,3
2973191.6036049337,3
2973350.2196504483,3
2973508.835695963,3
2973667.4517414775,3
2973826.0677869916,3
2973984.6838325066,3
2974143.299878021,3
2974301.9159235354,3
2974460.53196905,3
2974619.1480145645,3
2974777.764060079,3
2974936.3801055932,3
2975094.996151108,3
2975253.6121966224,3
2975412.228242137,3
2975570.8442876516,3
2975729.460333166,3
2975888.0763786808,3
2976046.692424195,3
2976205.3084697095,3
2976363.924515224,3
2976522.5405607386,3
2976681.1566062532,3
2976839.7726517674,3
2976998.3886972824,3
2977157.0047427965,3
2977315.620788311,3
2977474.2368338257,4
2977632.8528793403,4
2977791.468924855,3
2977950.084970369,3
2978108.7010158836,3
2978267.317061398,3
2978425.9331069128,3
2978584.5491524274,3
2978743.1651979415,3
2978901.7812434565,3
2979060.3972889706,3
2979219.0133344852,4
2979377.62938,4
2979536.2454255144,3
2979694.861471029,4
2979853.477516543,4
2980012.0935620577,4
2980170.7096075723,4
2980329.325653087,4
2980487.9416986015,4
2980646.557744116,3
2980805.1737896306,3
2980963.7898351448,3
2981122.4058806594,2
2981281.021926174,2
2981439.6379716885,2
2981598.254017203,2
2981756.8700627172,2
2981915.486108232,2
2982074.1021537464,2
2982232.718199261,2
2982391.3342447756,2
2982549.95029029,2
2982708.5663358048,3
2982867.1823813193,3
2983025.7984268335,3
2983184.414472348,2
2983343.0305178626,3
2983501.646563377,3
2983660.2626088914,2
2983818.8786544064,3
2983977.4946999205,3
2984136.110745435,3
2984294.7267909497,3
2984453.3428364643,5
2984611.958881979,5
2984770.574927493,4
2984929.1909730076,5
2985087.807018522,4
2985246.4230640368,5
2985405.0391095513,6
2985563.655155066,6
2985722.2712005805,6
2985880.8872460946,6
2986039.503291609,6
2986198.119337124,6
2986356.7353826384,6
2986515.351428153,6
2986673.967473667,6
2986832.5835191817,6
2986991.1995646963,5
2987149.815610211,6
2987308.4316557255,6
2987467.04770124,6
2987625.663746754,6
2987784.2797922688,6
2987942.8958377833,6
2988101.511883298,6
2988260.1279288125,6
2988418.743974327,6
2988577.360019841,6
2988735.9760653563,7
2988894.5921108704,7
2989053.208156385,7
2989211.8242018996,7
2989370.440247414,7
2989529.0562929288,7
2989687.672338443,7
2989846.2883839575,7
2990004.904429472,7
2990163.5204749866,7
2990322.136520501,6
2990480.7525660153,7
2990639.3686115304,6
2990797.9846570445,7
2990956.600702559,6
2991115.2167480737,6
2991273.8327935883,6
2991432.448839103,6
2991591.064884617,7
2991749.6809301316,7
2991908.296975646,9
2992066.9130211608,8
2992225.5290666753,8
2992384.14511219,8
2992542.7611577045,8
2992701.3772032186,8
2992859.993248733,7
2993018.609294248,7
2993177.225339762,7
2993335.841385277,7
2993494.457430791,7
2993653.073476306,6
2993811.6895218203,6
2993970.305567335,6
2994128.9216128495,6
2994287.537658364,6
2994446.1537038786,6
2994604.7697493928,6
2994763.3857949073,7
2994922.001840422,7
2995080.6178859365,6
2995239.233931451,6
2995397.849976965,6
2995556.4660224803,6
2995715.0820679944,6
2995873.698113509,6
2996032.3141590236,7
2996190.930204538,6
2996349.5462500528,7
2996508.162295567,7
2996666.7783410815,7
2996825.394386596,7
2996984.0104321106,7
2997142.626477625,7
2997301.24252314,7
2997459.8585686544,7
2997618.4746141685,6
2997777.090659683,6
2997935.7067051977,6
2998094.3227507123,9
2998252.938796227,6
2998411.5548417415,6
2998570.1708872556,6
2998728.78693277,7
2998887.4029782848,8
2999046.0190237993,8
2999204.635069314,8
2999363.2511148285,7
2999521.8671603426,7
2999680.483205857,6
2999839.099251372,6
2999997.7152968864,7
3000156.331342401,7
3000314.947387915,7
3000473.56343343,7
3000632.1794789443,7
3000790.795524459,7
3000949.4115699735,7
3001108.027615488,8
3001266.6436610026,7
3001425.2597065168,6
3001583.8757520313,6
3001742.491797546,6
3001901.1078430605,6
3002059.723888575,6
3002218.339934089,5
3002376.9559796043,7
3002535.5720251184,7
3002694.188070633,7
3002852.8041161476,8
3003011.420161662,6
3003170.0362071767,7
3003328.652252691,7
3003487.2682982055,7
3003645.88434372,7
3003804.5003892346,7
3003963.116434749,7
3004121.732480264,7
3004280.3485257784,7
3004438.9645712925,9
3004597.580616807,9
3004756.1966623217,8
3004914.8127078363,6
3005073.428753351,6
3005232.044798865,7
3005390.6608443796,8
3005549.276889894,8
3005707.8929354087,7
3005866.5089809233,7
3006025.125026438,7
3006183.7410719525,8
3006342.3571174666,8
3006500.973162981,8
3006659.589208496,8
3006818.2052540104,8
3006976.821299525,9
3007135.437345039,8
3007294.053390554,6
3007452.6694360683,8
3007566.738954215,7
3007737.8432314345,8
3007908.947508654,8
3008080.051785874,8
3008251.156063094,8
3008422.2603403134,8
3008593.364617533,9
3008764.468894753,8
3008935.5731719728,6
3009106.6774491924,8
3009277.7817264125,9
3009448.886003632,9
3009619.9902808517,9
3009791.0945580713,8
3009962.1988352914,7
3010133.303112511,6
3010304.4073897307,7
3010475.5116669503,9
3010646.6159441704,11
3010817.72022139,10
3010988.8244986096,9
3011159.9287758293,7
3011331.0330530494,7
3011502.137330269,6
3011673.2416074886,7
3011844.3458847087,5
3012015.4501619283,6
3012186.554439148,7
3012357.6587163676,6
3012528.7629935876,6
3012699.8672708073,5
3012870.971548027,5
3013042.0758252465,6
3013213.1801024666,10
3013384.284379686,9
3013555.388656906,7
3013726.4929341255,8
3013897.5972113456,8
3014068.701488565,8
3014239.805765785,9
3014410.910043005,8
3014582.0143202245,8
3014753.118597444,8
3014924.222874664,8
3015095.327151884,8
3015266.4314291035,8
3015437.535706323,8
3015608.6399835427,8
3015779.744260763,9
3015950.8485379824,9
3016121.952815202,9
3016293.0570924217,8
3016464.161369642,8
3016635.2656468614,8
3016806.369924081,9
3016977.474201301,9
3017148.5784785207,9
3017319.6827557404,9
3017490.78703296,9
3017661.89131018,9
3017832.9955873997,9
3018004.0998646193,9
3018175.204141839,9
3018346.308419059,9
3018517.4126962787,9
3018688.5169734983,9
3018859.6212507184,9
3019030.725527938,9
3019201.8298051576,9
3019372.9340823772,8
3019544.0383595973,8
3019715.142636817,8
3019886.2469140366,8
3020057.351191256,9
3020228.4554684763,9
3020399.559745696,9
3020570.6640229155,9
3020741.768300135,9
3020912.8725773552,9
3021083.976854575,9
3021255.0811317945,9
3021426.1854090146,9
3021597.289686234,9
3021768.393963454,10
3021939.4982406734,9
3022110.6025178935,8
3022281.706795113,8
3022452.811072333,8
3022623.9153495524,8
3022795.0196267725,8
3022966.123903992,8
3023137.2281812117,8
3023308.3324584314,8
3023479.4367356515,8
3023650.541012871,8
3023821.6452900907,8
3023992.749567311,8
3024163.8538445304,7
3024334.95812175,7
3024506.0623989697,7
3024677.1666761898,7
3024848.2709534094,7
3025019.375230629,7
3025190.4795078486,7
3025361.5837850687,7
3025532.6880622883,7
3025703.792339508,7
3025874.8966167276,8
3026046.0008939477,9
3026217.1051711673,8
3026388.209448387,12
3026559.313725607,8
3026730.4180028266,11
3026901.5222800463,11
3027072.626557266,11
3027243.730834486,11
3027414.8351117056,10
3027585.939388925,10
3027757.043666145,8
3027928.147943365,8
3028099.2522205845,8
3028270.356497804,8
3028441.460775024,7
3028612.565052244,7
3028783.6693294635,7
3028954.773606683,8
3029125.877883903,9
3029296.982161123,8
3029468.0864383425,8
3029639.190715562,9
3029810.294992782,9
3029981.399270002,9
3030152.5035472214,9
3030323.607824441,9
3030494.712101661,9
3030665.8163788808,9
3030836.9206561004,9
3031008.0249333205,9
3031179.12921054,9
3031350.2334877597,9
3031521.3377649793,9
3031692.4420421994,9
3031863.546319419,9
3032034.6505966387,9
3032205.7548738583,9
3032376.8591510784,8
3032547.963428298,9
3032719.0677055176,8
3032890.1719827373,9
3033061.2762599573,9
3033232.380537177,8
3033403.4848143966,9
3033574.5890916167,10
3033745.6933688363,10
3033916.797646056,9
3034087.9019232756,10
3034259.0062004956,10
3034430.1104777153,10
3034601.214754935,9
3034772.3190321545,9
3034943.4233093746,8
3035114.527586594,8
3035285.631863814,8
3035456.7361410335,8
3035627.8404182536,8
3035798.944695473,8
3035970.048972693,8
3036141.153249913,8
3036312.2575271325,8
3036483.361804352,8
3036654.4660815718,8
3036825.570358792,8
3036996.6746360115,8
3037167.778913231,8
3037338.8831904507,7
3037509.987467671,7
3037681.0917448904,7
3037852.19602211,7
3038023.3002993297,8
3038194.40457655,9
3038365.5088537694,9
3038536.613130989,9
3038707.717408209,9
3038878.8216854287,9
3039049.9259626484,9
3039221.030239868,9
3039392.134517088,9
3039563.2387943077,8
3039734.3430715273,11
3039905.447348747,8
3040076.551625967,8
3040247.6559031866,8
3040418.7601804063,8
3040589.864457626,8
3040760.968734846,8
3040932.0730120656,8
3041103.177289285,9
3041274.2815665053,8
3041445.385843725,8
3041616.4901209446,8
3041787.594398164,8
3041958.6986753843,9
3042129.802952604,9
3042300.9072298235,8
3042472.011507043,8
3042643.1157842632,8
3042814.220061483,8
3042985.3243387025,8
3043156.428615922,8
3043327.532893142,8
3043498.637170362,8
3043669.7414475814,8
3043840.8457248015,8
3044011.950002021,8
3044183.054279241,8
3044354.1585564604,8
3044525.2628336805,8
3044696.3671109,7
3044867.4713881197,7
3045038.5756653394,6
3045209.6799425595,7
3045380.784219779,8
3045551.8884969987,8
3045722.992774219,9
3045894.0970514384,9
3046065.201328658,10
3046236.3056058777,9
3046407.4098830977,9
3046578.5141603174,9
3046749.618437537,9
3046920.7227147566,9
3047091.8269919767,8
3047262.9312691963,8
3047434.035546416,8
3047605.1398236356,8
3047776.2441008557,8
3047947.3483780753,8
3048118.452655295,9
3048289.556932515,9
3048460.6612097346,8
3048631.7654869542,8
3048802.869764174,8
3048973.974041394,8
3049145.0783186136,7
3049316.182595833,7
3049487.286873053,7
3049658.391150273,7
3049829.4954274925,9
3050000.599704712,9
3050171.703981932,8
3050342.808259152,8
3050513.9125363715,8
3050685.016813591,8
3050856.121090811,8
3051027.225368031,8
3051198.3296452505,8
3051369.43392247,7
3051540.53819969,7
3051711.64247691,6
3051882.7467541294,7
3052053.851031349,5
3052224.955308569,4
3052396.0595857888,4
3052567.1638630084,4
3052738.268140228,5
3052909.372417448,5
3053080.4766946677,5
3053251.5809718873,6
3053422.6852491074,6
3053593.789526327,6
3053764.8938035467,7
3053935.9980807663,6
3054107.1023579864,7
3054278.206635206,6
3054449.3109124256,7
3054620.4151896453,7
3054791.5194668653,7
3054962.623744085,7
3055133.7280213046,7
3055304.8322985247,7
3055475.9365757443,8
3055647.040852964,8
3055818.1451301835,8
3055989.2494074036,8
3056160.3536846233,5
3056331.457961843,5
3056502.5622390625,5
3056673.6665162826,5
3056844.770793502,5
3057015.875070722,5
3057186.9793479415,5
3057358.0836251616,5
3057529.187902381,5
3057700.292179601,5
3057871.396456821,6
3058042.5007340405,6
3058213.60501126,6
3058384.7092884798,6
3058555.8135657,6
3058726.9178429195,6
3058898.022120139,6
3059069.1263973587,6
3059240.230674579,7
3059411.3349517984,6
3059582.439229018,6
3059753.5435062377,6
3059924.647783458,7
3060095.7520606774,5
3060266.856337897,7
3060437.960615117,6
3060609.0648923367,7
3060780.1691695563,7
3060951.273446776,6
3061122.377723996,8
3061293.4820012157,7
3061464.5862784353,7
3061635.690555655,7
3061806.794832875,7
3061977.8991100946,7
3062149.0033873143,7
3062320.107664534,7
3062491.211941754,7
3062662.3162189736,7
3062833.420496193,9
3063004.5247734133,8
3063175.629050633,8
3063346.7333278526,8
3063517.837605072,9
3063688.9418822923,8
3063860.046159512,8
3064031.1504367315,8
3064202.254713951,8
3064373.3589911712,8
3064544.463268391,8
3064715.5675456105,8
3064886.67182283,9
3065057.77610005,8
3065228.88037727,7
3065399.9846544894,6
3065571.0889317095,7
3065742.193208929,7
3065913.297486149,6
3066084.4017633684,7
3066255.5060405885,6
3066426.610317808,7
3066597.7145950277,8
3066768.8188722474,7
3066939.9231494674,7
3067111.027426687,7
3067282.1317039067,7
3067453.235981127,7
3067624.3402583464,7
3067795.444535566,7
3067966.5488127857,7
3068137.6530900057,7
3068308.7573672254,7
3068479.861644445,6
3068650.9659216646,6
3068822.0701988847,6
3068993.1744761043,6
3069164.278753324,6
3069335.3830305436,6
3069506.4873077637,6
3069677.5915849833,6
3069848.695862203,6
3070019.800139423,6
3070190.9044166426,7
3070362.0086938622,7
3070533.112971082,7
3070704.217248302,7
3070875.3215255216,6
3071046.425802741,6
3071217.530079961,5
3071388.634357181,5
3071559.7386344005,5
3071730.84291162,5
3071901.94718884,6
3072073.05146606,6
3072244.1557432795,6
3072415.260020499,7
3072586.364297719,7
3072757.468574939,7
3072928.5728521585,6
3073099.677129378,7
3073270.781406598,7
3073441.885683818,6
3073612.9899610374,6
3073784.094238257,6
3073955.198515477,6
3074126.3027926967,6
3074297.4070699164,6
3074468.511347136,6
3074639.615624356,6
3074810.7199015757,6
3074981.8241787953,6
3075152.9284560154,7
3075324.032733235,7
3075495.1370104547,7
3075666.2412876743,7
3075837.3455648944,7
3076008.449842114,7
3076179.5541193336,7
3076350.6583965532,6
3076521.7626737733,6
3076692.866950993,5
3076863.9712282126,6
3077035.075505432,7
3077206.1797826523,7
3077377.284059872,7
3077548.3883370915,7
3077719.4926143116,7
3077890.5968915313,7
3078061.701168751,8
3078232.8054459705,7
3078403.9097231906,6
3078575.01400041,7
3078746.11827763,6
3078917.2225548495,5
3079088.3268320695,5
3079259.431109289,4
3079430.535386509,6
3079601.6396637284,6
3079772.7439409485,6
3079943.848218168,6
3080114.9524953878,6
3080286.056772608,7
3080457.1610498275,7
3080628.265327047,7
3080799.3696042667,7
3080970.473881487,7
3081141.5781587064,6
3081312.682435926,6
3081483.7867131457,6
3081654.8909903658,6
3081825.9952675854,6
3081997.099544805,6
3082168.203822025,6
3082339.3080992447,6
3082510.4123764643,6
3082681.516653684,6
3082852.620930904,6
3083023.7252081237,6
3083194.8294853433,6
3083365.933762563,6
3083537.038039783,5
3083708.1423170026,5
3083879.2465942223,5
3084050.350871442,7
3084221.455148662,6
3084392.5594258816,6
3084563.663703101,6
3084734.7679803213,6
3084905.872257541,5
3085076.9765347606,5
3085248.08081198,6
3085419.1850892003,6
3085590.28936642,6
3085761.3936436395,6
3085932.497920859,5
3086103.602198079,5
3086274.706475299,6
3086445.8107525185,6
3086616.915029738,6
3086788.019306958,6
3086959.123584178,7
3087130.2278613974,6
3087301.3321386175,6
3087472.436415837,6
3087643.540693057,6
3087814.6449702764,6
3087985.7492474965,6
3088156.853524716,6
3088327.9578019357,6
3088499.0620791554,6
3088670.1663563754,7
3088841.270633595,7
3089012.3749108147,7
3089183.4791880343,7
3089354.5834652544,7
3089525.687742474,7
3089696.7920196936,7
3089867.8962969137,7
3090039.0005741334,6
3090210.104851353,6
3090381.2091285726,7
3090552.3134057927,7
3090723.4176830123,7
3090894.521960232,7
3091065.6262374516,7
3091236.7305146717,7
3091407.8347918913,7
3091578.939069111,6
3091750.0433463305,6
3091921.1476235506,6
3092092.2519007702,6
3092263.35617799,6
3092434.46045521,6
3092605.5647324296,6
3092776.669009649,6
3092947.773286869,6
3093118.877564089,7
3093289.9818413085,7
3093461.086118528,7
3093632.190395748,6
3093803.294672968,6
3093974.3989501875,6
3094145.503227407,6
3094316.6075046267,6
3094487.711781847,6
3094658.8160590664,6
3094829.920336286,6
3095001.024613506,5
3095172.128890726,5
3095343.2331679454,5
3095514.337445165,6
3095685.441722385,6
3095856.5459996047,6
3096027.6502768244,6
3096198.754554044,6
3096369.858831264,6
3096540.9631084837,6
3096712.0673857033,6
3096883.1716629234,6
3097054.275940143,5
3097225.3802173627,5
3097396.4844945823,5
3097567.5887718024,4
3097738.693049022,5
3097909.7973262416,5
3098080.9016034612,5
3098252.0058806813,5
3098423.110157901,6
3098594.2144351206,6
3098765.3187123407,5
3098936.4229895603,6
3099107.52726678,4
3099278.6315439995,4
3099449.7358212196,4
3099620.8400984393,5
3099791.944375659,5
3099963.0486528785,4
3100134.1529300986,4
3100305.257207318,5
3100476.361484538,4
3100647.4657617575,4
3100818.5700389775,4
3100989.674316197,4
3101160.778593417,4
3101331.8828706364,5
3101502.9871478565,6
3101674.091425076,6
3101845.1957022958,5
3102016.299979516,5
3102187.4042567355,6
3102358.508533955,6
3102529.6128111747,5
3102700.717088395,6
3102871.8213656144,7
3103042.925642834,6
3103214.0299200537,5
3103385.1341972738,5
3103556.2384744934,6
3103727.342751713,7
3103898.447028933,6
3104069.5513061527,5
3104240.6555833723,5
3104411.759860592,6
3104582.864137812,6
3104753.9684150317,6
3104925.0726922513,7
3105096.176969471,6
3105267.281246691,6
3105438.3855239106,7
3105609.4898011303,7
3105780.59407835,7
3105951.69835557,6
3106122.8026327896,6
3106293.906910009,6
3106465.0111872293,5
3106636.115464449,5
3106807.2197416686,6
3106978.324018888,6
3107149.4282961083,7
3107320.532573328,7
3107491.6368505475,7
3107662.741127767,8
3107833.845404987,7
3108004.949682207,7
3108176.0539594265,6
3108347.158236646,7
3108518.262513866,6
3108689.366791086,6
3108860.4710683054,7
3109031.575345525,7
3109202.679622745,7
3109373.7838999648,7
3109544.8881771844,6
3109715.9924544045,7
3109887.096731624,7
3110058.2010088437,6
3110229.3052860633,6
3110400.4095632834,6
3110571.513840503,5
3110742.6181177227,5
3110913.7223949423,6
3111084.8266721624,6
3111255.930949382,6
3111427.0352266016,6
3111598.1395038217,6
3111769.2437810414,6
3111940.348058261,6
3112111.4523354806,6
3112282.5566127007,7
3112453.6608899203,6
3112624.76516714,6
3112795.8694443596,6
3112966.9737215796,6
3113138.0779987993,5
3113309.182276019,5
3113480.2865532385,5
3113651.3908304586,6
3113822.495107678,6
3113993.599384898,6
3114164.703662118,6
3114335.8079393376,5
3114506.912216557,5
3114678.016493777,5
3114849.120770997,4
3115020.2250482165,4
3115191.329325436,4
3115362.433602656,4
3115533.537879876,4
3115704.6421570955,4
3115875.746434315,5
3116046.8507115347,4
3116217.954988755,4
3116389.0592659744,4
3116560.163543194,4
3116731.267820414,4
3116902.372097634,4
3117073.4763748534,3
3117244.580652073,4
3117415.684929293,4
3117586.7892065127,4
3117757.8934837324,4
3117928.997760952,4
3118100.102038172,4
3118271.2063153917,4
3118442.3105926113,4
3118613.414869831,3
3118784.519147051,3
3118955.6234242707,4
3119126.7277014903,4
3119297.8319787104,4
3119468.93625593,4
3119640.0405331496,4
3119811.1448103692,4
3119982.2490875893,4
3120153.353364809,4
3120324.4576420286,3
3120495.561919248,3
3120666.6661964683,4
3120837.770473688,5
3121008.8747509075,6
3121179.979028127,6
3121351.0833053472,6
3121522.187582567,5
3121693.2918597865,5
3121864.3961370066,5
3122035.500414226,5
3122206.604691446,5
3122377.7089686655,4
3122548.8132458855,4
3122719.917523105,5
3122891.021800325,6
3123062.1260775444,6
3123233.2303547645,6
3123404.334631984,6
3123575.4389092037,6
3123746.543186424,6
3123917.6474636435,5
3124088.751740863,4
3124259.8560180827,4
3124430.960295303,4
3124602.0645725224,4
3124773.168849742,4
3124944.2731269617,5
3125115.3774041818,4
3125286.4816814014,4
3125457.585958621,5
3125628.6902358406,6
3125799.7945130607,5
3125970.8987902803,5
3126142.0030675,6
3126313.1073447196,4
3126484.2116219397,6
3126655.3158991593,4
3126826.420176379,4
3126997.524453599,4
3127168.6287308186,6
3127339.7330080383,6
3127510.837285258,6
3127681.941562478,5
3127853.0458396976,4
3128024.150116917,4
3128195.254394137,4
3128366.358671357,4
3128537.4629485765,3
3128708.567225796,3
3128879.6715030163,3
3129050.775780236,3
3129221.8800574555,3
3129392.984334675,4
3129564.088611895,4
3129735.192889115,4
3129906.2971663345,4
3130077.401443554,4
3130248.505720774,4
3130419.609997994,4
3130590.7142752134,4
3130761.8185524335,4
3130932.922829653,4
3131104.0271068728,3
3131275.1313840924,3
3131446.2356613125,3
3131617.339938532,3
3131788.4442157517,3
3131959.5484929713,3
3132130.6527701914,3
3132301.757047411,3
3132472.8613246307,3
3132643.9656018503,3
3132815.0698790704,3
3132986.17415629,3
3133157.2784335096,3
3133328.3827107297,3
3133499.4869879493,4
3133670.591265169,3
3133841.6955423886,3
3134012.7998196087,4
3134183.9040968283,5
3134355.008374048,4
3134526.1126512676,4
3134697.2169284876,4
3134868.3212057073,4
3135039.425482927,4
3135210.5297601465,4
3135381.6340373666,4
3135552.738314586,4
3135723.842591806,4
3135894.946869026,4
3136066.0511462456,4
3136237.155423465,4
3136408.259700685,4
3136579.363977905,4
3136750.4682551245,4
3136921.572532344,4
3137092.6768095638,4
3137263.781086784,4
3137434.8853640035,4
3137605.989641223,4
3137777.0939184427,4
3137948.198195663,4
3138119.3024728824,4
3138290.406750102,4
3138461.511027322,4
3138632.615304542,4
3138803.7195817614,4
3138974.823858981,4
3139145.928136201,4
3139317.0324134207,4
3139488.1366906404,4
3139659.24096786,4
3139830.34524508,4
3140001.4495222997,3
3140172.5537995193,3
3140343.658076739,3
3140514.762353959,3
3140685.8666311787,3
3140856.9709083983,3
3141028.0751856184,3
3141199.179462838,3
3141370.2837400576,3
3141541.3880172772,4
3141712.4922944973,3
3141883.596571717,3
3142054.7008489366,3
3142225.805126156,3
3142396.9094033763,3
3142568.013680596,3
3142739.1179578155,4
3142910.222235035,3
3143081.3265122552,3
3143252.430789475,3
3143423.5350666945,3
3143594.6393439146,3
3143765.743621134,3
3143936.847898354,3
3144107.9521755734,4
3144279.0564527935,4
3144450.160730013,6
3144621.265007233,7
3144792.3692844524,7
3144963.4735616725,6
3145134.577838892,6
3145305.6821161117,6
3145476.7863933314,6
3145647.8906705515,6
3145818.994947771,6
3145990.0992249907,6
3146161.203502211,6
3146332.3077794304,6
3146503.41205665,5
3146674.5163338697,5
3146845.6206110897,4
3147016.7248883094,4
3147187.829165529,4
3147358.9334427486,4
3147530.0377199687,4
3147701.1419971883,4
3147872.246274408,4
3148043.350551628,4
3148214.4548288477,4
3148385.5591060673,4
3148556.663383287,5
3148727.767660507,5
3148898.8719377266,5
3149069.9762149462,5
3149241.080492166,5
3149412.184769386,5
3149583.2890466056,5
3149754.393323825,5
3149925.497601045,5
3150096.601878265,5
3150267.7061554845,5
3150438.810432704,5
3150609.9147099243,5
3150781.018987144,5
3150952.1232643635,5
3151123.227541583,5
3151294.331818803,5
3151465.436096023,5
3151636.5403732425,5
3151807.644650462,5
3151978.748927682,5
3152149.853204902,5
3152320.9574821214,5
3152492.0617593415,5
3152663.166036561,4
3152834.2703137808,4
3153005.3745910004,4
3153176.4788682205,4
3153347.58314544,5
3153518.6874226597,4
3153689.7916998793,4
3153860.8959770994,5
3154032.000254319,5
3154203.1045315387,5
3154374.2088087583,5
3154545.3130859784,4
3154716.417363198,6
3154887.5216404176,6
3155058.6259176373,6
3155229.7301948573,7
3155400.834472077,6
3155571.9387492966,6
3155743.0430265167,6
3155914.1473037363,6
3156085.251580956,6
3156256.3558581755,6
3156427.4601353956,6
3156598.5644126153,5
3156769.668689835,5
3156940.7729670545,5
3157111.8772442746,5
3157282.981521494,5
3157454.085798714,5
3157625.190075934,5
3157796.2943531536,5
3157967.398630373,5
3158138.502907593,5
3158309.6071848124,5
3158480.7114620325,5
3158651.815739252,5
3158822.9200164718,5
3158994.024293692,5
3159165.1285709115,4
3159336.232848131,4
3159507.3371253507,4
3159678.441402571,4
3159849.5456797904,4
3160020.64995701,4
3160191.75423423,4
3160362.85851145,4
3160533.9627886694,4
3160705.067065889,4
3160876.171343109,4
3161047.2756203287,4
3161218.3798975484,4
3161389.484174768,4
3161560.588451988,5
3161731.6927292077,4
3161902.7970064273,5
3162073.901283647,5
3162245.005560867,5
3162416.1098380866,5
3162587.2141153063,5
3162758.3183925264,5
3162929.422669746,5
3163100.5269469656,5
3163271.631224185,5
3163442.7355014053,5
3163613.839778625,4
3163784.9440558446,4
3163956.048333064,4
3164127.1526102843,4
3164298.256887504,4
3164469.3611647235,4
3164640.465441943,4
3164811.5697191632,5
3164982.673996383,5
3165153.7782736025,5
3165324.8825508226,5
3165495.986828042,4
3165667.091105262,4
3165838.1953824814,4
3166009.2996597015,4
3166180.403936921,4
3166351.508214141,4
3166522.6124913604,4
3166693.7167685805,4
3166864.8210458,4
3167035.9253230197,4
3167207.0296002394,5
3167378.1338774594,5
3167549.238154679,5
3167720.3424318987,5
3167891.446709119,5
3168062.5509863384,5
3168233.655263558,6
3168404.7595407777,6
3168575.8638179977,6
3168746.9680952174,5
3168918.072372437,6
3169089.1766496566,6
3169260.2809268767,5
3169431.3852040963,5
3169602.489481316,5
3169773.5937585356,4
3169944.6980357557,5
3170115.8023129753,5
3170286.906590195,5
3170458.010867415,5
3170629.1151446346,5
3170800.2194218542,5
3170971.323699074,6
3171142.427976294,6
3171313.5322535136,6
3171484.636530733,6
3171655.740807953,7
3171826.845085173,8
3171997.9493623925,9
3172169.053639612,7
3172340.157916832,7
3172511.262194052,7
3172682.3664712715,7
3172853.470748491,7
3173024.575025711,7
3173195.679302931,7
3173366.7835801505,7
3173537.88785737,7
3173708.99213459,7
3173880.09641181,7
3174051.2006890294,7
3174222.304966249,9
3174393.409243469,7
3174564.5135206887,7
3174735.6177979084,9
3174906.722075128,11
3175077.826352348,13
3175248.9306295677,7
3175420.0349067873,7
3175591.1391840074,8
3175762.243461227,7
3175933.3477384467,6
3176104.4520156663,7
3176275.5562928864,7
3176446.660570106,9
3176617.7648473256,8
3176788.8691245457,9
3176959.9734017653,8
3177131.077678985,7
3177302.1819562046,7
3177473.2862334247,11
3177644.3905106443,10
3177815.494787864,8
3177986.5990650835,8
3178157.7033423036,7
3178328.8076195233,8
3178499.911896743,7
3178671.0161739625,7
3178842.1204511826,7
3179013.224728402,7
3179184.329005622,6
3179355.433282842,5
3179526.5375600616,4
3179697.641837281,5
3179868.746114501,4
3180039.850391721,6
3180210.9546689405,4
3180382.05894616,4
3180553.1632233798,4
3180724.2675006,4
3180895.3717778195,4
3181066.476055039,4
3181237.5803322587,4
3181408.684609479,4
3181579.7888866984,4
3181750.893163918,3
3181921.997441138,3
3182093.1017183578,4
3182264.2059955774,3
3182435.310272797,3
3182606.414550017,3
3182777.5188272367,3
3182948.6231044563,3
3183119.727381676,4
3183290.831658896,5
3183461.9359361157,5
3183633.0402133353,5
3183804.144490555,5
3183975.248767775,5
3184146.3530449946,6
3184317.4573222143,8
3184488.5615994344,6
3184659.665876654,6
3184830.7701538736,6
3185001.874431093,6
3185172.9787083133,6
3185344.082985533,7
3185515.1872627526,6
3185686.291539972,6
3185857.3958171923,7
3186028.500094412,5
3186199.6043716315,5
3186370.708648851,5
3186541.812926071,5
3186712.917203291,5
3186884.0214805105,5
3187055.12575773,5
3187226.23003495,5
3187397.33431217,5
3187568.4385893894,5
3187739.5428666095,5
3187910.647143829,5
3188081.751421049,5
3188252.8556982684,5
3188423.9599754885,5
3188595.064252708,5
3188766.1685299277,6
3188937.2728071474,7
3189108.3770843674,7
3189279.481361587,6
3189450.5856388067,6
3189621.689916027,6
3189792.7941932464,8
3189963.898470466,6
3190135.0027476856,6
3190306.1070249057,6
3190477.2113021254,7
3190648.315579345,7
3190819.4198565646,7
3190990.5241337847,7
3191161.6284110043,7
3191332.732688224,7
3191503.836965444,7
3191674.9412426637,8
3191846.0455198833,6
3192017.149797103,7
3192188.254074323,7
3192359.3583515426,7
3192530.4626287622,7
3192701.566905982,7
3192872.671183202,7
3193043.7754604216,7
3193214.879737641,7
3193385.984014861,7
3193557.088292081,7
3193728.1925693005,7
3193899.29684652,7
3194070.40112374,7
3194241.50540096,7
3194412.6096781795,7
3194583.713955399,7
3194754.818232619,7
3194925.922509839,7
3195097.0267870585,7
3195268.131064278,7
3195439.235341498,6
3195610.339618718,6
3195781.4438959374,7
3195952.548173157,7
3196123.652450377,7
3196294.7567275967,7
3196465.8610048164,7
3196636.9652820365,7
3196808.069559256,7
3196979.1738364757,7
3197150.2781136953,7
3197321.3823909154,7
3197492.486668135,7
3197663.5909453547,7
3197834.6952225743,8
3198005.7994997944,7
3198176.903777014,7
3198348.0080542336,7
3198519.1123314537,7
3198690.2166086733,6
3198861.320885893,6
3199032.4251631126,6
3199203.529440332,6
3199374.6337175523,6
3199545.737994772,6
3199716.8422719915,6
3199887.9465492116,5
3200059.0508264313,6
3200230.155103651,5
3200401.2593808705,4
3200572.3636580906,3
3200743.46793531,4
3200914.57221253,5
3201085.67648975,5
3201256.7807669695,5
3201427.885044189,6
3201598.989321409,4
3201770.093598629,6
3201941.1978758485,7
3202112.302153068,5
3202283.4064302878,4
3202454.510707508,4
3202625.6149847275,6
3202796.719261947,6
3202967.8235391667,6
3203138.927816387,7
3203310.0320936064,7
3203481.136370826,7
3203652.240648046,7
3203823.3449252658,7
3203994.4492024854,7
3204165.553479705,7
3204336.657756925,6
3204507.7620341447,6
3204678.8663113643,6
3204849.970588584,6
3205021.074865804,6
3205192.1791430237,6
3205363.2834202433,6
3205534.387697463,7
3205705.491974683,6
3205876.5962519026,6
3206047.7005291223,5
3206218.8048063423,5
3206389.909083562,5
3206561.0133607816,5
3206732.117638001,5
3206903.2219152213,5
3207074.326192441,6
3207245.4304696606,4
3207416.53474688,4
3207587.6390241003,4
3207758.74330132,5
3207929.8475785395,5
3208100.951855759,5
3208272.056132979,5
3208443.160410199,5
3208614.2646874185,5
3208785.368964638,6
3208956.473241858,4
3209127.577519078,5
3209298.6817962974,4
3209469.7860735175,6
3209640.890350737,6
3209811.9946279568,5
3209983.0989051764,5
3210154.2031823965,5
3210325.307459616,6
3210496.4117368357,5
3210667.5160140553,4
3210838.6202912754,3
3211009.724568495,4
3211180.8288457147,3
3211351.933122935,3
3211523.0374001544,3
3211694.141677374,4
3211865.2459545936,4
3212036.3502318133,5
3212207.4545090334,5
3212378.558786253,3
3212549.6630634726,4
3212720.7673406927,4
3212891.8716179123,4
3213062.975895132,4
3213234.0801723516,4
3213405.1844495717,4
3213576.2887267913,5
3213747.393004011,5
3213918.497281231,4
3214089.6015584506,4
3214260.70583567,5
3214431.81011289,5
3214602.91439011,5
3214774.0186673296,4
3214945.122944549,3
3215116.227221769,3
3215287.331498989,3
3215458.4357762085,4
3215629.540053428,3
3215800.644330648,3
3215971.748607868,4
3216142.8528850875,4
3216313.957162307,4
3216485.061439527,4
3216656.165716747,4
3216827.2699939664,5
3216998.374271186,5
3217169.478548406,5
3217340.582825626,5
3217511.6871028454,5
3217682.791380065,5
3217853.895657285,5
3218024.9999345047,5
3218196.1042117244,5
3218367.208488944,5
3218538.312766164,5
3218709.4170433837,5
3218880.5213206033,5
3219051.6255978234,5
3219222.729875043,4
3219393.8341522627,3
3219564.9384294823,3
3219736.0427067024,5
3219907.146983922,6
3220078.2512611416,5
3220249.3555383617,5
3220420.4598155813,5
3220591.564092801,5
3220762.6683700206,5
3220933.77264724,5
3221104.8769244603,5
3221275.98120168,5
3221447.0854788995,5
3221618.1897561196,5
3221789.2940333392,4
3221960.398310559,5
3222131.5025877785,5
3222302.6068649986,5
3222473.711142218,4
3222644.815419438,5
3222815.9196966575,5
3222987.0239738775,4
3223158.128251097,4
3223329.232528317,5
3223500.336805537,5
3223671.4410827565,5
3223842.545359976,5
3224013.6496371957,5
3224184.753914416,5
3224355.8581916355,5
3224526.962468855,5
3224698.0667460747,5
3224869.171023295,5
3225040.2753005144,4
3225211.379577734,5
3225382.4838549537,5
3225553.5881321738,7
3225724.6924093934,6
3225895.796686613,7
3226066.900963833,7
3226238.0052410527,7
3226409.1095182723,7
3226580.213795492,7
3226751.318072712,7
3226922.4223499317,7
3227093.5266271513,7
3227264.630904371,7
3227435.735181591,8
3227606.8394588106,6
3227777.9437360303,7
3227949.0480132503,8
3228120.15229047,8
3228291.2565676896,7
3228462.360844909,7
3228633.465122129,7
3228804.569399349,5
3228975.6736765685,5
3229146.777953788,7
3229317.8822310083,7
3229488.986508228,7
3229660.0907854475,7
3229831.195062667,7
3230002.299339887,6
3230173.403617107,8
3230344.5078943265,7
3230515.6121715466,7
3230686.716448766,7
3230857.820725986,7
3231028.9250032054,6
3231200.0292804255,6
3231371.133557645,6
3231542.2378348648,7
3231713.3421120844,7
3231884.4463893045,6
3232055.550666524,6
3232226.6549437437,6
3232397.7592209633,8
3232568.8634981834,6
3232739.967775403,7
3232911.0720526227,6
3233082.176329843,6
3233253.2806070624,6
3233424.384884282,5
3233595.4891615016,5
3233766.5934387217,5
3233937.6977159414,5
3234108.801993161,6
3234279.9062703806,6
3234451.0105476007,6
3234622.1148248203,7
3234793.21910204,6
3234964.3233792596,6
3235135.4276564796,6
3235306.5319336993,6
3235477.636210919,6
3235648.740488139,6
3235819.8447653586,6
3235990.949042578,6
3236162.053319798,6
3236333.157597018,7
3236504.2618742376,6
3236675.366151457,5
3236846.470428677,6
3237017.574705897,5
3237188.6789831165,5
3237359.783260336,5
3237530.887537556,5
3237701.991814776,5
3237873.0960919955,5
3238044.200369215,5
3238215.304646435,5
3238386.408923655,5
3238557.5132008744,7
3238728.617478094,10
3238899.721755314,5
3239070.826032534,5
3239241.9303097534,9
3239413.034586973,9
3239584.138864193,5
3239755.2431414127,5
3239926.3474186324,5
3240097.451695852,5
3240268.555973072,5
3240439.6602502917,5
3240610.7645275113,5
3240781.8688047314,5
3240952.973081951,5
3241124.0773591707,8
3241295.1816363903,5
3241466.2859136104,5
3241637.39019083,5
3241808.4944680496,7
3241979.5987452697,5
3242150.7030224893,5
3242321.807299709,5
3242492.9115769286,5
3242664.015854148,5
3242835.1201313683,5
3243006.224408588,10
3243177.3286858075,10
3243348.4329630276,10
3243519.5372402472,9
3243690.641517467,5
3243861.7457946865,5
3244032.8500719066,5
3244203.954349126,5
3244375.058626346,5
3244546.1629035654,5
3244717.2671807855,5
3244888.371458005,8
3245059.475735225,9
3245230.580012445,5
3245401.6842896645,5
3245572.788566884,4
3245743.8928441037,7
3245914.997121324,7
3246086.1013985435,5
3246257.205675763,5
3246428.3099529827,6
3246599.414230203,5
3246770.5185074224,5
3246941.622784642,5
3247112.7270618617,5
3247283.8313390817,7
3247454.9356163014,5
3247626.039893521,5
3247797.1441707406,5
3247968.2484479607,6
3248139.3527251803,6
3248310.4570024,6
3248481.56127962,5
3248652.6655568397,5
3248823.7698340593,5
3248994.874111279,5
3249165.978388499,9
3249337.0826657186,5
3249508.1869429382,4
3249679.291220158,4
3249850.395497378,4
3250021.4997745976,4
3250192.604051817,4
3250363.708329037,6
3250534.812606257,6
3250705.9168834765,5
3250877.021160696,5
3251048.1254379163,5
3251219.229715136,5
3251390.3339923555,5
3251561.438269575,5
3251732.542546795,5
3251903.646824015,5
3252074.7511012345,5
3252245.8553784546,5
3252416.959655674,5
3252588.063932894,5
3252759.1682101134,5
3252930.2724873335,5
3253101.376764553,5
3253272.4810417728,5
3253443.5853189924,5
3253614.6895962125,5
3253785.793873432,5
3253956.8981506517,6
3254128.0024278713,6
3254299.1067050914,6
3254470.210982311,5
3254641.3152595307,5
3254812.4195367508,5
3254983.5238139704,5
3255154.62809119,5
3255325.7323684096,5
3255496.8366456297,5
3255667.9409228493,5
3255839.045200069,5
3256010.1494772886,5
3256181.2537545087,5
3256352.3580317283,5
3256523.462308948,5
3256694.5665861676,5
3256865.6708633876,5
3257036.7751406073,5
3257207.879417827,5
3257378.983695047,5
3257550.0879722666,5
3257721.192249486,5
3257892.296526706,5
3258063.400803926,5
3258234.5050811456,5
3258405.609358365,5
3258576.713635585,5
3258747.817912805,5
3258918.9221900245,5
3259090.026467244,5
3259261.1307444638,4
3259432.235021684,4
3259603.3392989035,5
3259774.443576123,5
3259945.547853343,5
3260116.652130563,5
3260287.7564077824,5
3260458.860685002,4
3260629.964962222,4
3260801.069239442,4
3260972.1735166614,4
3261143.277793881,4
3261314.382071101,4
3261485.4863483207,4
3261656.5906255404,4
3261827.69490276,4
3261998.79917998,4
3262169.9034571997,4
3262341.0077344193,5
3262512.1120116394,6
3262683.216288859,6
3262854.3205660786,6
3263025.4248432983,6
3263196.5291205184,6
3263367.633397738,6
3263538.7376749576,6
3263709.841952177,6
3263880.9462293973,6
3264052.050506617,6
3264223.1547838366,6
3264394.259061056,5
3264565.3633382763,5
3264736.467615496,6
3264907.5718927155,6
3265078.6761699356,5
3265249.7804471552,5
3265420.884724375,5
3265591.9890015945,5
3265763.0932788146,6
3265934.197556034,5
3266105.301833254,6
3266276.4061104734,6
3266447.5103876935,5
3266618.614664913,5
3266789.718942133,5
3266960.823219353,5
3267131.9274965725,5
3267303.031773792,5
3267474.1360510117,5
3267645.2403282314,5
3267816.3446054514,5
3267987.448882671,6
3268158.5531598907,6
3268329.657437111,5
3268500.7617143304,5
3268671.86599155,5
3268842.97026877,5
3269014.0745459897,5
3269185.1788232094,5
3269356.283100429,7
3269527.3873776486,5
3269698.4916548687,5
3269869.5959320883,6
3270040.700209308,6
3270211.804486528,7
3270382.9087637477,6
3270554.0130409673,6
3270725.117318187,6
3270896.2215954065,7
3271067.3258726266,6
3271238.4301498462,6
3271409.5344270663,6
3271580.638704286,6
3271751.7429815056,6
3271922.847258725,6
3272093.951535945,6
3272265.055813165,6
3272436.1600903845,6
3272607.2643676046,6
3272778.3686448243,6
3272949.472922044,6
3273120.5771992635,6
3273291.681476483,6
3273462.785753703,6
3273633.890030923,6
3273804.9943081425,5
3273976.0985853625,5
3274147.202862582,5
3274318.307139802,6
3274489.4114170214,6
3274660.515694241,6
3274831.619971461,6
3275002.7242486808,6
3275173.8285259004,6
3275344.9328031205,6
3275516.03708034,6
3275687.1413575597,6
3275858.2456347793,6
3276029.3499119994,6
3276200.454189219,6
3276371.5584664387,7
3276542.6627436588,5
3276713.7670208784,6
3276884.871298098,6
3277055.9755753176,6
3277227.0798525373,6
3277398.1841297573,6
3277569.288406977,6
3277740.3926841966,6
3277911.4969614167,6
3278082.6012386363,7
3278253.705515856,6
3278424.8097930755,6
3278595.9140702956,6
3278767.0183475153,6
3278938.122624735,5
3279109.226901955,5
3279280.3311791746,5
3279451.435456394,5
3279622.539733614,5
3279793.6440108335,4
3279964.7482880536,4
3280135.852565273,4
3280306.956842493,4
3280478.061119713,4
3280649.1653969325,3
3280820.269674152,3
3280991.3739513718,3
3281162.478228592,3
3281333.5825058115,3
3281504.686783031,3
3281675.791060251,3
3281846.895337471,3
3282017.9996146904,7
3282189.10389191,5
3282360.20816913,5
3282531.3124463498,5
3282702.4167235694,6
3282873.521000789,6
3283044.625278009,6
3283215.7295552287,6
3283386.8338324483,6
3283557.9381096684,7
3283729.042386888,6
3283900.1466641077,6
3284071.2509413273,7
3284242.3552185474,6
3284413.459495767,5
3284584.5637729866,4
3284755.6680502063,4
3284926.7723274264,4
3285097.876604646,4
3285268.9808818656,4
3285440.085159085,4
3285611.1894363053,4
3285782.293713525,4
3285953.3979907446,5
3286124.502267964,6
3286295.6065451843,4
3286466.710822404,4
3286637.8150996235,4
3286808.9193768436,5
3286980.023654063,5
3287151.127931283,5
3287322.2322085025,5
3287493.3364857226,5
3287664.440762942,5
3287835.545040162,5
3288006.6493173814,5
3288177.7535946015,5
3288348.857871821,5
3288519.962149041,5
3288691.0664262604,5
3288862.1707034805,5
3289033.2749807,5
3289204.3792579197,5
3289375.48353514,5
3289546.5878123594,5
3289717.692089579,5
3289888.7963667987,5
3290059.900644019,5
3290231.0049212384,5
3290402.109198458,5
3290573.2134756777,5
3290744.3177528977,5
3290915.4220301174,5
3291086.526307337,6
3291257.6305845566,5
3291428.7348617767,5
3291599.8391389963,5
3291770.943416216,5
3291942.047693436,5
3292113.1519706557,5
3292284.2562478753,5
3292455.360525095,5
3292626.4648023145,6
3292797.5690795346,5
3292968.6733567542,5
3293139.777633974,7
3293310.881911194,7
3293481.9861884136,7
3293653.090465633,6
3293824.194742853,5
3293995.299020073,5
3294166.4032972925,5
3294337.507574512,6
3294508.6118517322,5
3294679.716128952,5
3294850.8204061715,6
3295021.924683391,5
3295193.028960611,5
3295364.133237831,5
3295535.2375150505,4
3295706.34179227,4
3295877.44606949,4
3296048.55034671,4
3296219.6546239294,4
3296390.758901149,4
3296561.863178369,4
3296732.9674555887,4
3296904.0717328084,4
3297075.1760100285,4
3297246.280287248,4
3297417.3845644677,4
3297588.4888416873,4
3297759.5931189074,4
3297930.697396127,4
3298101.8016733467,4
3298272.9059505668,4
3298444.0102277864,4
3298615.114505006,5
3298786.2187822256,4
3298957.3230594452,4
3299128.4273366653,4
3299299.531613885,5
3299470.6358911046,4
3299641.7401683247,4
3299812.8444455443,4
3299983.948722764,4
3300155.0529999835,4
3300326.1572772036,4
3300497.2615544233,4
3300668.365831643,4
3300839.470108863,4
3301010.5743860826,4
3301181.678663302,4
3301352.782940522,4
3301523.8872177415,4
3301694.9914949615,4
3301866.095772181,4
3302037.200049401,4
3302208.304326621,4
3302379.4086038405,4
3302550.51288106,4
3302721.6171582798,4
3302892.7214355,6
3303063.8257127195,5
3303234.929989939,5
3303406.034267159,6
3303577.138544379,5
3303748.2428215984,5
3303919.347098818,5
3304090.4513760377,5
3304261.5556532578,5
3304432.6599304774,4
3304603.764207697,5
3304774.868484917,5
3304945.9727621367,5
3305117.0770393563,5
3305288.181316576,5
3305459.285593796,5
3305630.3898710157,5
3305801.4941482353,5
3305972.5984254554,5
3306143.702702675,5
3306314.8069798946,5
3306485.9112571143,5
3306657.015534334,5
3306828.119811554,5
3306999.2240887736,5
3307170.328365993,5
3307341.4326432133,5
3307512.536920433,5
3307683.6411976526,5
3307854.745474872,5
3308025.8497520923,5
3308196.954029312,5
3308368.0583065315,4
3308539.1625837516,4
3308710.266860971,4
3308881.371138191,4
3309052.4754154105,5
3309223.5796926306,5
3309394.68396985,5
3309565.78824707,5
3309736.8925242894,5
3309907.9968015095,5
3310079.101078729,5
3310250.205355949,5
3310421.3096331684,5
3310592.4139103885,5
3310763.518187608,5
3310934.6224648277,5
3311105.726742048,5
3311276.8310192674,5
3311447.935296487,5
3311619.0395737067,5
3311790.1438509263,5
3311961.2481281464,5
3312132.352405366,5
3312303.4566825856,5
3312474.5609598057,5
3312645.6652370254,5
3312816.769514245,5
3312987.8737914646,5
3313158.9780686847,5
3313330.0823459043,5
3313501.186623124,3
3313672.290900344,3
3313843.3951775637,4
3314014.4994547833,4
3314185.603732003,5
3314356.7080092225,4
3314527.8122864426,4
3314698.9165636622,3
3314870.020840882,4
3315041.125118102,3
3315212.2293953216,3
3315383.333672541,4
3315554.4379497613,3
3315725.542226981,3
3315896.6465042005,3
3316067.75078142,3
3316238.8550586402,3
3316409.95933586,4
3316581.0636130795,3
3316752.167890299,4
3316923.272167519,3
3317094.376444739,3
3317265.4807219584,3
3317436.584999178,3
3317607.689276398,3
3317778.793553618,3
3317949.8978308374,3
3318121.002108057,3
3318292.106385277,3
3318463.2106624967,3
3318634.3149397164,3
3318805.4192169365,3
3318976.523494156,3
3319147.6277713757,3
3319318.7320485953,3
3319489.8363258154,3
3319660.940603035,3
3319832.0448802547,3
3320003.1491574743,3
3320174.2534346944,3
3320345.357711914,3
3320516.4619891336,3
3320687.5662663532,3
3320858.6705435733,3
3321029.774820793,3
3321200.8790980126,3
3321371.9833752327,3
3321543.0876524523,3
3321714.191929672,3
3321885.2962068915,3
3322056.4004841116,3
3322227.5047613312,3
3322398.609038551,3
3322569.713315771,3
3322740.8175929906,3
3322911.92187021,3
3323083.02614743,3
3323254.1304246495,3
3323425.2347018695,3
3323596.338979089,4
3323767.443256309,3
3323938.547533529,3
3324109.6518107485,3
3324280.756087968,3
3324451.8603651877,3
3324622.964642408,3
3324794.0689196275,3
3324965.173196847,3
3325136.277474067,3
3325307.381751287,4
3325478.4860285064,4
3325649.590305726,4
3325820.6945829457,3
3325991.7988601658,3
3326162.9031373854,3
3326334.007414605,3
3326505.111691825,3
3326676.2159690447,3
3326847.3202462643,3
3327018.424523484,5
3327189.528800704,5
3327360.6330779237,5
3327531.7373551433,5
3327702.8416323634,5
3327873.945909583,4
3328045.0501868026,4
3328216.1544640223,5
3328387.258741242,5
3328558.363018462,5
3328729.4672956816,5
3328900.571572901,4
3329071.6758501213,5
3329242.780127341,5
3329413.8844045606,5
3329584.98868178,5
3329756.0929590003,4
3329927.19723622,3
3330098.3015134395,4
3330269.4057906596,4
3330440.510067879,3
3330611.614345099,4
3330782.7186223185,4
3330953.822899538,4
3331124.927176758,5
3331296.031453978,5
3331467.1357311974,5
3331638.2400084175,6
3331809.344285637,5
3331980.4485628568,5
3332151.5528400764,5
3332322.6571172965,5
3332493.761394516,5
3332664.8656717357,5
3332835.969948956,5
3333007.0742261754,5
3333178.178503395,5
3333349.2827806147,5
3333520.3870578343,5
3333691.4913350544,5
3333862.595612274,5
3334033.6998894936,5
3334204.8041667137,5
3334375.9084439334,5
3334547.012721153,4
3334718.1169983726,4
3334889.2212755927,4
3335060.3255528123,5
3335231.429830032,5
3335402.534107252,6
3335573.6383844716,5
3335744.7426616913,5
3335915.846938911,5
3336086.9512161305,5
3336258.0554933506,5
3336429.15977057,5
3336600.26404779,5
3336771.36832501,5
3336942.4726022296,5
3337113.576879449,5
3337284.681156669,5
3337455.785433889,4
3337626.8897111085,4
3337797.993988328,5
3337969.098265548,5
3338140.202542768,6
3338311.3068199875,6
3338482.411097207,6
3338653.515374427,5
3338824.619651647,4
3338995.7239288664,5
3339166.8282060865,5
3339337.932483306,5
3339509.036760526,5
3339680.1410377454,5
3339851.245314965,5
3340022.349592185,5
3340193.4538694047,6
3340364.5581466244,4
3340535.6624238444,4
3340706.766701064,5
3340877.8709782837,5
3341048.9752555033,4
3341220.0795327234,4
3341391.183809943,4
3341562.2880871627,4
3341733.3923643827,4
3341904.4966416024,4
3342075.600918822,4
3342246.7051960416,4
3342417.8094732612,3
3342588.9137504813,4
3342760.018027701,4
3342931.1223049206,4
3343102.22658214,4
3343273.3308593603,4
3343444.43513658,4
3343615.5394137995,4
3343786.6436910196,4
3343957.7479682392,4
3344128.852245459,4
3344299.9565226785,4
3344471.0607998986,4
3344642.165077118,4
3344813.269354338,4
3344984.3736315574,5
3345155.4779087775,5
3345326.582185997,4
3345497.686463217,4
3345668.790740437,4
3345839.8950176565,5
3346010.999294876,4
3346182.1035720957,4
3346353.207849316,4
3346524.3121265355,4
3346695.416403755,5
3346866.520680975,5
3347037.624958195,5
3347208.7292354144,4
3347379.833512634,5
3347550.9377898537,5
3347722.0420670738,5
3347893.1463442934,4
3348064.250621513,4
3348235.354898733,5
3348406.4591759527,5
3348577.5634531723,5
3348748.667730392,5
3348919.772007612,4
3349090.8762848317,4
3349261.9805620513,4
3349433.0848392714,4
3349604.189116491,3
3349775.2933937106,4
3349946.3976709303,5
3350117.50194815,5
3350288.60622537,5
3350459.7105025896,5
3350630.814779809,5
3350801.9190570293,5
3350973.023334249,5
3351144.1276114685,4
3351315.231888688,4
3351486.3361659083,4
3351657.440443128,4
3351828.5447203475,4
3351999.6489975676,4
3352170.753274787,4
3352341.857552007,5
3352512.9618292265,5
3352684.066106446,5
3352855.170383666,6
3353026.274660886,5
3353197.3789381054,5
3353368.4832153255,5
3353539.587492545,5
3353710.6917697648,5
3353881.7960469844,5
3354052.9003242045,5
3354224.004601424,7
3354395.1088786437,6
3354566.213155864,7
3354737.3174330834,5
3354908.421710303,6
3355079.5259875227,5
3355250.6302647423,5
3355421.7345419624,5
3355592.838819182,6
3355763.9430964016,6
3355935.0473736217,6
3356106.1516508413,5
3356277.255928061,5
3356448.3602052806,5
3356619.4644825007,5
3356790.5687597203,6
3356961.67303694,7
3357132.77731416,6
3357303.8815913796,5
3357474.9858685993,5
3357646.090145819,6
3357817.194423039,4
3357988.2987002586,5
3358159.402977478,5
3358330.507254698,5
3358501.611531918,5
3358672.7158091376,5
3358843.820086357,6
3359014.924363577,7
3359186.028640797,4
3359357.1329180165,6
3359528.237195236,7
3359699.341472456,6
3359870.445749676,7
3360041.5500268955,5
3360212.654304115,5
3360383.758581335,5
3360554.862858555,5
3360725.9671357744,5
3360897.0714129945,5
3361068.175690214,5
3361239.279967434,4
3361410.3842446534,5
3361581.488521873,4
3361752.592799093,3
3361923.6970763127,4
3362094.8013535324,3
3362265.9056307524,4
3362437.009907972,4
3362608.1141851917,5
3362779.2184624113,5
3362950.322739631,4
3363121.427016851,3
3363292.5312940706,3
3363463.6355712903,4
3363634.7398485104,4
3363805.84412573,4
3363976.9484029496,4
3364148.052680169,4
3364319.1569573893,4
3364490.261234609,3
3364661.3655118286,3
3364832.469789048,3
3365003.5740662683,4
3365174.678343488,4
3365345.7826207075,4
3365516.8868979276,5
3365687.9911751472,4
3365859.095452367,4
3366030.199729587,4
3366201.3040068066,4
3366372.408284026,4
3366543.512561246,4
3366714.6168384654,4
3366885.7211156855,3
3367056.825392905,3
3367227.929670125,3
3367399.033947345,3
3367570.1382245645,3
3367741.242501784,3
3367912.3467790037,3
3368083.451056224,3
3368254.5553334435,3
3368425.659610663,3
3368596.7638878827,3
3368767.868165103,5
3368938.9724423224,4
3369110.076719542,4
3369281.1809967617,4
3369452.2852739817,5
3369623.3895512014,4
3369794.493828421,4
3369965.598105641,5
3370136.7023828607,4
3370307.8066600803,4
3370478.9109373,4
3370650.0152145196,4
3370821.1194917397,4
3370992.2237689593,4
3371163.328046179,4
3371334.432323399,5
3371505.5366006186,4
3371676.6408778382,4
3371847.745155058,4
3372018.849432278,4
3372189.9537094976,4
3372361.057986717,4
3372532.1622639373,4
3372703.266541157,4
3372874.3708183765,4
3373045.475095596,5
3373216.5793728163,5
3373387.683650036,5
3373558.7879272555,4
3373729.8922044756,5
3373900.996481695,5
3374072.100758915,5
3374243.2050361345,5
3374414.3093133545,5
3374585.413590574,6
3374756.517867794,4
3374927.6221450134,4
3375098.7264222335,4
3375269.830699453,4
3375440.9349766728,4
3375612.0392538924,4
3375783.143531112,4
3375954.247808332,5
3376125.3520855517,4
3376296.456362772,5
3376467.5606399914,5
3376638.664917211,6
3376809.7691944307,5
3376980.8734716503,6
3377151.9777488704,3
3377323.08202609,3
3377494.1863033096,3
3377665.2905805297,3
3377836.3948577493,4
3378007.499134969,4
3378178.6034121886,4
3378349.707689408,4
3378520.8119666283,4
3378691.916243848,4
3378863.020521068,4
3379034.1247982876,4
3379205.2290755073,4
3379376.333352727,4
3379547.437629947,3
3379718.5419071666,3
3379889.646184386,3
3380060.750461606,3
3380231.854738826,3
3380402.9590160456,3
3380574.063293265,4
3380745.167570485,4
3380916.271847705,4
3381087.3761249245,4
3381258.480402144,4
3381429.584679364,4
3381600.688956584,4
3381771.7932338035,4
3381942.897511023,3
3382114.0017882427,3
3382285.106065463,3
3382456.2103426824,4
3382627.314619902,4
3382798.418897122,5
3382969.523174342,6
3383140.6274515614,6
3383311.731728781,4
3383482.836006001,4
3383653.9402832207,4
3383825.0445604404,5
3383996.14883766,7
3384167.25311488,5
3384338.3573920997,5
3384509.4616693193,7
3384680.5659465394,5
3384851.670223759,6
3385022.7745009786,6
3385193.8787781983,5
3385364.9830554184,6
3385536.087332638,6
3385707.1916098576,6
3385878.2958870777,8
3386049.4001642973,8
3386220.504441517,8
3386391.6087187366,5
3386562.7129959567,5
3386733.8172731763,5
3386904.921550396,5
3387076.0258276155,4
3387247.1301048356,4
3387418.2343820552,4
3387589.338659275,4
3387760.4429364945,4
3387931.5472137146,4
3388102.651490934,4
3388273.755768154,5
3388444.8600453734,5
3388615.9643225935,5
3388787.068599813,5
3388958.172877033,6
3389129.277154253,6
3389300.3814314725,6
3389471.485708692,6
3389642.5899859117,5
3389813.694263132,4
3389984.7985403514,5
3390155.902817571,5
3390327.0070947907,5
3390498.111372011,6
3390669.2156492304,7
3390840.31992645,6
3391011.4242036697,6
3391182.5284808897,5
3391353.6327581094,5
3391524.737035329,5
3391695.841312549,5
3391866.9455897687,5
3392038.0498669883,5
3392209.154144208,5
3392380.258421428,5
3392551.3626986477,5
3392722.4669758673,5
3392893.571253087,4
3393064.675530307,4
3393235.7798075266,5
3393406.8840847462,5
3393577.988361966,5
3393749.092639186,5
3393920.1969164056,6
3394091.301193625,6
3394262.4054708453,6
3394433.509748065,6
3394604.6140252845,6
3394775.718302504,6
3394946.8225797242,6
3395117.926856944,6
3395289.0311341635,6
3395460.135411383,5
3395631.239688603,7
3395802.343965823,5
3395973.4482430425,4
3396144.552520262,4
3396315.656797482,4
3396486.761074702,5
3396657.8653519214,4
3396828.9696291415,5
3397000.073906361,6
3397171.1781835807,5
3397342.2824608004,5
3397513.3867380205,5
3397684.49101524,6
3397855.5952924597,4
3398026.69956968,4
3398197.8038468994,5
3398368.908124119,7
3398540.0124013387,6
3398711.1166785588,6
3398882.2209557784,6
3399053.325232998,6
3399224.4295102176,5
3399395.5337874377,5
3399566.6380646573,5
3399737.742341877,5
3399908.8466190966,5
3400079.9508963167,6
3400251.0551735363,5
3400422.159450756,5
3400593.263727976,4
3400764.3680051956,4
3400935.4722824153,4
3401106.576559635,4
3401277.6808368545,4
3401448.7851140746,5
3401619.889391294,4
3401790.9936685143,5
3401962.097945734,5
3402133.2022229536,4
3402304.306500173,4
3402475.410777393,4
3402646.515054613,4
3402817.6193318325,4
3402988.723609052,4
3403159.8278862718,6
3403330.932163492,5
3403502.0364407115,6
3403673.140717931,5
3403844.244995151,5
3404015.349272371,5
3404186.4535495904,5
3404357.5578268105,5
3404528.66210403,5
3404699.7663812498,5
3404870.8706584694,5
3405041.974935689,5
3405213.079212909,5
3405384.1834901287,5
3405555.2877673483,5
3405726.3920445684,5
3405897.496321788,5
3406068.6005990077,5
3406239.7048762273,5
3406410.809153447,5
3406581.913430667,5
3406753.0177078866,5
3406924.1219851063,5
3407095.2262623264,5
3407266.330539546,5
3407437.4348167656,5
3407608.539093985,5
3407779.6433712053,5
3407950.747648425,6
3408121.8519256446,6
3408292.9562028646,6
3408464.0604800843,6
3408635.164757304,6
3408806.2690345235,6
3408977.3733117436,6
3409148.477588963,5
3409319.581866183,6
3409490.6861434025,6
3409661.7904206226,5
3409832.894697842,5
3410003.998975062,4
3410175.103252282,4
3410346.2075295015,5
3410517.311806721,4
3410688.416083941,4
3410859.520361161,4
3411030.6246383805,5
3411201.7289156,4
3411372.8331928197,5
3411543.9374700394,5
3411715.0417472594,5
3411886.146024479,5
3412057.250301699,5
3412228.354578919,5
3412399.4588561384,4
3412570.563133358,4
3412741.6674105776,4
3412912.7716877977,4
3413083.8759650174,4
3413254.980242237,4
3413426.0845194566,4
3413597.1887966767,4
3413768.2930738963,4
3413939.397351116,4
3414110.501628336,5
3414281.6059055557,4
3414452.7101827753,5
3414623.814459995,5
3414794.918737215,6
3414966.0230144346,6
3415137.1272916542,6
3415308.231568874,6
3415479.335846094,6
3415650.4401233136,6
3415821.544400533,7
3415992.6486777533,6
3416163.752954973,7
3416334.8572321925,7
3416505.961509412,7
3416677.0657866322,7
3416848.170063852,7
3417019.2743410715,7
3417190.378618291,6
3417361.482895511,5
3417532.587172731,5
3417703.6914499504,5
3417874.79572717,5
3418045.90000439,4
3418217.00428161,4
3418388.1085588294,4
3418559.2128360495,4
3418730.317113269,4
3418901.4213904887,4
3419072.5256677084,4
3419243.6299449285,4
3419414.734222148,4
3419585.8384993677,4
3419756.9427765873,4
3419928.0470538074,4
3420099.151331027,4
3420270.2556082467,4
3420441.3598854668,4
3420612.4641626864,4
3420783.568439906,4
3420954.6727171256,4
3421125.7769943457,4
3421296.8812715653,4
3421467.985548785,4
3421639.0898260046,4
3421810.194103224,4
3421981.2983804443,4
3422152.402657664,4
3422323.506934884,3
3422494.6112121036,4
3422665.7154893233,4
3422836.819766543,4
3423007.924043763,3
3423179.0283209826,3
3423350.132598202,4
3423521.236875422,4
3423692.341152642,5
3423863.4454298615,5
3424034.549707081,5
3424205.653984301,5
3424376.758261521,5
3424547.8625387405,4
3424718.96681596,4
3424890.07109318,4
3425061.1753704,4
3425232.2796476195,4
3425403.383924839,4
3425574.4882020587,4
3425745.592479279,4
3425916.6967564984,4
3426087.8010337185,4
3426258.905310938,4
3426430.0095881578,5
3426601.1138653774,5
3426772.218142597,5
3426943.322419817,5
3427114.4266970367,5
3427285.5309742563,5
3427456.635251476,5
3427627.739528696,5
3427798.8438059157,5
3427969.9480831353,5
3428141.052360355,4
3428312.156637575,4
3428483.2609147946,5
3428654.3651920143,5
3428825.4694692343,5
3428996.573746454,4
3429167.6780236736,4
3429338.782300893,5
3429509.8865781133,5
3429680.990855333,5
3429852.0951325526,5
3430023.1994097726,5
3430194.3036869923,5
3430365.407964212,4
3430536.5122414315,4
3430707.6165186516,4
3430878.720795871,4
3431049.825073091,4
3431220.929350311,4
3431392.0336275306,4
3431563.13790475,4
3431734.24218197,4
3431905.3464591894,4
3432076.4507364095,4
3432247.555013629,5
3432418.6592908488,5
3432589.763568069,5
3432760.8678452885,4
3432931.972122508,4
3433103.0763997277,3
3433274.180676948,4
3433445.2849541674,5
3433616.389231387,6
3433787.4935086067,6
3433958.597785827,6
3434129.7020630464,5
3434300.806340266,5
3434471.9106174856,5
3434643.0148947057,6
3434814.1191719254,5
3434985.223449145,5
3435156.327726365,5
3435327.4320035847,5
3435498.5362808043,6
3435669.640558024,6
3435840.744835244,5
3436011.8491124636,5
3436182.9533896833,6
3436354.057666903,5
3436525.161944123,4
3436696.2662213426,4
3436867.370498562,4
3437038.474775782,5
3437209.579053002,5
3437380.6833302216,5
3437551.787607441,5
3437722.8918846613,4
3437893.996161881,4
3438065.1004391005,4
3438236.20471632,4
3438407.3089935402,5
3438578.41327076,5
3438749.5175479795,5
3438920.621825199,5
3439091.726102419,7
3439262.830379639,5
3439433.9346568584,5
3439605.038934078,6
3439776.143211298,4
3439947.247488518,4
3440118.3517657374,5
3440289.4560429575,6
3440460.560320177,6
3440631.6645973967,6
3440802.7688746164,6
3440973.873151836,5
3441144.977429056,5
3441316.0817062757,5
3441487.1859834953,6
3441658.2902607154,5
3441829.394537935,5
3442000.4988151547,4
3442171.6030923743,4
3442342.7073695944,4
3442513.811646814,5
3442684.9159240336,4
3442856.0202012537,4
3443027.1244784733,4
3443198.228755693,4
3443369.3330329126,4
3443540.4373101327,4
3443711.5415873523,3
3443882.645864572,3
3444053.7501417915,3
3444224.8544190116,3
3444395.9586962312,3
3444567.062973451,3
3444738.167250671,4
3444909.2715278906,4
3445080.37580511,4
3445251.48008233,4
3445422.58435955,4
3445593.6886367695,4
3445764.792913989,4
3445935.897191209,4
3446107.0014684284,4
3446278.1057456485,4
3446449.210022868,4
3446620.314300088,4
3446791.418577308,4
3446962.5228545275,4
3447133.627131747,4
3447304.7314089667,4
3447475.835686187,4
3447646.9399634064,4
3447818.044240626,4
3447989.148517846,4
3448160.2527950658,4
3448331.3570722854,4
3448502.461349505,4
3448673.565626725,4
3448844.6699039447,4
3449015.7741811643,4
3449186.8784583844,4
3449357.982735604,4
3449529.0870128237,4
3449700.1912900433,4
3449871.2955672634,3
3450042.399844483,4
3450213.5041217026,4
3450384.6083989223,4
3450555.7126761423,4
3450726.816953362,4
3450897.9212305816,4
3451069.025507801,4
3451240.1297850213,4
3451411.234062241,4
3451582.3383394605,4
3451753.4426166806,4
3451924.5468939003,4
3452095.65117112,4
3452266.7554483395,4
3452437.859725559,4
3452608.964002779,4
3452780.068279999,4
3452951.1725572185,4
3453122.2768344386,4
3453293.381111658,4
3453464.485388878,4
3453635.5896660974,4
3453806.6939433175,4
3453977.798220537,4
3454148.9024977568,4
3454320.0067749764,5
3454491.1110521965,6
3454662.215329416,5
3454833.3196066357,5
3455004.4238838553,5
3455175.5281610754,5
3455346.632438295,5
3455517.7367155147,5
3455688.840992735,5
3455859.9452699544,5
3456031.049547174,5
3456202.1538243936,5
3456373.2581016137,5
3456544.3623788333,5
3456715.466656053,5
3456886.570933273,5
3457057.6752104927,5
3457228.7794877123,5
3457399.883764932,5
3457570.9880421516,5
3457742.0923193716,5
3457913.1965965913,5
3458084.300873811,5
3458255.405151031,5
3458426.5094282506,5
3458597.61370547,5
3458768.71798269,5
3458939.82225991,5
3459110.9265371296,5
3459282.030814349,5
3459453.1350915693,5
3459624.239368789,5
3459795.3436460085,5
3459966.447923228,5
3460137.5522004482,5
3460308.656477668,5
3460479.7607548875,5
3460650.865032107,5
3460821.969309327,5
3460993.073586547,4
3461164.1778637664,4
3461335.282140986,4
3461506.386418206,5
3461677.490695426,5
3461848.5949726454,5
3462019.6992498655,5
3462190.803527085,4
3462361.9078043047,5
3462533.0120815244,5
3462704.1163587444,5
3462875.220635964,5
3463046.3249131837,5
3463217.4291904033,5
3463388.5334676234,5
3463559.637744843,5
3463730.7420220627,5
3463901.8462992823,4
3464072.9505765024,4
3464244.054853722,4
3464415.1591309416,5
3464586.2634081617,5
3464757.3676853813,4
3464928.471962601,4
3465099.5762398206,4
3465270.6805170407,4
3465441.7847942603,4
3465612.88907148,4
3465783.9933486995,4
3465955.0976259196,4
3466126.2019031392,4
3466297.306180359,4
3466468.4104575785,4
3466639.5147347986,4
3466810.619012018,4
3466981.723289238,4
3467152.8275664574,5
3467323.9318436775,5
3467495.036120897,4
3467666.140398117,4
3467837.244675337,5
3468008.3489525565,5
3468179.453229776,5
3468350.557506996,5
3468521.661784216,5
3468692.7660614355,5
3468863.870338655,5
3469034.9746158747,5
3469206.078893095,5
3469377.1831703144,4
3469548.287447534,4
3469719.391724754,4
3469890.4960019737,4
3470061.6002791934,4
3470232.704556413,4
3470403.808833633,4
3470574.9131108527,4
3470746.0173880723,4
3470917.1216652924,4
3471088.225942512,4
3471259.3302197317,4
3471430.4344969513,5
3471601.538774171,5
3471772.643051391,5
3471943.7473286106,5
3472114.8516058302,5
3472285.9558830503,5
3472457.06016027,5
3472628.1644374896,5
3472799.268714709,5
3472970.3729919293,5
3473141.477269149,5
3473312.5815463685,5
3473483.685823588,5
3473654.7901008083,5
3473825.894378028,5
3473996.9986552475,5
3474168.102932467,5
3474339.207209687,5
3474510.311486907,5
3474681.415764127,6
3474852.5200413465,5
3475023.624318566,5
3475194.728595786,5
3475365.8328730054,6
3475536.9371502255,6
3475708.041427445,6
3475879.1457046648,6
3476050.249981885,5
3476221.3542591045,5
3476392.458536324,5
3476563.5628135437,5
3476734.6670907633,5
3476905.7713679834,5
3477076.875645203,5
3477247.979922423,5
3477419.0841996428,5
3477590.1884768624,5
3477761.292754082,5
3477932.3970313016,5
3478103.5013085217,5
3478274.6055857413,5
3478445.709862961,4
3478616.814140181,4
3478787.9184174007,4
3478959.0226946203,5
3479130.12697184,5
3479301.2312490596,5
3479472.3355262796,5
3479643.4398034993,5
3479814.544080719,5
3479985.648357939,4
3480156.7526351586,4
3480327.856912378,5
3480498.961189598,6
3480670.065466818,6
3480841.1697440376,6
3481012.274021257,8
3481183.3782984773,7
3481354.482575697,6
3481525.5868529165,6
3481696.691130136,6
3481867.7954073558,6
3482038.899684576,7
3482210.0039617955,7
3482381.1082390156,8
3482552.212516235,8
3482723.316793455,7
3482894.4210706744,7
3483065.525347894,7
3483236.629625114,7
3483407.733902334,7
3483578.8381795534,7
3483749.9424567735,6
3483921.046733993,6
3484092.1510112127,6
3484263.2552884324,6
3484434.3595656524,6
3484605.463842872,6
3484776.5681200917,6
3484947.6723973113,6
3485118.7766745314,6
3485289.880951751,6
3485460.9852289706,6
3485632.0895061903,6
3485803.1937834104,5
3485974.29806063,5
3486145.4023378496,6
3486316.5066150697,6
3486487.6108922893,7
3486658.715169509,7
3486829.8194467286,7
3487000.9237239487,7
3487172.0280011683,7
3487343.132278388,6
3487514.2365556075,6
3487685.3408328276,6
3487856.4451100472,7
3488027.549387267,5
3488198.6536644865,5
3488369.7579417066,5
3488540.862218926,5
3488711.966496146,5
3488883.070773366,4
3489054.1750505855,5
3489225.279327805,6
3489396.383605025,7
3489567.487882245,7
3489738.5921594645,7
3489909.696436684,7
3490080.800713904,8
3490251.904991124,7
3490423.0092683434,7
3490594.113545563,6
3490765.2178227827,6
3490936.322100003,7
3491107.4263772224,7
3491278.530654442,4
3491449.634931662,4
3491620.7392088817,4
3491791.8434861014,6
3491962.947763321,6
3492134.0520405406,6
3492305.1563177607,6
3492476.2605949803,6
3492647.3648722,6
3492818.46914942,5
3492989.5734266397,5
3493160.6777038593,5
3493331.7819810794,5
3493502.886258299,5
3493673.9905355186,5
3493845.0948127382,5
3494016.199089958,5
3494187.303367178,6
3494358.4076443976,5
3494529.511921617,5
3494700.6161988373,5
3494871.720476057,5
3495042.8247532765,5
3495213.9290304966,5
3495385.0333077163,5
3495556.137584936,5
3495727.2418621555,5
3495898.3461393756,5
3496069.450416595,5
3496240.554693815,5
3496411.6589710345,5
3496582.7632482545,5
3496753.867525474,5
3496924.971802694,5
3497096.0760799134,5
3497267.180357133,5
3497438.284634353,5
3497609.3889115728,5
3497780.4931887924,5
3497951.5974660125,5
3498122.701743232,5
3498293.8060204517,5
3498464.9102976713,5
3498636.0145748914,6
3498807.118852111,4
3498978.2231293307,4
3499149.3274065508,5
3499320.4316837704,5
3499491.53596099,5
3499662.6402382096,4
3499833.7445154297,5
3500004.8487926493,5
3500175.953069869,5
3500347.057347089,5
3500518.1616243087,5
3500689.2659015283,5
3500860.370178748,5
3501031.4744559675,5
3501202.5787331876,5
3501373.6830104073,5
3501544.7872876273,5
3501715.891564847,5
3501886.9958420666,5
3502058.100119286,5
3502229.204396506,5
3502400.308673726,5
3502571.4129509456,5
3502742.517228165,5
3502913.6215053853,4
3503084.725782605,5
3503255.8300598245,5
3503426.934337044,6
3503598.0386142638,4
3503769.142891484,3
3503940.2471687035,3
3504111.351445923,3
3504282.455723143,3
3504453.560000363,4
3504624.6642775824,3
3504795.768554802,4
3504966.872832022,4
3505137.9771092418,5
3505309.0813864614,3
3505480.1856636815,4
3505651.289940901,4
3505822.3942181207,5
3505993.4984953403,5
3506164.60277256,5
3506335.70704978,4
3506506.8113269997,5
3506677.9156042193,3
3506849.0198814394,4
3507020.124158659,5
3507191.2284358786,6
3507362.3327130983,6
3507533.4369903184,5
3507704.541267538,5
3507875.6455447576,5
3508046.7498219777,5
3508217.8540991973,5
3508388.958376417,6
3508560.0626536366,5
3508731.1669308566,6
3508902.2712080763,4
3509073.375485296,4
3509244.4797625155,6
3509415.5840397356,5
3509586.688316955,4
3509757.792594175,5
3509928.8968713945,5
3510100.0011486146,5
3510271.105425834,5
3510442.209703054,5
3510613.313980274,4
3510784.4182574935,4
3510955.522534713,4
3511126.626811933,4
3511297.7310891524,4
3511468.8353663725,4
3511639.939643592,4
3511811.0439208117,4
3511982.148198032,3
3512153.2524752514,3
3512324.356752471,3
3512495.4610296907,4
3512666.565306911,3
3512837.6695841304,4
3513008.77386135,4
3513179.8781385696,4
3513350.9824157897,4
3513522.0866930094,4
3513693.190970229,4
3513864.295247449,5
3514035.3995246687,7
3514206.5038018883,7
3514377.608079108,5
3514548.712356328,5
3514719.8166335477,5
3514890.9209107673,5
3515062.0251879874,5
3515233.129465207,5
3515404.2337424266,4
3515575.3380196462,5
3515746.4422968663,4
3515917.546574086,4
3516088.6508513056,5
3516259.755128525,5
3516430.859405745,5
3516601.963682965,5
3516773.0679601845,5
3516944.1722374046,5
3517115.2765146242,5
3517286.380791844,4
3517457.4850690635,4
3517628.589346283,4
3517799.693623503,5
3517970.797900723,6
3518141.9021779425,6
3518313.006455162,6
3518484.110732382,6
3518655.215009602,6
3518826.3192868214,6
3518997.423564041,6
3519168.527841261,6
3519339.6321184807,6
3519510.7363957004,6
3519681.8406729205,5
3519852.94495014,5
3520024.0492273597,4
3520195.15350458,4
3520366.2577817994,5
3520537.362059019,5
3520708.4663362387,5
3520879.5706134588,5
3521050.6748906784,5
3521221.779167898,6
3521392.8834451176,6
3521563.9877223377,6
3521735.0919995573,6
3521906.196276777,5
3522077.300553997,6
3522248.4048312167,6
3522419.5091084363,5
3522590.613385656,5
3522761.7176628755,4
3522932.8219400956,3
3523103.9262173153,3
3523275.030494535,3
3523446.134771755,3
3523617.2390489746,2
3523788.343326194,2
3523959.447603414,2
3524130.551880634,3
3524301.6561578535,3
3524472.760435073,3
3524643.8647122933,3
3524814.968989513,3
3524986.0732667325,3
3525157.177543952,3
3525328.2818211718,4
3525499.386098392,3
3525670.4903756115,3
3525841.594652831,3
3526012.698930051,3
3526183.803207271,3
3526354.9074844904,3
3526526.01176171,2
3526697.11603893,2
3526868.2203161498,2
3527039.3245933694,2
3527210.4288705895,2
3527381.533147809,2
3527552.6374250287,2
3527723.7417022483,2
3527894.845979468,3
3528065.950256688,2
3528237.0545339077,2
3528408.1588111273,2
3528579.2630883474,2
3528750.367365567,3
3528921.4716427866,2
3529092.5759200063,3
3529263.6801972263,4
3529434.784474446,3
3529605.8887516656,2
3529776.9930288857,2
3529948.0973061053,3
3530119.201583325,3
3530290.3058605446,3
3530461.4101377646,3
3530632.5144149843,2
3530803.618692204,2
3530974.7229694235,2
3531145.8272466436,3
3531316.931523863,3
3531488.035801083,3
3531659.1400783025,3
3531830.2443555226,3
3532001.348632742,3
3532172.452909962,3
3532343.557187182,2
3532514.6614644015,2
3532685.765741621,3
3532856.870018841,2
3533027.9742960604,2
3533199.0785732805,2
3533370.1828505,2
3533541.2871277197,2
3533712.39140494,2
3533883.4956821594,3
3534054.599959379,3
3534225.7042365987,3
3534396.808513819,3
3534567.9127910384,4
3534739.0170682585,4
3534910.121345478,4
3535081.2256226977,4
3535252.3298999174,4
3535423.434177137,4
3535594.5384543566,4
3535765.6427315767,4
3535936.7470087963,4
3536107.851286016,4
3536278.955563236,4
3536450.0598404557,3
3536621.1641176753,3
3536792.268394895,3
3536963.372672115,3
3537134.4769493346,3
3537305.5812265542,4
3537476.6855037743,4
3537647.789780994,4
3537818.8940582136,3
3537989.998335433,5
3538161.102612653,6
3538332.206889873,4
3538503.3111670925,4
3538674.4154443126,2
3538845.5197215322,3
3539016.623998752,3
3539187.7282759715,3
3539358.832553191,4
3539529.936830411,4
3539701.041107631,4
3539872.1453848504,4
3540043.2496620705,4
3540214.35393929,4
3540385.45821651,4
3540556.5624937294,4
3540727.666770949,4
3540898.771048169,3
3541069.8753253887,3
3541240.979602609,4
3541412.0838798285,4
3541583.188157048,4
3541754.2924342677,4
3541925.3967114873,3
3542096.5009887074,3
3542267.605265927,3
3542438.7095431467,2
3542609.8138203667,3
3542780.9180975864,3
3542952.022374806,4
3543123.1266520256,3
3543294.2309292452,3
3543465.3352064653,3
3543636.439483685,3
3543807.543760905,3
3543978.6480381247,3
3544149.7523153443,3
3544320.856592564,3
3544491.9608697835,3
3544663.0651470036,3
3544834.1694242232,4
3545005.273701443,6
3545176.377978663,4
3545347.4822558826,4
3545518.586533102,3
3545689.690810322,3
3545860.795087542,4
3546031.8993647615,4
3546203.003641981,3
3546374.1079192013,4
3546545.212196421,4
3546716.3164736405,6
3546887.42075086,4
3547058.5250280797,4
3547229.6293053,6
3547400.7335825195,4
3547571.837859739,4
3547742.942136959,4
3547914.046414179,4
3548085.1506913984,4
3548256.254968618,5
3548427.359245838,5
3548598.4635230578,5
3548769.5678002774,5
3548940.6720774975,5
3549111.776354717,5
3549282.8806319367,5
3549453.9849091563,4
3549625.089186376,4
3549796.193463596,4
3549967.2977408157,4
3550138.4020180353,4
3550309.5062952554,5
3550480.610572475,4
3550651.7148496946,4
3550822.8191269143,5
3550993.9234041343,4
3551165.027681354,5
3551336.1319585736,4
3551507.2362357937,4
3551678.3405130133,5
3551849.444790233,5
3552020.5490674525,6
3552191.653344672,4
3552362.7576218923,4
3552533.861899112,4
3552704.966176332,4
3552876.0704535516,4
3553047.174730771,3
3553218.279007991,3
3553389.3832852105,3
3553560.4875624306,3
3553731.59183965,3
3553902.69611687,3
3554073.80039409,3
3554244.9046713095,2
3554416.008948529,2
3554587.1132257488,3
3554758.2175029684,3
3554929.3217801885,3
3555100.426057408,3
3555271.5303346277,3
3555442.634611848,3
3555613.7388890674,3
3555784.843166287,4
3555955.9474435067,4
3556127.051720727,4
3556298.1559979464,5
3556469.260275166,3
3556640.364552386,3
3556811.4688296057,3
3556982.5731068254,3
3557153.677384045,3
3557324.7816612646,3
3557495.8859384847,3
3557666.9902157043,3
3557838.094492924,3
3558009.198770144,3
3558180.3030473636,3
3558351.4073245833,3
3558522.5116018034,3
3558693.615879023,3
3558864.7201562426,3
3559035.824433462,3
3559206.9287106823,3
3559378.032987902,3
3559549.1372651216,3
3559720.241542341,3
3559891.345819561,3
3560062.450096781,3
3560233.5543740005,3
3560404.65865122,3
3560575.7629284402,3
3560746.86720566,3
3560917.9714828795,3
3561089.075760099,3
3561260.180037319,3
3561431.284314539,3
3561602.3885917584,3
3561773.4928689785,3
3561944.597146198,3
3562115.701423418,3
3562286.8057006374,3
3562457.909977857,3
3562629.014255077,3
3562800.1185322967,3
3562971.222809517,3
3563142.3270867364,3
3563313.431363956,3
3563484.5356411757,3
3563655.6399183953,3
3563826.7441956154,3
3563997.848472835,3
3564168.9527500547,3
3564340.0570272743,3
3564511.1613044944,3
3564682.265581714,3
3564853.3698589336,3
3565024.4741361532,3
3565195.5784133733,3
3565366.682690593,4
3565537.786967813,3
3565708.8912450327,3
3565879.9955222523,3
3566051.099799472,4
3566222.2040766915,3
3566393.3083539116,3
3566564.4126311312,3
3566735.516908351,3
3566906.621185571,3
3567077.7254627906,3
3567248.82974001,5
3567419.93401723,3
3567591.0382944494,3
3567762.1425716695,3
3567933.246848889,3
3568104.3511261092,3
3568275.455403329,3
3568446.5596805485,3
3568617.663957768,3
3568788.7682349877,3
3568959.8725122074,3
3569130.9767894275,3
3569302.081066647,3
3569473.185343867,3
3569644.289621087,3
3569815.3938983064,3
3569986.498175526,3
3570157.6024527457,3
3570328.7067299658,3
3570499.8110071854,3
3570670.9152844055,3
3570842.019561625,3
3571013.1238388447,3
3571184.2281160643,3
3571355.332393284,3
3571526.436670504,3
3571697.5409477237,3
3571868.6452249433,3
3572039.7495021634,3
3572210.853779383,3
3572381.9580566026,3
3572553.0623338223,3
3572724.1666110423,3
3572895.270888262,3
3573066.3751654816,3
3573237.4794427017,3
3573408.5837199213,3
3573579.687997141,3
3573750.7922743605,3
3573921.89655158,3
3574093.0008288003,3
3574264.10510602,3
3574435.2093832395,3
3574606.3136604596,3
3574777.417937679,3
3574948.522214899,3
3575119.6264921185,3
3575290.7307693386,3
3575461.835046558,3
3575632.939323778,3
3575804.043600998,3
3575975.1478782175,3
3576146.252155437,3
3576317.3564326568,3
3576488.4607098764,3
3576659.5649870965,3
3576830.669264316,3
3577001.7735415357,3
3577172.877818756,3
3577343.9820959754,3
3577515.086373195,3
3577686.1906504147,3
3577857.2949276348,3
3578028.3992048544,3
3578199.5034820745,3
3578370.607759294,3
3578541.7120365137,5
3578712.8163137333,3
3578883.920590953,3
3579055.0248681726,3
3579226.1291453927,3
3579397.2334226123,3
3579568.337699832,3
3579739.441977052,3
3579910.5462542716,3
3580081.6505314913,3
3580252.754808711,3
3580423.859085931,3
3580594.9633631506,3
3580766.06764037,3
3580937.1719175903,3
3581108.27619481,3
3581279.3804720296,3
3581450.484749249,3
3581621.589026469,3
3581792.693303689,3
3581963.7975809085,3
3582134.901858128,3
3582306.006135348,3
3582477.110412568,3
3582648.2146897875,3
3582819.318967007,2
3582990.423244227,3
3583161.527521447,4
3583332.6317986664,4
3583503.7360758865,4
3583674.840353106,4
3583845.944630326,3
3584017.0489075454,4
3584188.153184765,4
3584359.257461985,4
3584530.3617392047,4
3584701.4660164244,3
3584872.5702936444,3
3585043.674570864,3
3585214.7788480837,3
3585385.8831253033,4
3585556.9874025234,4
3585728.091679743,4
3585899.1959569626,4
3586070.3002341827,3
3586241.4045114024,2
3586412.508788622,2
3586583.6130658416,2
3586754.717343061,2
3586925.8216202813,2
3587096.925897501,2
3587268.030174721,2
3587439.1344519407,2
3587610.2387291603,2
3587781.34300638,2
3587952.4472835995,2
3588123.5515608196,2
3588294.6558380392,3
3588465.760115259,3
3588636.864392479,3
3588807.9686696986,3
3588979.072946918,3
3589150.177224138,3
3589321.2815013574,4
3589492.385778577,4
3589663.490055797,4
3589834.594333017,5
3590005.698610237,3
3590176.8028874565,4
3590347.907164676,4
3590519.0114418957,4
3590690.115719116,4
3590861.2199963355,4
3591032.324273555,4
3591203.428550775,3
3591374.532827995,4
3591545.6371052144,3
3591716.741382434,3
3591887.8456596537,2
3592058.9499368737,3
3592230.0542140934,3
3592401.1584913135,3
3592572.262768533,3
3592743.3670457527,4
3592914.4713229723,4
3593085.575600192,4
3593256.679877412,4
3593427.7841546317,4
3593598.8884318513,3
3593769.9927090714,4
3593941.096986291,3
3594112.2012635106,3
3594283.3055407302,4
3594454.40981795,3
3594625.51409517,3
3594796.6183723896,3
3594967.7226496097,3
3595138.8269268293,3
3595309.931204049,3
3595481.0354812685,4
3595652.139758488,3
3595823.2440357083,3
3595994.348312928,4
3596165.4525901475,3
3596336.5568673676,3
3596507.661144587,3
3596678.765421807,3
3596849.8696990265,4
3597020.9739762465,4
3597192.078253466,4
3597363.182530686,4
3597534.286807906,4
3597705.3910851255,4
3597876.495362345,4
3598047.5996395648,4
3598218.7039167844,4
3598389.8081940045,4
3598560.912471224,4
3598732.016748444,4
3598903.121025664,4
3599074.2253028834,4
3599245.329580103,4
3599416.4338573227,4
3599587.5381345428,4
3599758.6424117624,4
3599929.746688982,4
3600100.850966202,4
3600271.9552434217,4
3600443.0595206413,4
3600614.163797861,4
3600785.2680750806,4
3600956.3723523007,4
3601127.4766295203,4
3601298.58090674,4
3601469.68518396,4
3601640.7894611796,4
3601811.8937383993,4
3601982.998015619,4
3602154.102292839,4
3602325.2065700586,4
3602496.310847278,4
3602667.4151244983,4
3602838.519401718,4
3603009.6236789376,4
3603180.727956157,5
3603351.8322333773,4
3603522.936510597,4
3603694.0407878165,4
3603865.145065036,4
3604036.249342256,4
3604207.353619476,5
3604378.4578966955,5
3604549.562173915,5
3604720.666451135,6
3604891.770728355,6
3605062.8750055744,6
3605233.9792827945,5
3605405.083560014,5
3605576.1878372338,6
3605747.2921144534,5
3605918.396391673,5
3606089.500668893,5
3606260.6049461127,5
3606431.7092233323,5
3606602.8135005524,5
3606773.917777772,5
3606945.0220549917,5
3607116.1263322113,5
3607287.2306094314,5
3607458.334886651,5
3607629.4391638706,5
3607800.5434410907,5
3607971.6477183104,5
3608142.75199553,5
3608313.8562727496,5
3608484.960549969,5
3608656.0648271893,5
3608827.169104409,5
3608998.2733816286,5
3609169.3776588487,5
3609340.4819360683,5
