Time,Occupancy
116.96883224485819,2
292.4220806121454,2
467.87532897943265,2
643.3285773467201,2
818.7818257140073,2
994.2350740812946,2
1169.688322448582,2
1345.141570815869,2
1520.5948191831565,2
1696.0480675504434,2
1871.5013159177306,2
2046.9545642850187,2
2222.4078126523054,2
2397.861061019593,2
2573.3143093868803,2
2748.767557754167,2
2924.2208061214546,2
3099.6740544887416,2
3275.127302856029,2
3450.5805512233164,2
3626.0337995906043,2
3801.4870479578913,2
3976.940296325178,2
4152.393544692465,2
4327.846793059753,2
4503.30004142704,2
4678.7532897943265,2
4854.206538161615,2
5029.659786528902,2
5205.113034896189,2
5380.566283263476,2
5556.0195316307645,2
5731.47277999805,2
5906.926028365338,2
6082.379276732626,2
6257.832525099912,2
6433.2857734672,2
6608.739021834487,2
6784.192270201775,2
6959.645518569063,2
7135.0987669363485,2
7310.552015303637,2
7486.005263670922,2
7661.458512038211,2
7836.911760405498,2
8012.365008772786,2
8187.818257140073,2
8363.27150550736,2
8538.724753874647,2
8714.178002241935,2
8889.631250609222,2
9065.084498976508,2
9240.537747343797,2
9415.990995711083,2
9591.444244078371,2
9766.897492445658,2
9942.350740812946,2
10117.803989180233,2
10293.257237547521,2
10468.710485914808,2
10644.163734282094,2
10819.616982649382,2
10995.070231016667,2
11170.523479383955,2
11345.976727751246,2
11521.42997611853,2
11696.88322448582,2
11872.336472853103,2
12047.789721220393,2
12223.24296958768,2
12398.696217954966,2
12574.149466322257,2
12749.602714689541,2
12925.055963056828,2
13100.509211424116,2
13275.962459791404,2
13451.41570815869,2
13626.868956525977,2
13802.322204893266,2
13977.775453260552,2
14153.228701627842,2
14328.681949995127,2
14504.135198362417,2
14679.588446729702,2
14855.041695096987,2
15030.494943464275,2
15205.948191831565,2
15381.401440198853,2
15556.854688566138,2
15732.307936933425,3
15907.761185300713,3
16083.214433668001,3
16258.667682035288,2
16434.120930402576,2
16609.574178769857,2
16785.02742713715,2
16960.480675504437,2
17135.933923871722,2
17311.38717223901,2
17486.8404206063,3
17662.29366897359,2
17837.746917340868,3
18013.20016570816,2
18188.65341407545,2
18364.106662442733,2
18539.559910810018,2
18715.01315917731,2
18890.466407544598,2
19065.919655911886,2
19241.37290427917,2
19416.82615264646,2
19592.279401013744,2
19767.732649381032,2
19943.185897748317,2
20118.63914611561,2
20294.092394482894,1
20469.545642850182,2
20644.998891217467,1
20820.452139584755,1
20995.905387952043,1
21171.35863631933,1
21346.81188468662,1
21522.265133053905,1
21697.718381421197,1
21873.17162978848,1
22048.624878155766,2
22224.07812652305,2
22399.531374890343,2
22574.984623257627,2
22750.437871624923,2
22925.8911199922,2
23101.34436835949,2
23276.797616726777,2
23452.25086509406,2
23627.704113461357,1
23803.157361828642,2
23978.610610195927,2
24154.06385856321,2
24329.517106930503,2
24504.970355297788,2
24680.423603665076,1
24855.876852032365,2
25031.33010039965,1
25206.783348766934,1
25382.236597134222,1
25557.689845501514,1
25733.1430938688,1
25908.596342236087,1
26084.049590603376,1
26259.50283897066,1
26434.95608733795,1
26610.40933570524,1
26785.862584072525,1
26961.31583243981,1
27136.7690808071,1
27312.22232917439,1
27487.67557754167,1
27663.12882590896,1
27838.58207427625,2
28014.035322643536,2
28189.48857101082,1
28364.94181937811,1
28540.3950677454,2
28715.848316112682,2
28891.30156447997,2
29066.75481284726,2
29242.208061214547,2
29417.661309581832,2
29593.11455794912,2
29768.567806316412,2
29944.02105468369,2
30119.47430305098,2
30294.927551418266,2
30470.38079978556,2
30645.834048152843,2
30821.28729652013,2
30996.740544887416,2
31172.1937932547,2
31347.647041621996,2
31523.10028998928,2
31698.553538356566,1
31874.006786723854,1
32049.460035091142,1
32224.913283458434,1
32400.36653182572,1
32575.819780193004,1
32751.27302856029,2
32926.726276927584,1
33102.179525294865,1
33277.632773662146,1
33453.08602202944,2
33628.53927039673,2
33803.99251876401,2
33979.4457671313,2
34154.89901549859,2
34330.352263865876,2
34505.805512233164,2
34681.25876060045,2
34856.71200896774,2
35032.16525733502,2
35207.61850570232,2
35383.0717540696,1
35558.52500243689,1
35733.97825080417,1
35909.431499171464,1
36084.88474753875,1
36260.33799590603,2
36435.79124427332,3
36611.24449264061,1
36786.6977410079,1
36962.15098937519,1
37137.60423774248,2
37313.05748610976,1
37488.510734477044,1
37663.96398284433,1
37839.41723121162,1
38014.87047957891,2
38190.323727946205,2
38365.776976313486,1
38541.23022468077,1
38716.683473048055,1
38892.136721415336,1
39067.58996978263,1
39243.04321814992,1
39418.49646651721,1
39593.949714884504,1
39769.402963251785,1
39944.856211619066,1
40120.309459986354,1
40295.762708353635,1
40471.21595672093,1
40646.66920508822,1
40822.122453455515,1
40997.575701822796,1
41173.028950190084,1
41348.482198557365,1
41523.93544692466,1
41699.38869529194,1
41874.84194365923,1
42050.29519202652,1
42225.748440393814,2
42401.20168876109,2
42576.654937128376,2
42752.10818549567,2
42927.561433862946,2
43103.01468223024,2
43278.46793059753,2
43453.92117896482,2
43629.3744273321,2
43804.82767569939,3
43980.28092406668,3
44155.734172433964,3
44331.18742080125,3
44506.64066916853,3
44682.09391753583,3
44857.54716590312,4
45033.0004142704,4
45208.45366263769,4
45383.90691100498,4
45559.36015937226,4
45734.81340773955,3
45910.26665610683,5
46085.71990447412,3
46261.17315284142,4
46436.6264012087,4
46612.07964957599,5
46787.53289794328,4
46962.98614631057,3
47138.43939467785,3
47313.892643045125,3
47489.34589141242,3
47664.799139779716,4
47840.252388147004,3
48015.705636514285,3
48191.15888488157,3
48366.61213324887,3
48542.065381616136,3
48717.51862998343,3
48892.97187835072,3
49068.42512671801,3
49243.878375085296,4
49419.331623452585,4
49594.784871819866,4
49770.23812018715,4
49945.691368554435,4
50121.14461692173,3
50296.597865289026,3
50472.05111365631,3
50647.5043620236,3
50822.95761039088,3
50998.410858758165,3
51173.864107125446,3
51349.317355492734,3
51524.77060386003,3
51700.22385222731,4
51875.67710059461,4
52051.13034896189,4
52226.58359732918,4
52402.036845696464,4
52577.49009406375,2
52752.943342431034,2
52928.39659079833,2
53103.84983916562,2
53279.3030875329,2
53454.75633590019,2
53630.20958426748,2
53805.66283263476,3
53981.11608100205,2
54156.56932936933,3
54332.02257773663,2
54507.47582610392,3
54682.9290744712,3
54858.382322838486,3
55033.835571205775,3
55209.28881957306,2
55384.74206794035,2
55560.19531630764,3
55735.64856467492,3
55911.101813042216,3
56086.555061409505,3
56262.0083097768,3
56437.46155814408,3
56612.91480651137,3
56788.36805487865,3
56963.821303245924,2
57139.27455161322,3
57314.72779998051,3
57490.181048347804,2
57665.634296715085,3
57841.08754508237,3
58016.54079344966,3
58191.994041816935,3
58367.44729018423,3
58542.90053855153,3
58718.35378691881,2
58893.807035286096,2
59069.26028365338,3
59244.71353202067,2
59420.166780387946,2
59595.620028755235,2
59771.07327712253,4
59946.526525489826,2
60121.97977385711,2
60297.4330222244,2
60472.886270591676,2
60648.339518958965,2
60823.79276732625,2
60999.246015693534,3
61174.69926406082,2
61350.152512428125,3
61525.60576079541,3
61701.059009162695,3
61876.51225752998,3
62051.965505897264,2
62227.41875426455,2
62402.87200263183,3
62578.32525099912,3
62753.778499366425,2
62929.2317477337,3
63104.68499610099,2
63280.13824446828,3
63455.59149283556,1
63631.04474120285,1
63806.49798957014,1
63981.95123793742,1
64157.40448630472,1
64332.857734672005,0
64508.310983039286,2
64683.764231406574,2
64859.21747977387,2
65034.67072814115,1
65210.12397650844,3
65385.57722487572,2
65561.03047324301,3
65736.4837216103,3
65911.93696997759,4
66087.39021834487,3
66262.84346671216,2
66438.29671507943,2
66613.74996344674,4
66789.20321181402,3
66964.65646018133,2
67140.1097085486,1
67315.56295691588,1
67491.01620528317,1
67666.46945365045,1
67841.92270201775,1
68017.37595038503,1
68192.82919875233,2
68368.28244711959,2
68543.73569548689,2
68719.18894385418,3
68894.64219222146,5
69070.09544058876,5
69245.54868895604,2
69421.00193732334,1
69596.45518569062,2
69771.9084340579,2
69947.3616824252,2
70122.81493079248,2
70298.26817915977,2
70473.72142752705,2
70649.17467589435,2
70824.62792426161,2
71000.08117262891,2
71175.5344209962,2
71350.98766936349,2
71526.44091773077,3
71701.89416609806,3
71877.34741446536,3
72052.80066283264,3
72228.25391119992,3
72403.70715956723,3
72579.1604079345,3
72754.6136563018,3
72930.06690466907,4
73105.52015303637,3
73280.97340140365,3
73456.42664977093,4
73631.87989813823,3
73807.33314650551,3
73982.7863948728,3
74158.23964324009,3
74333.69289160737,3
74509.14613997466,3
74684.59938834193,3
74860.05263670924,3
75035.50588507652,2
75210.95913344383,2
75386.4123818111,2
75561.86563017839,4
75737.31887854567,2
75912.77212691295,2
76088.22537528025,2
76263.67862364753,2
76439.13187201483,2
76614.58512038211,2
76790.0383687494,2
76965.49161711668,2
77140.94486548398,3
77316.39811385126,2
77491.85136221854,4
77667.30461058584,2
77842.75785895312,2
78018.21110732041,2
78193.6643556877,2
78369.11760405498,2
78544.57085242227,2
78720.02410078955,2
78895.47734915685,2
79070.93059752412,2
79246.38384589143,2
79421.8370942587,3
79597.29034262599,2
79772.74359099327,2
79948.19683936056,2
80123.65008772786,2
80299.10333609514,2
80474.55658446244,2
80650.00983282973,2
80825.463081197,2
81000.9163295643,2
81176.36957793157,2
81351.82282629887,2
81527.27607466615,2
81702.72932303345,2
81878.18257140073,1
82053.63581976801,1
82229.0890681353,1
82404.54231650259,2
82579.99556486987,1
82755.44881323716,1
82930.90206160446,2
83106.35530997174,2
83281.80855833902,3
83457.26180670633,3
83632.7150550736,3
83808.16830344089,3
83983.62155180817,3
84159.07480017548,3
84334.52804854275,3
84509.98129691003,3
84685.43454527733,3
84860.88779364461,3
85036.3410420119,3
85211.79429037918,3
85387.24753874648,3
85562.70078711376,3
85738.15403548104,3
85913.60728384834,3
86089.06053221562,3
86264.51378058291,3
86439.9670289502,3
86615.42027731749,3
86790.87352568477,3
86966.32677405205,3
87141.78002241935,3
87317.23327078662,3
87492.68651915393,3
87668.1397675212,3
87843.59301588849,3
88019.04626425578,3
88194.49951262306,3
88369.95276099037,3
88545.40600935764,3
88720.85925772494,3
88896.31250609223,3
89071.7657544595,3
89247.2190028268,3
89422.67225119408,3
89598.12549956137,3
89773.57874792865,3
89949.03199629596,3
90124.48524466324,3
90299.93849303052,3
90475.39174139779,3
90650.84498976507,3
90826.29823813238,3
91001.75148649966,3
91177.20473486696,3
91352.65798323424,3
91528.11123160152,3
91703.56447996883,3
91879.0177283361,3
92054.4709767034,3
92229.92422507069,3
92405.37747343797,4
92580.83072180524,4
92756.28397017252,3
92931.73721853984,3
93107.19046690712,3
93282.64371527439,3
93458.09696364168,3
93633.55021200898,3
93809.00346037628,3
93984.45670874353,3
94159.90995711084,3
94335.36320547812,3
94510.81645384539,3
94686.2697022127,3
94861.72295058,4
95037.17619894727,4
95212.62944731457,4
95388.08269568183,4
95563.53594404912,4
95738.98919241644,4
95914.44244078369,3
96089.895689151,3
96265.34893751828,3
96440.80218588556,3
96616.25543425287,3
96791.70868262014,3
96967.16193098744,3
97142.61517935473,3
97318.068427722,3
97493.5216760893,2
97668.97492445658,3
97844.42817282387,3
98019.88142119117,3
98195.33466955843,2
98370.78791792573,2
98546.24116629302,2
98721.69441466029,2
98897.1476630276,2
99072.60091139488,2
99248.05415976216,2
99423.50740812946,2
99598.96065649674,2
99774.41390486405,3
99949.86715323133,3
100125.3204015986,3
100300.7736499659,3
100476.22689833316,3
100651.68014670047,3
100827.13339506775,3
101002.58664343503,3
101178.03989180233,3
101353.49314016961,3
101528.94638853689,3
101704.3996369042,3
101879.85288527148,2
102055.30613363878,3
102230.75938200606,3
102406.21263037334,3
102581.66587874062,3
102757.11912710793,3
102932.5723754752,3
103108.02562384248,2
103283.47887220977,2
103458.93212057707,2
103634.38536894435,2
103809.83861731165,2
103985.29186567893,3
104160.74511404619,3
104336.1983624135,3
104511.65161078078,3
104687.10485914806,3
104862.55810751538,2
105038.01135588264,2
105213.46460424994,2
105388.91785261723,2
105564.37110098453,3
105739.8243493518,2
105915.27759771908,2
106090.73084608637,2
106266.18409445364,2
106441.63734282096,2
106617.09059118824,2
106792.54383955552,2
106967.99708792279,2
107143.4503362901,3
107318.90358465738,3
107494.35683302466,3
107669.81008139196,3
107845.26332975924,3
108020.71657812654,2
108196.16982649383,3
108371.62307486113,3
108547.0763232284,4
108722.52957159569,3
108897.98281996297,3
109073.43606833024,2
109248.88931669756,3
109424.34256506484,3
109599.79581343212,3
109775.24906179939,3
109950.70231016669,4
110126.15555853398,4
110301.60880690128,4
110477.06205526856,4
110652.51530363584,4
110827.96855200312,4
111003.42180037043,4
111178.8750487377,3
111354.328297105,3
111529.78154547226,3
111705.23479383957,3
111880.68804220684,3
112056.14129057416,3
112231.59453894144,3
112407.04778730874,3
112582.501035676,3
112757.95428404328,3
112933.40753241057,3
113108.86078077785,3
113284.31402914516,3
113459.76727751244,3
113635.22052587973,3
113810.67377424698,3
113986.1270226143,3
114161.5802709816,3
114337.03351934887,3
114512.48676771615,3
114687.94001608346,3
114863.39326445073,3
115038.84651281804,3
115214.29976118529,3
115389.7530095526,3
115565.20625791988,3
115740.65950628716,3
115916.11275465446,3
116091.56600302176,3
116267.01925138904,3
116442.47249975633,3
116617.9257481236,3
116793.3789964909,3
116968.8322448582,3
117144.28549322547,3
117319.73874159275,3
117495.19198996006,3
117670.64523832733,3
117846.09848669462,3
118021.55173506189,3
118197.0049834292,3
118372.45823179648,3
118547.91148016375,3
118723.36472853106,3
118898.81797689835,3
119074.27122526565,3
119249.72447363293,3
119425.1777220002,3
119600.63097036748,2
119776.08421873474,3
119951.53746710207,3
120126.99071546935,3
120302.44396383665,2
120477.89721220393,2
120653.3504605712,2
120828.80370893849,1
121004.25695730578,1
121179.71020567307,1
121355.16345404035,1
121530.61670240766,2
121706.06995077494,1
121881.52319914223,2
122056.97644750953,3
122232.4296958768,3
122407.88294424408,3
122583.33619261134,3
122758.78944097867,3
122934.24268934596,3
123109.69593771324,2
123285.14918608053,2
123460.60243444779,2
123636.0556828151,2
123811.50893118238,2
123986.96217954966,3
124162.41542791696,2
124337.86867628426,2
124513.32192465154,3
124688.77517301883,2
124864.22842138613,3
125039.6816697534,3
125215.13491812069,2
125390.58816648796,2
125566.04141485525,2
125741.49466322256,2
125916.94791158984,3
126092.40115995712,3
126267.85440832439,3
126443.3076566917,3
126618.76090505898,3
126794.21415342625,3
126969.66740179356,3
127145.12065016085,3
127320.57389852815,3
127496.02714689543,3
127671.48039526274,3
127846.93364363,3
128022.38689199726,3
128197.84014036455,3
128373.29338873185,3
128548.74663709915,3
128724.19988546644,3
128899.65313383374,3
129075.10638220099,3
129250.55963056828,3
129426.01287893557,3
129601.46612730285,3
129776.91937567016,3
129952.37262403744,3
130127.82587240473,3
130303.27912077199,3
130478.7323691393,3
130654.1856175066,3
130829.63886587387,3
131005.09211424115,3
131180.54536260845,3
131355.99861097574,3
131531.45185934304,3
131706.9051077103,3
131882.3583560776,3
132057.8116044449,3
132233.26485281214,3
132408.71810117946,3
132584.17134954676,3
132759.62459791405,3
132935.07784628132,3
133110.53109464858,3
133285.9843430159,3
133461.43759138318,4
133636.89083975047,4
133812.34408811777,3
133987.79733648506,3
134163.25058485233,3
134338.70383321962,3
134514.15708158692,3
134689.6103299542,3
134865.06357832148,3
135040.51682668878,3
135215.97007505604,3
135391.42332342337,3
135566.87657179064,3
135742.32982015793,4
135917.7830685252,4
136093.2363168925,4
136268.68956525982,5
136444.14281362706,4
136619.59606199435,4
136795.04931036165,4
136970.50255872894,4
137145.95580709618,4
137321.4090554635,4
137496.8623038308,4
137672.31555219807,4
137847.76880056536,4
138023.22204893266,4
138198.67529729995,4
138374.12854566722,4
138549.58179403454,4
138725.0350424018,4
138900.48829076908,4
139075.94153913634,4
139251.39478750367,3
139426.84803587096,3
139602.30128423823,3
139777.75453260553,2
139953.20778097282,2
140128.6610293401,2
140304.11427770738,3
140479.56752607468,3
140655.02077444195,4
140830.47402280927,4
141005.92727117654,4
141181.38051954386,4
141356.8337679111,3
141532.2870162784,3
141707.7402646457,4
141883.19351301302,4
142058.64676138025,4
142234.10000974755,4
142409.55325811484,3
142585.0065064821,4
142760.4597548494,4
142935.9130032167,4
143111.366251584,4
143286.81949995126,4
143462.27274831856,4
143637.72599668585,4
143813.17924505312,3
143988.63249342042,3
144164.08574178768,3
144339.538990155,4
144514.99223852227,4
144690.44548688954,4
144865.89873525687,4
145041.35198362413,5
145216.80523199146,5
145392.25848035872,5
145567.71172872602,5
145743.16497709329,5
145918.61822546055,5
146094.07147382788,5
146269.52472219514,5
146444.97797056244,5
146620.43121892973,5
146795.88446729706,5
146971.3377156643,4
147146.7909640316,4
147322.24421239892,4
147497.69746076615,4
147673.15070913345,4
147848.60395750075,4
148024.05720586804,4
148199.5104542353,3
148374.9637026026,3
148550.4169509699,3
148725.87019933714,5
148901.32344770446,4
149076.77669607176,4
149252.22994443905,4
149427.68319280632,4
149603.13644117358,4
149778.5896895409,4
149954.04293790818,4
150129.49618627547,4
150304.94943464277,3
150480.40268301006,3
150655.85593137733,3
150831.30917974462,3
151006.76242811192,3
151182.2156764792,4
151357.66892484648,3
151533.12217321378,3
151708.57542158107,3
151884.02866994837,4
152059.48191831564,4
152234.93516668293,4
152410.3884150502,4
152585.8416634175,4
152761.29491178482,4
152936.74816015206,4
153112.20140851935,3
153287.65465688665,3
153463.10790525394,2
153638.56115362118,1
153814.0144019885,2
153989.4676503558,2
154164.9208987231,2
154340.37414709036,2
154515.82739545766,2
154691.28064382495,2
154866.73389219222,2
155042.18714055954,2
155217.6403889268,2
155393.0936372941,2
155568.54688566134,2
155744.00013402867,2
155919.45338239596,2
156094.90663076323,2
156270.35987913053,2
156445.81312749782,2
156621.26637586512,3
156796.71962423238,2
156972.17287259968,2
157147.62612096698,2
157323.07936933427,2
157498.53261770154,3
157673.98586606883,3
157849.43911443613,4
158024.8923628034,4
158200.3456111707,3
158375.79885953802,4
158551.25210790525,3
158726.70535627255,3
158902.15860463984,3
159077.61185300714,3
159253.0651013744,3
159428.5183497417,2
159603.971598109,2
159779.42484647626,2
159954.87809484356,3
160130.33134321086,3
160305.78459157815,3
160481.23783994542,3
160656.69108831268,2
160832.14433668,3
161007.59758504728,3
161183.05083341454,3
161358.50408178187,3
161533.95733014913,3
161709.41057851646,3
161884.86382688372,3
162060.31707525102,2
162235.77032361832,2
162411.22357198555,2
162586.67682035288,2
162762.13006872014,2
162937.58331708744,2
163113.03656545473,2
163288.48981382206,2
163463.9430621893,2
163639.3963105566,2
163814.84955892392,2
163990.30280729118,2
164165.75605565845,2
164341.20930402575,2
164516.66255239304,2
164692.11580076028,2
164867.5690491276,2
165043.0222974949,2
165218.4755458622,2
165393.92879422946,2
165569.38204259676,2
165744.83529096405,2
165920.28853933132,2
166095.7417876986,2
166271.1950360659,2
166446.6482844332,2
166622.10153280047,2
166797.55478116777,4
166973.00802953506,4
167148.46127790233,5
167323.91452626965,5
167499.36777463692,2
167674.82102300422,2
167850.27427137148,2
168025.72751973878,2
168201.18076810607,4
168376.63401647337,2
168552.08726484064,2
168727.54051320793,2
168902.99376157526,2
169078.4470099425,2
169253.90025830982,2
169429.35350667711,2
169604.80675504435,2
169780.26000341165,2
169955.71325177894,2
170131.16650014624,2
170306.6197485135,2
170482.0729968808,2
170657.5262452481,2
170832.97949361536,2
171008.43274198266,2
171183.88599034995,2
171359.33923871725,2
171534.79248708455,2
171710.24573545178,2
171885.6989838191,2
172061.15223218634,2
172236.60548055367,2
172412.05872892097,2
172587.51197728823,2
172762.96522565553,2
172938.41847402282,2
173113.87172239012,2
173289.3249707574,2
173464.77821912468,2
173640.23146749198,2
173815.68471585927,2
173991.13796422654,2
174166.59121259383,2
174342.04446096113,2
174517.4977093284,2
174692.9509576957,2
174868.40420606302,2
175043.85745443028,2
175219.31070279755,2
175394.76395116484,2
175570.21719953214,2
175745.6704478994,2
175921.1236962667,2
176096.576944634,2
176272.0301930013,2
176447.48344136856,2
176622.93668973586,2
176798.38993810315,2
176973.84318647042,2
177149.29643483768,5
177324.749683205,2
177500.2029315723,2
177675.65617993954,2
177851.10942830687,2
178026.56267667413,2
178202.01592504146,2
178377.46917340872,2
178552.92242177602,2
178728.37567014332,2
178903.82891851058,2
179079.28216687788,2
179254.73541524514,2
179430.18866361247,2
179605.64191197976,2
179781.09516034703,2
179956.54840871433,2
180132.0016570816,2
180307.45490544892,2
180482.90815381613,2
180658.36140218345,2
180833.81465055075,2
181009.26789891804,2
181184.7211472853,3
181360.1743956526,3
181535.62764401987,3
181711.0808923872,3
181886.5341407545,3
182061.98738912176,2
182237.44063748905,2
182412.89388585638,2
182588.3471342236,3
182763.8003825909,3
182939.2536309582,3
183114.70687932547,3
183290.16012769283,3
183465.61337606006,1
183641.06662442733,1
183816.51987279466,1
183991.97312116192,2
184167.42636952922,1
184342.87961789648,1
184518.33286626375,1
184693.7861146311,1
184869.2393629984,1
185044.69261136567,1
185220.14585973293,1
185395.59910810023,1
185571.0523564675,3
185746.5056048348,3
185921.95885320212,3
186097.41210156932,3
186272.86534993665,3
186448.31859830394,3
186623.77184667124,3
186799.2250950385,3
186974.67834340577,3
187150.1315917731,3
187325.5848401404,3
187501.03808850766,3
187676.49133687493,3
187851.94458524228,2
188027.39783360952,2
188202.85108197678,2
188378.3043303441,2
188553.7575787114,2
188729.21082707867,2
188904.66407544602,2
189080.1173238133,2
189255.5705721805,2
189431.02382054785,2
189606.47706891512,2
189781.9303172824,2
189957.38356564968,2
190132.83681401695,2
190308.29006238424,2
190483.74331075157,2
190659.19655911886,2
190834.64980748613,2
191010.10305585343,2
191185.5563042207,2
191361.00955258802,2
191536.46280095528,2
191711.91604932255,2
191887.36929768985,2
192062.82254605714,2
192238.27579442447,1
192413.72904279173,2
192589.182291159,2
192764.6355395263,1
192940.0887878936,1
193115.54203626086,2
193290.99528462812,2
193466.44853299548,2
193641.90178136269,2
193817.35502973,2
193992.8082780973,2
194168.26152646454,2
194343.71477483187,2
194519.16802319922,2
194694.6212715665,2
194870.07451993373,2
195045.52776830105,2
195220.98101666832,2
195396.43426503558,2
195571.88751340288,2
195747.34076177015,2
195922.79401013747,2
196098.24725850477,2
196273.70050687203,2
196449.15375523933,2
196624.6070036066,2
196800.06025197392,2
196975.5135003412,2
197150.96674870845,2
197326.41999707575,2
197501.87324544304,2
197677.32649381034,2
197852.7797421776,2
198028.23299054487,2
198203.6862389122,2
198379.13948727946,2
198554.5927356468,2
198730.04598401405,2
198905.49923238132,2
199080.95248074865,2
199256.4057291159,2
199431.8589774832,2
199607.31222585047,2
199782.76547421774,2
199958.21872258504,2
200133.6719709524,2
200309.12521931966,2
200484.57846768686,2
200660.03171605425,2
200835.48496442148,2
201010.93821278878,2
201186.3914611561,2
201361.84470952337,2
201537.29795789067,2
201712.75120625796,2
201888.20445462523,2
202063.6577029925,2
202239.1109513598,2
202414.56419972712,2
202590.0174480944,2
202765.47069646165,2
202940.92394482892,3
203116.37719319624,2
203291.8304415635,2
203467.28368993077,2
203642.7369382981,2
203818.1901866654,2
203993.64343503266,2
204169.0966834,2
204344.54993176725,2
204520.0031801345,2
204695.45642850178,2
204870.9096768691,2
205046.3629252364,2
205221.81617360367,2
205397.26942197094,2
205572.72267033823,2
205748.17591870556,2
205923.62916707282,2
206099.0824154401,2
206274.53566380747,2
206449.98891217468,2
206625.442160542,2
206800.89540890924,2
206976.3486572765,2
207151.80190564386,1
207327.25515401113,1
207502.70840237843,1
207678.1616507457,1
207853.61489911302,1
208029.06814748028,1
208204.52139584755,1
208379.97464421485,1
208555.4278925821,1
208730.88114094947,1
208906.33438931673,1
209081.78763768397,2
209257.2408860513,2
209432.69413441856,2
209608.14738278586,2
209783.60063115315,2
209959.05387952048,1
210134.50712788766,2
210309.960376255,2
210485.4136246223,1
210660.8668729896,2
210836.32012135687,2
211011.77336972413,2
211187.22661809146,2
211362.67986645875,2
211538.13311482602,3
211713.5863631933,2
211889.03961156055,2
212064.49285992788,2
212239.9461082952,2
212415.39935666247,2
212590.85260502974,2
212766.30585339703,2
212941.75910176433,2
213117.2123501316,2
213292.66559849892,2
213468.11884686621,2
213643.57209523348,2
213819.02534360075,2
213994.47859196804,2
214169.9318403353,2
214345.3850887026,2
214520.83833706987,2
214696.2915854372,2
214871.7448338045,2
215047.19808217176,2
215222.65133053905,2
215398.10457890638,2
215573.5578272736,2
215749.0110756409,2
215924.4643240082,2
216099.9175723755,2
216275.3708207428,2
216450.82406911007,2
216626.27731747733,2
216801.73056584466,2
216977.18381421192,2
217152.63706257922,2
217328.09031094649,3
217503.54355931375,2
217678.9968076811,2
217854.4500560484,2
218029.90330441567,2
218205.35655278293,2
218380.80980115023,2
218556.26304951753,2
218731.7162978848,2
218907.16954625212,2
219082.62279461932,2
219258.07604298665,2
219433.52929135395,2
219608.98253972124,2
219784.4357880885,2
219959.88903645577,2
220135.3422848231,2
220310.7955331904,2
220486.24878155766,2
220661.70202992496,3
220837.15527829225,2
221012.60852665952,2
221188.06177502678,2
221363.5150233941,2
221538.9682717614,2
221714.42152012867,2
221889.87476849603,2
222065.3280168633,2
222240.78126523056,2
222416.23451359785,2
222591.68776196512,2
222767.1410103324,2
222942.59425869968,2
223118.04750706695,2
223293.50075543424,2
223468.9540038016,2
223644.40725216886,2
223819.86050053613,2
223995.31374890343,2
224170.7669972707,2
224346.22024563802,2
224521.67349400528,2
224697.12674237255,2
224872.57999073985,2
225048.03323910714,2
225223.48648747447,2
225398.9397358417,2
225574.39298420897,2
225749.8462325763,2
225925.2994809436,2
226100.7527293109,2
226276.2059776781,2
226451.65922604548,2
226627.1124744127,2
226802.56572278,2
226978.0189711473,2
227153.4722195146,2
227328.92546788193,2
227504.37871624922,2
227679.8319646165,2
227855.2852129837,2
228030.73846135105,2
228206.1917097183,2
228381.64495808558,2
228557.09820645288,2
228732.55145482015,2
228908.0047031875,2
229083.45795155477,2
229258.91119992203,2
229434.3644482893,2
229609.81769665665,3
229785.27094502392,3
229960.72419339122,3
230136.1774417585,3
230311.6306901257,3
230487.08393849304,3
230662.53718686034,3
230837.99043522766,3
231013.44368359487,3
231188.8969319622,3
231364.3501803295,3
231539.8034286968,3
231715.2566770641,2
231890.7099254313,3
232066.16317379865,3
232241.6164221659,3
232417.0696705332,3
232592.5229189005,2
232767.97616726774,3
232943.42941563512,3
233118.8826640024,3
233294.3359123697,3
233469.78916073692,3
233645.24240910425,3
233820.6956574715,3
233996.14890583878,3
234171.6021542061,3
234347.05540257337,3
234522.5086509407,3
234697.96189930796,3
234873.41514767523,3
235048.8683960425,3
235224.3216444098,3
235399.77489277712,2
235575.2281411444,2
235750.6813895117,2
235926.13463787892,2
236101.58788624624,2
236277.04113461357,2
236452.49438298077,2
236627.9476313481,2
236803.4008797154,2
236978.8541280827,2
237154.30737645,2
237329.76062481725,2
237505.2138731845,2
237680.66712155179,2
237856.1203699191,2
238031.5736182864,2
238207.0268666537,2
238382.48011502094,2
238557.93336338823,2
238733.3866117556,2
238908.83986012285,2
239084.29310849012,2
239259.74635685747,2
239435.19960522468,2
239610.65285359198,2
239786.1061019593,2
239961.55935032657,2
240137.01259869387,1
240312.46584706113,1
240487.91909542843,1
240663.3723437957,1
240838.82559216302,1
241014.2788405303,1
241189.7320888976,1
241365.18533726485,1
241540.6385856321,1
241716.09183399944,1
241891.54508236676,1
242066.99833073397,1
242242.4515791013,1
242417.9048274686,2
242593.35807583586,2
242768.81132420315,1
242944.26457257048,1
243119.7178209377,2
243295.171069305,3
243470.6243176723,2
243646.0775660396,2
243821.53081440693,2
243996.98406277414,2
244172.43731114143,2
244347.89055950879,2
244523.34380787602,2
244698.7970562433,2
244874.25030461058,2
245049.70355297788,2
245225.1568013452,2
245400.6100497125,1
245576.06329807977,1
245751.51654644703,2
245926.96979481433,1
246102.4230431816,1
246277.87629154892,1
246453.32953991622,1
246628.7827882835,1
246804.23603665078,1
246979.68928501804,1
247155.1425333853,1
247330.59578175267,1
247506.04903011987,1
247681.5022784872,1
247856.9555268545,1
248032.4087752218,1
248207.86202358906,1
248383.31527195638,1
248558.76852032365,1
248734.22176869088,1
248909.6750170582,1
249085.1282654255,1
249260.5815137928,2
249436.03476216012,2
249611.48801052733,2
249786.94125889466,2
249962.39450726192,2
250137.84775562922,1
250313.3010039965,1
250488.75425236378,1
250664.2075007311,1
250839.6607490984,1
251015.1139974657,1
251190.56724583288,1
251366.02049420023,1
251541.47374256753,1
251716.9269909348,1
251892.38023930212,1
252067.83348766933,1
252243.2867360367,1
252418.73998440395,1
252594.19323277124,1
252769.6464811385,1
252945.09972950586,1
253120.5529778731,1
253296.0062262404,2
253471.4594746077,1
253646.91272297496,1
253822.36597134225,2
253997.81921970952,2
254173.27246807684,2
254348.7257164441,2
254524.1789648114,2
254699.6322131787,2
254875.08546154603,2
255050.5387099133,2
255225.99195828056,2
255401.44520664786,2
255576.89845501512,2
255752.3517033824,2
255927.80495174968,2
256103.25820011695,2
256278.7114484843,2
256454.1646968516,2
256629.61794521887,2
256805.0711935861,2
256980.52444195343,2
257155.9776903207,2
257331.43093868802,2
257506.88418705532,2
257682.33743542255,2
257857.79068378985,2
258033.24393215714,2
258208.69718052444,2
258384.1504288917,2
258559.60367725897,2
258735.0569256263,2
258910.5101739936,2
259085.9634223609,2
259261.4166707281,2
259436.86991909548,2
259612.32316746275,2
259787.77641583,2
259963.2296641973,2
260138.6829125646,2
260314.13616093193,2
260489.58940929922,2
260665.0426576665,2
260840.49590603376,2
261015.94915440105,2
261191.4024027683,1
261366.8556511356,2
261542.30889950288,1
261717.76214787015,2
261893.2153962375,2
262068.6686446048,2
262244.12189297203,2
262419.5751413393,2
262595.0283897066,2
262770.4816380739,2
262945.9348864412,2
263121.38813480845,2
263296.8413831757,2
263472.29463154305,2
263647.74787991034,2
263823.20112827764,2
263998.6543766449,2
264174.10762501217,2
264349.56087337947,2
264525.0141217468,2
264700.4673701141,2
264875.9206184813,2
265051.37386684865,2
265226.82711521594,2
265402.28036358324,2
265577.73361195053,2
265753.18686031783,2
265928.6401086851,2
266104.09335705236,2
266279.54660541966,2
266454.9998537869,2
266630.45310215425,2
266805.9063505215,2
266981.3595988888,2
267156.8128472561,2
267332.2660956234,2
267507.7193439907,2
267683.172592358,2
267858.6258407253,2
268034.0790890925,2
268209.5323374598,2
268384.9855858271,2
268560.4388341944,2
268735.89208256174,2
268911.345330929,2
269086.7985792963,2
269262.2518276635,2
269437.7050760308,2
269613.1583243981,2
269788.6115727654,2
269964.0648211327,2
270139.51806950005,2
270314.9713178673,2
270490.4245662345,2
270665.8778146018,2
270841.3310629691,2
271016.7843113364,2
271192.2375597037,2
271367.690808071,2
271543.1440564383,2
271718.59730480553,2
271894.0505531728,2
272069.5038015401,2
272244.95704990736,2
272420.4102982747,2
272595.863546642,2
272771.3167950093,2
272946.7700433765,2
273122.2232917439,2
273297.67654011113,2
273473.12978847837,2
273648.5830368457,2
273824.036285213,2
273999.4895335803,2
274174.94278194755,3
274350.39603031485,2
274525.8492786821,2
274701.30252704944,2
274876.75577541674,2
275052.2090237841,3
275227.66227215127,3
275403.11552051856,2
275578.56876888586,3
275754.0220172532,3
275929.47526562045,3
276104.9285139877,3
276280.38176235504,5
276455.83501072234,2
276631.28825908963,2
276806.7415074569,2
276982.19475582417,2
277157.64800419146,2
277333.1012525588,2
277508.55450092605,2
277684.0077492933,2
277859.4609976606,2
278034.9142460279,2
278210.3674943952,2
278385.8207427625,2
278561.27399112977,2
278736.727239497,2
278912.1804878644,2
279087.6337362316,2
279263.0869845989,2
279438.5402329662,2
279613.99348133354,2
279789.4467297008,2
279964.8999780681,2
280140.35322643537,2
280315.8064748026,2
280491.2597231699,2
280666.7129715372,2
280842.1662199045,2
281017.6194682718,2
281193.0727166391,2
281368.5259650064,2
281543.9792133736,2
281719.4324617409,2
281894.8857101082,2
282070.3389584755,2
282245.7922068428,2
282421.2454552101,2
282596.6987035774,2
282772.15195194463,2
282947.6052003119,2
283123.0584486792,2
283298.51169704646,2
283473.9649454138,2
283649.4181937811,2
283824.8714421484,2
284000.32469051564,2
284175.7779388829,2
284351.23118725023,2
284526.6844356175,2
284702.1376839848,2
284877.5909323521,2
285053.0441807194,2
285228.49742908665,2
285403.95067745395,2
285579.40392582124,2
285754.85717418854,2
285930.31042255583,2
286105.7636709232,2
286281.21691929037,2
286456.6701676577,2
286632.12341602496,2
286807.57666439225,2
286983.02991275955,2
287158.48316112685,2
287333.9364094941,2
287509.38965786144,2
287684.84290622873,2
287860.296154596,2
288035.74940296327,2
288211.20265133056,2
288386.65589969786,2
288562.10914806515,2
288737.56239643245,2
288913.0156447997,2
289088.468893167,2
289263.9221415343,2
289439.37538990163,2
289614.8286382689,2
289790.2818866361,2
289965.73513500346,2
290141.1883833707,2
290316.641631738,2
290492.0948801053,2
290667.54812847264,2
290843.0013768399,2
291018.4546252072,2
291193.90787357447,2
291369.3611219417,2
291544.814370309,2
291720.2676186763,2
291895.7208670436,2
292071.1741154109,2
292246.6273637782,2
292422.0806121455,2
292597.5338605127,2
292772.98710888,2
292948.4403572473,2
293123.8936056146,2
293299.3468539819,2
293474.8001023492,2
293650.2533507165,2
293825.7065990837,2
294001.159847451,2
294176.61309581826,2
294352.06634418556,2
294527.5195925529,2
294702.9728409202,2
294878.4260892875,3
295053.87933765474,2
295229.33258602204,2
295404.7858343893,2
295580.2390827566,3
295755.6923311239,2
295931.1455794912,2
296106.5988278585,2
296282.0520762257,2
296457.50532459305,2
296632.95857296034,2
296808.41182132764,2
296983.8650696949,2
297159.31831806217,2
297334.77156642947,2
297510.2248147968,2
297685.6780631641,2
297861.1313115313,2
298036.58455989865,2
298212.03780826594,3
298387.49105663324,2
298562.94430500054,2
298738.39755336783,2
298913.8508017351,2
299089.30405010236,2
299264.75729846966,2
299440.21054683696,2
299615.66379520425,2
299791.11704357155,2
299966.5702919388,2
300142.0235403061,2
300317.4767886734,2
300492.9300370407,2
300668.383285408,2
300843.8365337753,2
301019.28978214256,2
301194.7430305098,2
301370.1962788771,2
301545.6495272444,2
301721.10277561174,2
301896.556023979,2
302072.0092723463,2
302247.46252071357,2
302422.9157690808,2
302598.3690174481,2
302773.8222658154,2
302949.2755141827,2
303124.72876255,2
303300.1820109173,2
303475.63525928464,2
303651.0885076518,2
303826.5417560191,3
304001.9950043864,2
304177.4482527537,2
304352.901501121,2
304528.3547494883,2
304703.8079978556,2
304879.2612462228,2
305054.7144945901,2
305230.16774295736,2
305405.6209913247,2
305581.074239692,2
305756.5274880593,2
305931.9807364266,2
306107.43398479384,2
306282.88723316113,2
306458.34048152843,2
306633.7937298957,2
306809.246978263,2
306984.7002266303,2
307160.1534749976,2
307335.60672336485,2
307511.0599717321,2
307686.51322009944,2
307861.96646846674,2
308037.4197168341,2
308212.87296520127,2
308388.32621356857,2
308563.77946193586,2
308739.2327103032,2
308914.68595867045,2
309090.1392070377,2
309265.59245540504,2
309441.04570377234,2
309616.49895213963,2
309791.95220050693,2
309967.40544887417,2
310142.85869724146,2
310318.3119456088,2
310493.76519397605,2
310669.2184423433,2
310844.67169071065,2
311020.1249390779,2
311195.5781874452,2
311371.0314358125,2
311546.48468417977,2
311721.9379325471,2
311897.3911809144,2
312072.8444292817,2
312248.2976776489,2
312423.7509260162,2
312599.20417438354,2
312774.6574227508,2
312950.1106711181,2
313125.5639194854,2
313301.01716785267,2
313476.4704162199,2
313651.9236645872,2
313827.3769129545,2
314002.8301613218,2
314178.2834096891,2
314353.7366580564,2
314529.18990642374,2
314704.6431547909,2
314880.0964031582,2
315055.5496515255,3
315231.0028998928,2
315406.4561482601,2
315581.9093966274,2
315757.3626449947,3
315932.8158933619,3
316108.2691417292,3
316283.72239009646,3
316459.1756384638,3
316634.6288868311,3
316810.0821351984,3
316985.5353835657,3
317160.9886319329,3
317336.44188030023,3
317511.89512866753,3
317687.3483770348,3
317862.8016254021,3
318038.2548737694,3
318213.7081221367,3
318389.16137050395,3
318564.61461887124,3
318740.06786723854,3
318915.52111560584,3
319090.9743639732,3
319266.42761234037,3
319441.8808607077,3
319617.33410907496,3
319792.78735744226,3
319968.24060580955,3
320143.69385417685,3
320319.1471025441,3
320494.60035091144,3
320670.05359927873,3
320845.50684764603,3
321020.96009601327,3
321196.41334438056,3
321371.86659274786,3
321547.31984111515,3
321722.77308948245,3
321898.2263378497,3
322073.679586217,3
322249.1328345843,3
322424.5860829516,3
322600.0393313189,3
322775.4925796861,3
322950.94582805346,3
323126.39907642076,3
323301.852324788,3
323477.3055731553,3
323652.75882152264,3
323828.2120698899,3
324003.6653182572,3
324179.1185666245,3
324354.57181499177,3
324530.025063359,3
324705.4783117263,3
324880.9315600936,3
325056.3848084609,3
325231.8380568282,3
325407.2913051955,3
325582.74455356284,3
325758.19780193,3
325933.6510502973,3
326109.1042986646,3
326284.5575470319,3
326460.0107953992,3
326635.4640437665,3
326810.9172921338,3
326986.370540501,3
327161.82378886826,3
327337.27703723556,3
327512.7302856029,3
327688.1835339702,3
327863.6367823375,3
328039.0900307048,3
328214.54327907204,4
328389.9965274393,3
328565.4497758066,4
328740.9030241739,5
328916.3562725412,2
329091.8095209085,3
329267.26276927575,2
329442.71601764305,2
329618.16926601034,2
329793.62251437764,3
329969.0757627449,3
330144.5290111123,3
330319.98225947947,2
330495.4355078468,2
330670.8887562141,2
330846.3420045813,3
331021.79525294865,3
331197.24850131595,2
331372.70174968324,2
331548.1549980505,2
331723.60824641783,2
331899.0614947851,3
332074.51474315237,4
332249.96799151966,2
332425.42123988696,2
332600.87448825425,2
332776.32773662155,1
332951.78098498884,1
333127.2342333561,1
333302.6874817234,1
333478.14073009073,1
333653.593978458,1
333829.0472268253,1
334004.50047519256,1
334179.95372355985,1
334355.4069719271,1
334530.8602202944,1
334706.31346866174,1
334881.766717029,1
335057.2199653963,1
335232.67321376357,1
335408.1264621309,2
335583.5797104981,2
335759.0329588654,2
335934.4862072327,2
336109.9394556,2
336285.3927039673,2
336460.8459523346,2
336636.29920070193,2
336811.7524490691,2
336987.2056974364,2
337162.6589458037,2
337338.112194171,2
337513.5654425383,2
337689.0186909056,2
337864.4719392729,2
338039.9251876401,2
338215.37843600736,2
338390.8316843747,2
338566.284932742,2
338741.7381811093,2
338917.1914294766,2
339092.6446778439,2
339268.09792621114,2
339443.55117457843,2
339619.0044229457,2
339794.457671313,2
339969.9109196803,2
340145.3641680476,2
340320.8174164149,2
340496.2706647821,2
340671.72391314944,2
340847.17716151674,2
341022.63040988403,2
341198.0836582513,2
341373.53690661857,2
341548.9901549859,2
341724.4434033532,2
341899.89665172045,2
342075.3499000877,2
342250.80314845504,2
342426.25639682234,2
342601.70964518964,2
342777.16289355693,2
342952.61614192417,2
343128.06939029146,2
343303.52263865876,2
343478.9758870261,2
343654.4291353933,2
343829.88238376065,2
344005.33563212794,2
344180.7888804952,2
344356.2421288625,2
344531.69537722983,2
344707.1486255971,2
344882.6018739644,2
345058.0551223317,2
345233.5083706989,2
345408.9616190662,2
345584.41486743354,2
345759.8681158008,2
345935.3213641681,2
346110.7746125354,2
346286.22786090267,2
346461.68110927,2
346637.1343576372,2
346812.5876060045,2
346988.0408543718,1
347163.4941027391,1
347338.9473511064,1
347514.40059947374,2
347689.85384784103,2
347865.3070962082,2
348040.7603445755,2
348216.2135929428,2
348391.6668413101,2
348567.1200896774,2
348742.5733380447,2
348918.0265864119,2
349093.4798347792,2
349268.93308314646,2
349444.3863315138,2
349619.8395798811,2
349795.2928282484,2
349970.7460766157,2
350146.1993249829,2
350321.65257335023,2
350497.10582171753,2
350672.5590700848,2
350848.0123184521,2
351023.4655668194,1
351198.9188151867,1
351374.37206355395,1
351549.82531192125,1
351725.27856028854,2
351900.73180865584,2
352076.18505702313,2
352251.63830539037,2
352427.0915537577,2
352602.5448021249,1
352777.99805049226,1
352953.45129885955,1
353128.90454722685,1
353304.3577955941,1
353479.8110439615,1
353655.26429232873,1
353830.71754069603,1
354006.17078906327,1
354181.62403743056,1
354357.0772857978,1
354532.53053416515,1
354707.98378253245,1
354883.4370308997,1
355058.89027926704,1
355234.3435276343,1
355409.7967760016,1
355585.2500243689,1
355760.70327273617,1
355936.15652110346,1
356111.60976947076,1
356287.063017838,1
356462.5162662053,1
356637.9695145726,1
356813.42276293994,1
356988.8760113072,1
357164.32925967453,1
357339.7825080417,2
357515.235756409,2
357690.6890047763,2
357866.1422531436,2
358041.59550151095,2
358217.0487498782,2
358392.5019982455,2
358567.95524661284,1
358743.40849498,2
358918.86174334725,2
359094.3149917146,2
359269.7682400819,2
359445.2214884492,2
359620.6747368165,2
359796.12798518385,2
359971.581233551,2
360147.03448191826,2
360322.4877302856,2
360497.9409786529,2
360673.3942270202,2
360848.8474753875,2
361024.30072375474,2
361199.7539721221,2
361375.2072204893,2
361550.66046885663,2
361726.1137172239,2
361901.56696559116,2
362077.0202139585,2
362252.47346232575,2
362427.92671069305,2
362603.3799590603,2
362778.83320742776,2
362954.28645579494,2
363129.7397041623,2
363305.1929525295,2
363480.6462008968,2
363656.09944926406,2
363831.55269763136,2
364007.00594599865,2
364182.459194366,2
364357.9124427333,2
364533.3656911005,2
364708.81893946783,2
364884.2721878351,2
365059.7254362024,2
365235.17868456966,2
365410.63193293696,2
365586.0851813042,2
365761.53842967155,2
365936.9916780389,2
366112.4449264061,2
366287.89817477344,2
366463.35142314073,2
366638.80467150797,2
366814.2579198753,2
366989.71116824256,2
367165.16441660986,2
367340.6176649771,2
367516.0709133444,2
367691.52416171174,2
367866.977410079,2
368042.43065844633,2
368217.8839068136,2
368393.3371551809,2
368568.7904035481,2
368744.2436519154,2
368919.69690028275,2
369095.15014865,2
369270.6033970173,2
369446.0566453846,2
369621.5098937519,3
369796.96314211906,4
369972.4163904864,4
370147.86963885365,2
370323.322887221,3
370498.7761355883,2
370674.22938395565,2
370849.6826323229,2
371025.13588069007,2
371200.5891290574,2
371376.04237742466,2
371551.495625792,2
371726.9488741593,2
371902.40212252655,2
372077.8553708939,2
372253.3086192611,2
372428.76186762843,2
372604.2151159957,2
372779.66836436297,2
372955.1216127303,2
373130.57486109756,2
373306.0281094649,2
373481.4813578322,2
373656.9346061994,2
373832.38785456674,2
374007.84110293404,2
374183.29435130133,2
374358.74759966857,2
374534.2008480359,2
374709.6540964032,2
374885.10734477045,2
375060.56059313775,2
375236.0138415051,2
375411.4670898723,2
375586.9203382397,2
375762.3735866069,2
375937.8268349741,2
376113.28008334147,2
376288.7333317088,2
376464.1865800761,2
376639.63982844335,2
376815.09307681065,2
376990.5463251779,2
377165.99957354524,1
377341.4528219125,1
377516.9060702798,1
377692.3593186471,1
377867.81256701436,1
378043.2658153817,1
378218.719063749,1
378394.1723121162,1
378569.6255604835,2
378745.0788088508,1
378920.53205721814,1
379095.9853055854,1
379271.4385539527,3
379446.89180232,3
379622.3450506872,2
379797.79829905456,3
379973.2515474218,4
380148.7047957891,4
380324.1580441564,3
380499.6112925237,3
380675.06454089103,2
380850.5177892582,2
381025.97103762545,3
381201.4242859928,5
381376.8775343601,3
381552.3307827274,2
381727.7840310947,2
381903.23727946205,3
382078.6905278292,3
382254.14377619646,2
382429.5970245638,1
382605.0502729311,2
382780.50352129847,2
382955.9567696657,1
383131.41001803294,1
383306.8632664002,0
383482.3165147675,1
383657.76976313477,0
383833.2230115021,0
384008.67625986936,0
384184.1295082367,0
384359.582756604,0
384535.0360049713,0
384710.48925333854,2
384885.9425017058,2
385061.39575007313,3
385236.8489984404,2
385412.3022468077,1
385587.755495175,5
385763.20874354226,3
385938.6619919096,3
386114.11524027685,3
386289.56848864414,3
386465.0217370113,3
386640.4749853787,3
386815.92823374603,3
386991.38148211327,4
387166.83473048056,4
387342.2879788479,3
387517.7412272152,4
387693.1944755825,3
387868.64772394975,3
388044.1009723169,4
388219.5542206843,2
388395.0074690516,2
388570.46071741893,2
388745.91396578617,2
388921.3672141535,2
389096.82046252076,2
389272.2737108881,2
389447.7269592553,2
389623.1802076226,2
389798.63345598994,2
389974.0867043572,2
390149.53995272453,2
390324.9932010917,2
390500.44644945906,1
390675.8996978263,1
390851.3529461936,1
391026.80619456095,1
391202.2594429282,1
391377.7126912955,1
391553.16593966284,1
391728.6191880301,2
391904.07243639725,2
392079.5256847646,2
392254.97893313185,2
392430.4321814992,2
392605.8854298665,2
392781.33867823385,2
392956.7919266011,2
393132.24517496827,2
393307.6984233356,2
393483.1516717029,2
393658.6049200702,2
393834.0581684375,2
394009.51141680474,2
394184.9646651721,2
394360.4179135394,2
394535.8711619066,2
394711.3244102739,2
394886.77765864116,3
395062.2309070085,2
395237.68415537575,2
395413.1374037431,2
395588.5906521104,2
395764.0439004776,2
395939.49714884494,3
396114.9503972122,3
396290.4036455795,3
396465.8568939468,3
396641.31014231406,3
396816.76339068136,3
396992.21663904865,3
397167.669887416,3
397343.1231357832,3
397518.57638415054,3
397694.0296325177,3
397869.4828808851,3
398044.9361292524,3
398220.38937761966,3
398395.84262598696,3
398571.2958743543,3
398746.74912272155,3
398922.2023710889,3
399097.6556194562,3
399273.10886782344,3
399448.5621161907,3
399624.01536455797,3
399799.4686129253,3
399974.92186129256,3
400150.3751096599,3
400325.8283580272,3
400501.2816063944,3
400676.73485476174,3
400852.188103129,2
401027.64135149634,2
401203.0945998636,2
401378.5478482309,2
401554.0010965981,2
401729.4543449654,2
401904.90759333275,2
402080.36084170005,2
402255.8140900673,2
402431.2673384346,2
402606.7205868019,2
402782.17383516923,2
402957.6270835364,2
403133.08033190365,2
403308.533580271,2
403483.9868286383,2
403659.44007700565,2
403834.8933253729,2
404010.34657374024,2
404185.7998221074,2
404361.25307047466,3
404536.706318842,2
404712.1595672093,2
404887.61281557655,2
405063.0660639439,2
405238.5193123112,2
405413.97256067843,3
405589.42580904573,3
405764.87905741297,3
405940.3323057803,3
406115.78555414756,3
406291.2388025149,3
406466.6920508822,3
406642.1452992495,3
406817.5985476168,3
406993.051795984,3
407168.50504435133,3
407343.95829271857,3
407519.4115410859,3
407694.8647894532,3
407870.31803782046,3
408045.77128618775,3
408221.2245345551,3
408396.6777829224,3
408572.1310312896,3
408747.5842796569,3
408923.0375280241,3
409098.49077639147,3
409273.9440247588,3
409449.3972731261,2
409624.85052149335,3
409800.3037698607,3
409975.75701822795,3
410151.21026659524,3
410326.6635149625,3
410502.1167633298,3
410677.570011697,4
410853.02326006436,4
411028.4765084317,4
411203.92975679896,4
411379.3830051663,5
411554.8362535335,5
411730.2895019008,3
411905.74275026814,4
412081.1959986354,4
412256.64924700273,4
412432.10249537,4
412607.55574373726,4
412783.00899210456,4
412958.4622404718,4
413133.9154888391,4
413309.3687372064,4
413484.8219855737,4
413660.27523394104,5
413835.7284823083,4
414011.18173067545,4
414186.6349790428,4
414362.0882274101,4
414537.5414757774,4
414712.9947241447,4
414888.44797251205,5
415063.9012208793,5
415239.35446924646,5
415414.8077176138,5
415590.2609659811,4
415765.7142143484,4
415941.1674627157,4
416116.62071108294,4
416292.0739594503,4
416467.5272078175,4
416642.98045618477,4
416818.4337045521,4
416993.88695291936,3
417169.3402012867,4
417344.793449654,3
417520.2466980213,3
417695.69994638854,4
417871.15319475584,4
418046.6064431232,4
418222.0596914904,4
418397.5129398577,4
418572.966188225,4
418748.41943659226,4
418923.8726849596,4
419099.32593332685,4
419274.77918169415,4
419450.2324300615,4
419625.68567842885,4
419801.13892679603,4
419976.59217516327,4
420152.04542353057,4
420327.4986718978,4
420502.9519202652,4
420678.4051686325,4
420853.85841699975,4
421029.31166536704,4
421204.7649137344,4
421380.2181621016,4
421555.67141046893,4
421731.12465883617,4
421906.57790720346,4
422082.03115557076,3
422257.4844039381,4
422432.9376523053,4
422608.3909006726,4
422783.84414903994,4
422959.2973974072,4
423134.75064577453,4
423310.2038941417,4
423485.65714250907,4
423661.1103908764,4
423836.5636392436,4
424012.01688761095,4
424187.4701359782,4
424362.9233843455,4
424538.37663271284,4
424713.8298810801,4
424889.28312944743,4
425064.7363778146,3
425240.18962618185,5
425415.6428745492,4
425591.0961229165,4
425766.54937128385,4
425942.0026196511,3
426117.45586801844,4
426292.9091163856,3
426468.3623647529,3
426643.8156131202,4
426819.2688614875,4
426994.72210985475,4
427170.1753582221,4
427345.6286065894,4
427521.08185495663,4
427696.5351033239,4
427871.98835169117,4
428047.4416000585,4
428222.89484842576,4
428398.3480967931,4
428573.8013451604,4
428749.25459352776,3
428924.70784189494,3
429100.1610902623,3
429275.61433862953,3
429451.0675869968,3
429626.52083536406,4
429801.9740837314,3
429977.42733209865,3
430152.880580466,3
430328.3338288333,3
430503.7870772005,3
430679.24032556784,3
430854.6935739351,3
431030.1468223024,3
431205.60007066967,3
431381.05331903696,2
431556.5065674042,2
431731.95981577155,2
431907.4130641389,2
432082.8663125061,2
432258.31956087344,2
432433.7728092407,2
432609.226057608,2
432784.6793059753,2
432960.13255434256,2
433135.58580270986,3
433311.0390510772,3
433486.4922994445,3
433661.94554781175,3
433837.398796179,3
434012.85204454634,3
434188.3052929136,3
434363.7585412809,3
434539.2117896481,3
434714.66503801546,3
434890.11828638276,3
435065.57153475,3
435241.0247831173,3
435416.4780314846,3
435591.9312798519,3
435767.38452821923,3
435942.8377765865,3
436118.29102495365,3
436293.744273321,3
436469.1975216883,3
436644.65077005565,3
436820.1040184229,2
436995.55726679025,2
437171.0105151575,2
437346.46376352466,3
437521.917011892,5
437697.3702602593,3
437872.82350862655,3
438048.2767569939,3
438223.7300053612,3
438399.1832537285,3
438574.63650209573,3
438750.08975046297,3
438925.5429988303,3
439100.99624719756,3
439276.4494955649,3
439451.9027439322,3
439627.3559922995,3
439802.80924066674,3
439978.26248903404,3
440153.71573740133,3
440329.16898576857,3
440504.6222341359,3
440680.0754825032,3
440855.52873087046,3
441030.98197923775,3
441206.4352276051,3
441381.8884759723,3
441557.3417243397,3
441732.7949727069,3
441908.24822107423,3
442083.70146944147,3
442259.1547178088,3
442434.6079661761,3
442610.06121454336,3
442785.51446291065,3
442960.96771127795,3
443136.4209596453,3
443311.8742080125,3
443487.3274563798,3
443662.7807047471,3
443838.23395311437,3
444013.6872014817,3
444189.14044984896,3
444364.59369821625,3
444540.0469465836,3
444715.5001949508,3
444890.95344331814,3
445066.4066916854,3
445241.85994005273,3
445417.31318842,3
445592.76643678726,3
445768.21968515456,3
445943.6729335218,3
446119.12618188903,3
446294.5794302564,3
446470.0326786237,4
446645.48592699104,3
446820.9391753583,4
446996.3924237256,3
447171.8456720928,4
447347.2989204601,3
447522.7521688274,4
447698.2054171947,4
447873.65866556205,4
448049.1119139293,4
448224.5651622966,4
448400.0184106638,3
448575.4716590311,3
448750.9249073984,3
448926.3781557657,4
449101.83140413294,4
449277.2846525003,4
449452.7379008676,4
449628.1911492348,4
449803.6443976021,3
449979.09764596936,4
450154.5508943367,4
450330.004142704,3
450505.4573910713,3
450680.9106394386,3
450856.3638878058,4
451031.81713617314,3
451207.2703845404,3
451382.7236329077,3
451558.176881275,3
451733.63012964226,3
451909.0833780096,3
452084.53662637685,3
452259.9898747442,4
452435.4431231114,3
452610.8963714787,3
452786.34961984603,4
452961.8028682133,4
453137.2561165806,4
453312.70936494786,4
453488.1626133152,4
453663.6158616825,4
453839.06911004975,4
454014.52235841705,4
454189.9756067843,4
454365.4288551517,4
454540.88210351893,4
454716.33535188617,4
454891.7886002535,3
455067.24184862076,3
455242.6950969881,3
455418.1483453554,4
455593.6015937226,4
455769.05484208994,4
455944.5080904572,4
456119.96133882453,3
456295.4145871918,3
456470.86783555907,3
456646.3210839264,3
456821.77433229366,3
456997.22758066095,3
457172.6808290282,3
457348.1340773955,3
457523.58732576284,4
457699.0405741301,4
457874.49382249743,4
458049.94707086467,4
458225.40031923185,4
458400.8535675992,3
458576.3068159665,4
458751.76006433385,4
458927.2133127011,4
459102.66656106844,4
459278.1198094357,3
459453.5730578029,3
459629.0263061702,4
459804.4795545375,3
459979.93280290475,4
460155.3860512721,5
460330.8392996394,3
460506.2925480067,3
460681.7457963739,4
460857.19904474117,3
461032.6522931085,3
461208.10554147576,3
461383.5587898431,3
461559.0120382104,3
461734.46528657776,3
461909.918534945,3
462085.3717833122,4
462260.82503167953,3
462436.27828004677,3
462611.73152841406,3
462787.1847767814,4
462962.63802514866,4
463138.091273516,4
463313.5445218833,4
463488.9977702506,4
463664.45101861784,4
463839.9042669851,3
464015.3575153524,3
464190.81076371967,4
464366.264012087,4
464541.7172604543,4
464717.17050882155,4
464892.6237571889,4
465068.07700555614,4
465243.53025392344,4
465418.9835022907,4
465594.436750658,4
465769.8899990253,4
465945.34324739256,4
466120.7964957599,3
466296.2497441272,3
466471.7029924945,3
466647.1562408618,3
466822.609489229,4
466998.06273759634,4
467173.5159859636,4
467348.9692343309,3
467524.4224826982,3
467699.87573106546,3
467875.3289794328,3
468050.7822278,3
468226.2354761673,3
468401.6887245346,3
468577.1419729019,3
468752.59522126924,3
468928.0484696365,3
469103.5017180038,3
469278.954966371,3
469454.4082147383,3
469629.8614631056,3
469805.3147114729,3
469980.76795984025,4
470156.2212082075,4
470331.6744565748,4
470507.127704942,4
470682.5809533093,4
470858.03420167655,4
471033.4874500439,4
471208.9406984112,4
471384.3939467785,4
471559.8471951458,4
471735.30044351297,4
471910.7536918803,5
472086.20694024756,6
472261.6601886149,4
472437.1134369822,4
472612.5666853495,4
472788.0199337168,4
472963.473182084,4
473138.92643045133,4
473314.3796788186,4
473489.8329271859,4
473665.2861755532,4
473840.73942392046,4
474016.1926722878,4
474191.64592065505,4
474367.0991690224,4
474542.5524173896,4
474718.00566575705,4
474893.45891412423,4
475068.91216249147,4
475244.3654108588,4
475419.8186592261,4
475595.2719075934,4
475770.7251559607,4
475946.17840432795,4
476121.63165269524,4
476297.0849010626,4
476472.5381494298,4
476647.99139779713,4
476823.44464616437,4
476998.8978945317,4
477174.35114289896,4
477349.8043912663,3
477525.2576396336,3
477700.7108880008,3
477876.16413636814,3
478051.6173847354,4
478227.07063310273,4
478402.52388147,4
478577.97712983727,4
478753.4303782046,4
478928.8836265718,4
479104.33687493904,4
479279.7901233064,4
479455.2433716737,4
479630.69662004104,4
479806.1498684083,4
479981.60311677563,4
480157.0563651428,4
480332.5096135101,3
480507.9628618774,3
480683.4161102447,3
480858.86935861205,3
481034.3226069793,3
481209.7758553466,3
481385.2291037138,3
481560.6823520811,3
481736.1356004484,3
481911.5888488157,3
482087.04209718294,3
482262.4953455503,3
482437.9485939176,4
482613.4018422848,4
482788.8550906521,4
482964.30833901936,4
483139.7615873867,4
483315.21483575396,3
483490.6680841213,3
483666.1213324886,3
483841.5745808558,3
484017.0278292232,3
484192.4810775904,3
484367.9343259577,3
484543.387574325,3
484718.84082269226,3
484894.2940710596,3
485069.74731942685,3
485245.2005677942,3
485420.6538161614,3
485596.10706452886,3
485771.56031289604,3
485947.0135612633,3
486122.4668096306,4
486297.9200579978,4
486473.3733063652,4
486648.8265547325,4
486824.27980309975,4
486999.7330514671,4
487175.1862998344,4
487350.6395482016,4
487526.09279656893,4
487701.54604493617,4
487876.99929330347,4
488052.45254167076,5
488227.9057900381,6
488403.3590384054,3
488578.8122867727,3
488754.26553513994,3
488929.7187835072,3
489105.17203187454,3
489280.6252802418,3
489456.078528609,3
489631.5317769764,3
489806.98502534366,3
489982.43827371096,3
490157.8915220782,4
490333.3447704455,4
490508.7980188128,4
490684.2512671801,4
490859.70451554743,4
491035.1577639146,4
491210.61101228185,3
491386.0642606492,4
491561.5175090165,3
491736.97075738385,3
491912.4240057511,2
492087.87725411844,3
492263.3305024857,3
492438.7837508529,4
492614.2369992202,5
492789.6902475875,3
492965.14349595475,3
493140.5967443221,4
493316.0499926894,4
493491.5032410567,4
493666.95648942393,9
493842.40973779117,7
494017.8629861585,4
494193.31623452576,5
494368.7694828931,5
494544.2227312604,6
494719.67597962776,5
494895.12922799494,5
495070.5824763622,4
495246.03572472953,4
495421.48897309677,3
495596.94222146407,4
495772.3954698314,4
495947.84871819866,3
496123.301966566,4
496298.7552149333,4
496474.2084633005,4
496649.66171166784,4
496825.1149600351,4
497000.56820840243,4
497176.02145676967,3
497351.474705137,3
497526.9279535042,3
497702.38120187155,4
497877.8344502389,4
498053.28769860615,3
498228.74094697344,3
498404.1941953408,3
498579.647443708,3
498755.1006920753,3
498930.55394044257,3
499106.00718880974,3
499281.4604371772,3
499456.9136855445,3
499632.3669339118,3
499807.820182279,3
499983.27343064634,3
500158.7266790136,4
500334.17992738093,4
500509.6331757482,4
500685.0864241154,4
500860.5396724828,4
501035.99292085,4
501211.4461692173,4
501386.8994175846,4
501562.3526659519,3
501737.80591431924,3
501913.2591626865,3
502088.7124110538,3
502264.165659421,3
502439.6189077883,3
502615.0721561556,3
502790.5254045229,1
502965.97865289025,2
503141.4319012575,2
503316.8851496248,2
503492.338397992,2
503667.7916463593,2
503843.24489472655,3
504018.6981430939,3
504194.1513914612,3
504369.6046398285,3
504545.0578881958,3
504720.511136563,2
504895.9643849303,2
505071.41763329756,2
505246.8708816649,3
505422.3241300322,3
505597.7773783995,3
505773.2306267668,3
505948.68387513404,3
506124.13712350134,3
506299.5903718686,3
506475.0436202359,2
506650.4968686032,2
506825.95011697046,2
507001.4033653378,2
507176.856613705,2
507352.3098620724,4
507527.7631104397,5
507703.2163588069,4
507878.66960717423,4
508054.1228555415,4
508229.5761039088,3
508405.0293522761,3
508580.4826006434,3
508755.93584901065,3
508931.38909737795,3
509106.8423457453,3
509282.2955941125,3
509457.7488424798,3
509633.20209084713,3
509808.65533921437,3
509984.1085875817,3
510159.56183594896,3
510335.0150843162,3
510510.4683326836,3
510685.92158105096,3
510861.37482941814,3
511036.8280777854,3
511212.28132615273,4
511387.73457452,3
511563.18782288727,3
511738.6410712546,5
511914.0943196218,4
512089.54756798904,4
512265.0008163564,4
512440.4540647237,4
512615.90731309104,4
512791.3605614583,4
512966.81380982563,4
513142.26705819287,4
513317.7203065601,4
513493.1735549274,4
513668.6268032947,4
513844.08005166205,4
514019.5333000293,4
514194.9865483966,4
514370.4397967639,3
514545.8930451311,4
514721.3462934984,3
514896.7995418657,3
515072.25279023295,4
515247.7060386003,4
515423.1592869676,4
515598.61253533495,3
515774.0657837021,4
515949.51903206937,3
516124.9722804367,3
516300.42552880396,3
516475.8787771713,3
516651.3320255386,3
516826.78527390596,3
517002.23852227314,3
517177.6917706404,3
517353.14501900773,3
517528.598267375,4
517704.05151574226,4
517879.5047641096,4
518054.95801247685,4
518230.4112608442,3
518405.8645092114,3
518581.3177575787,3
518756.7710059461,3
518932.2242543133,3
519107.6775026806,3
519283.13075104787,3
519458.5839994152,2
519634.0372477825,2
519809.49049614975,2
519984.94374451705,2
520160.3969928843,3
520335.8502412517,2
520511.30348961893,2
520686.7567379862,2
520862.2099863535,2
521037.66323472076,2
521213.1164830881,3
521388.5697314554,2
521564.0229798226,3
521739.47622819,3
521914.9294765572,3
522090.38272492454,3
522265.8359732918,3
522441.28922165907,3
522616.7424700264,3
522792.19571839366,3
522967.648966761,2
523143.1022151282,2
523318.5554634955,2
523494.0087118628,2
523669.4619602301,2
523844.91520859743,2
524020.3684569647,2
524195.821705332,1
524371.2749536992,4
524546.7282020665,4
524722.1814504338,4
524897.6346988011,4
525073.0879471684,4
525248.5411955357,4
525423.994443903,4
525599.4476922703,4
525774.9009406376,4
525950.3541890049,4
526125.8074373722,3
526301.2606857393,4
526476.7139341065,3
526652.1671824739,3
526827.6204308412,3
527003.0736792085,3
527178.5269275758,3
527353.9801759431,3
527529.4334243104,3
527704.8866726777,3
527880.339921045,3
528055.7931694123,3
528231.2464177796,2
528406.6996661469,2
528582.1529145142,2
528757.6061628814,2
528933.0594112487,2
529108.5126596161,2
529283.9659079832,2
529459.4191563504,1
529634.8724047178,2
529810.3256530851,2
529985.7789014524,2
530161.2321498197,2
530336.685398187,2
530512.1386465543,2
530687.5918949216,2
530863.0451432889,2
531038.4983916562,2
531213.9516400234,2
531389.4048883907,2
531564.858136758,2
531740.3113851253,2
531915.7646334926,2
532091.21788186,2
532266.6711302272,2
532442.1243785946,2
532617.5776269617,2
532793.0308753289,2
532968.4841236963,2
533143.9373720636,2
533319.3906204309,2
533494.8438687981,1
533670.2971171654,1
533845.7503655327,1
534021.2036139,1
534196.6568622673,2
534372.1101106346,1
534547.5633590019,2
534723.0166073692,1
534898.4698557365,1
535073.9231041038,1
535249.3763524711,1
535424.8296008385,1
535600.2828492057,1
535775.736097573,1
535951.1893459401,1
536126.6425943074,2
536302.0958426747,2
536477.549091042,2
536653.0023394093,2
536828.4555877766,2
537003.9088361439,3
537179.3620845112,3
537354.8153328785,3
537530.2685812458,3
537705.7218296131,3
537881.1750779804,3
538056.6283263477,3
538232.081574715,3
538407.5348230822,3
538582.9880714496,3
538758.4413198167,3
538933.894568184,3
539109.3478165513,3
539284.8010649186,3
539460.2543132859,3
539635.7075616532,3
539811.1608100205,2
539986.6140583878,2
540162.0673067551,2
540337.5205551224,2
540512.9738034897,2
540688.427051857,2
540863.8803002242,2
541039.3335485915,2
541214.7867969589,2
541390.2400453261,2
541565.6932936935,2
541741.1465420607,2
541916.599790428,2
542092.0530387952,2
542267.5062871625,2
542442.9595355297,2
542618.4127838971,2
542793.8660322644,2
542969.3192806317,2
543144.772528999,2
543320.2257773662,2
543495.6790257335,2
543671.1322741008,2
543846.5855224681,2
544022.0387708354,2
544197.4920192027,2
544372.94526757,2
544548.3985159373,2
544723.8517643046,2
544899.3050126719,2
545074.7582610393,2
545250.2115094065,2
545425.6647577736,2
545601.118006141,2
545776.5712545082,2
545952.0245028755,2
546127.4777512428,2
546302.9309996101,2
546478.3842479774,2
546653.8374963447,2
546829.290744712,2
547004.7439930793,2
547180.1972414466,2
547355.6504898139,2
547531.1037381812,2
547706.5569865485,2
547882.0102349158,2
548057.4634832832,2
548232.9167316502,2
548408.3699800175,2
548583.8232283847,2
548759.2764767521,2
548934.7297251194,2
549110.1829734867,2
549285.636221854,2
549461.0894702213,2
549636.5427185886,2
549811.9959669559,2
549987.4492153232,2
550162.9024636905,2
550338.3557120578,2
550513.8089604251,2
550689.2622087923,2
550864.7154571596,2
551040.1687055269,2
551215.6219538943,2
551391.0752022614,2
551566.5284506286,2
551741.981698996,2
551917.4349473633,2
552092.8881957306,2
552268.3414440979,2
552443.7946924652,2
552619.2479408325,2
552794.7011891998,2
552970.1544375671,2
553145.6076859343,2
553321.0609343016,2
553496.5141826689,2
553671.9674310362,2
553847.4206794035,2
554022.8739277708,2
554198.3271761382,2
554373.7804245054,2
554549.2336728728,2
554724.68692124,2
554900.1401696072,2
555075.5934179745,2
555251.0466663418,2
555426.499914709,2
555601.9531630763,2
555777.4064114436,2
555952.8596598109,2
556128.3129081782,2
556303.7661565455,2
556479.2194049128,2
556654.6726532801,2
556830.1259016474,2
557005.5791500147,2
557181.0323983821,2
557356.4856467493,2
557531.9388951166,2
557707.3921434839,2
557882.8453918512,2
558058.2986402183,2
558233.7518885856,2
558409.2051369529,2
558584.6583853202,2
558760.1116336875,2
558935.5648820548,2
559111.0181304221,2
559286.4713787894,2
559461.9246271567,2
559637.377875524,2
559812.8311238913,2
559988.2843722586,2
560163.737620626,2
560339.1908689932,2
560514.6441173604,2
560690.0973657275,2
560865.550614095,2
561041.0038624622,2
561216.4571108295,2
561391.9103591968,2
561567.363607564,2
561742.8168559314,2
561918.2701042987,2
562093.723352666,2
562269.1766010333,2
562444.6298494006,2
562620.0830977679,2
562795.5363461352,2
562970.9895945024,2
563146.4428428697,2
563321.8960912371,2
563497.3493396043,2
563672.8025879716,2
563848.2558363389,2
564023.7090847061,2
564199.1623330734,2
564374.6155814407,2
564550.0688298079,2
564725.5220781753,2
564900.9753265426,2
565076.4285749099,2
565251.8818232772,2
565427.3350716444,2
565602.7883200117,2
565778.241568379,2
565953.6948167463,2
566129.1480651136,2
566304.601313481,2
566480.0545618482,2
566655.5078102155,2
566830.9610585828,2
567006.41430695,2
567181.8675553175,2
567357.3208036846,2
567532.7740520521,2
567708.2273004192,2
567883.6805487864,2
568059.1337971537,2
568234.587045521,2
568410.0402938883,2
568585.4935422556,2
568760.9467906229,2
568936.4000389902,2
569111.8532873575,2
569287.3065357248,2
569462.7597840921,2
569638.2130324594,2
569813.6662808267,2
569989.119529194,2
570164.5727775614,2
570340.0260259284,2
570515.4792742957,2
570690.9325226629,2
570866.3857710303,2
571041.8390193976,2
571217.2922677649,2
571392.7455161322,2
571568.1987644995,2
571743.6520128668,2
571919.1052612341,2
572094.5585096014,2
572270.0117579687,2
572445.465006336,2
572620.9182547033,2
572796.3715030705,2
572971.8247514378,2
573147.277999805,2
573322.7312481722,2
573498.1844965396,2
573673.6377449068,2
573849.0909932742,2
574024.5442416415,2
574199.9974900088,2
574375.4507383761,2
574550.9039867434,2
574726.3572351107,2
574901.810483478,2
575077.2637318453,2
575252.7169802125,2
575428.1702285798,2
575603.6234769471,2
575779.0767253144,2
575954.5299736817,2
576129.983222049,2
576305.4364704164,2
576480.8897187836,2
576656.3429671507,2
576831.7962155181,2
577007.2494638854,2
577182.7027122527,2
577358.15596062,2
577533.6092089872,2
577709.0624573545,2
577884.5157057218,2
578059.9689540891,2
578235.4222024564,2
578410.8754508237,2
578586.328699191,2
578761.7819475583,2
578937.2351959256,2
579112.6884442929,2
579288.1416926603,2
579463.5949410275,2
579639.0481893948,2
579814.501437762,2
579989.9546861293,2
580165.4079344965,2
580340.8611828638,2
580516.3144312311,2
580691.7676795984,2
580867.2209279657,2
581042.674176333,2
581218.1274247003,2
581393.5806730676,2
581569.0339214349,2
581744.4871698022,2
581919.9404181695,2
582095.3936665368,2
582270.8469149041,2
582446.3001632714,2
582621.7534116386,2
582797.2066600057,2
582972.6599083731,2
583148.1131567404,2
583323.5664051077,2
583499.019653475,2
583674.4729018422,2
583849.9261502096,2
584025.3793985769,2
584200.8326469442,2
584376.2858953115,2
584551.7391436788,2
584727.1923920461,2
584902.6456404134,2
585078.0988887806,2
585253.5521371479,2
585429.0053855153,2
585604.4586338825,2
585779.9118822498,2
585955.365130617,2
586130.8183789843,2
586306.2716273515,2
586481.7248757189,2
586657.1781240861,2
586832.6313724535,2
587008.0846208208,2
587183.5378691881,2
587358.9911175554,3
587534.4443659226,3
587709.8976142899,3
587885.3508626572,3
588060.8041110245,3
588236.2573593918,3
588411.7106077591,3
588587.1638561264,3
588762.6171044937,3
588938.070352861,3
589113.5236012283,3
589288.9768495957,3
589464.4300979628,3
589639.88334633,3
589815.3365946974,3
589990.7898430646,3
590166.2430914319,3
590341.6963397992,3
590517.1495881665,4
590692.6028365338,5
590868.0560849011,4
591043.5093332684,3
591218.9625816357,3
591394.415830003,3
591569.8690783703,5
591745.3223267376,4
591920.7755751049,6
592096.2288234722,3
592271.6820718396,3
592447.1353202065,4
592622.5885685739,3
592798.0418169412,4
592973.4950653085,3
593148.9483136758,3
593324.4015620431,3
593499.8548104104,3
593675.3080587777,3
593850.761307145,3
594026.2145555123,3
594201.6678038796,3
594377.1210522469,3
594552.5743006142,3
594728.0275489815,3
594903.4807973487,3
595078.9340457161,3
595254.3872940833,3
595429.8405424504,3
595605.2937908178,3
595780.747039185,3
595956.2002875524,3
596131.6535359197,3
596307.106784287,3
596482.5600326543,3
596658.0132810216,3
596833.4665293889,3
597008.9197777562,3
597184.3730261235,3
597359.8262744907,3
597535.279522858,3
597710.7327712253,3
597886.1860195926,3
598061.6392679599,3
598237.0925163272,3
598412.5457646946,3
598587.9990130618,3
598763.4522614289,3
598938.9055097963,3
599114.3587581636,3
599289.8120065309,3
599465.2652548982,3
599640.7185032655,3
599816.1717516327,3
599991.625,3
600100.5242019118,3
600263.8730047796,3
600427.2218076473,3
600590.570610515,3
600753.9194133827,3
600917.2682162503,3
601080.617019118,3
601243.9658219857,3
601407.3146248534,3
601570.6634277211,3
601734.0122305888,3
601897.3610334566,3
602060.7098363243,3
602224.058639192,3
602387.4074420597,3
602550.7562449274,3
602714.1050477951,3
602877.4538506628,3
603040.8026535305,3
603204.1514563982,3
603367.5002592659,3
603530.8490621337,3
603694.1978650014,3
603857.5466678691,3
604020.8954707368,3
604184.2442736045,3
604347.5930764722,3
604510.9418793399,3
604674.2906822076,3
604837.6394850753,3
605000.988287943,3
605164.3370908108,3
605327.6858936785,3
605491.0346965462,3
605654.3834994138,3
605817.7323022815,3
605981.0811051492,2
606144.4299080169,2
606307.7787108846,3
606471.1275137523,3
606634.4763166201,2
606797.8251194878,3
606961.1739223555,2
607124.5227252232,2
607287.8715280909,2
607451.2203309586,2
607614.5691338263,2
607777.917936694,2
607941.2667395617,2
608104.6155424294,2
608267.9643452972,2
608431.3131481649,2
608594.6619510326,2
608758.0107539003,2
608921.359556768,2
609084.7083596357,2
609248.0571625034,2
609411.405965371,2
609574.7547682388,2
609738.1035711064,2
609901.4523739743,2
610064.801176842,2
610228.1499797096,2
610391.4987825773,2
610554.847585445,2
610718.1963883127,2
610881.5451911804,2
611044.8939940481,2
611208.2427969158,2
611371.5915997836,2
611534.9404026513,2
611698.289205519,2
611861.6380083867,2
612024.9868112544,2
612188.3356141221,2
612351.6844169898,2
612515.0332198575,2
612678.3820227252,2
612841.7308255929,2
613005.0796284607,2
613168.4284313284,2
613331.7772341961,2
613495.1260370638,2
613658.4748399315,2
613821.8236427992,2
613985.1724456669,2
614148.5212485346,2
614311.8700514022,2
614475.21885427,2
614638.5676571378,2
614801.9164600055,3
614965.2652628731,3
615128.6140657408,2
615291.9628686085,2
615455.3116714762,3
615618.6604743439,3
615782.0092772116,3
615945.3580800793,3
616108.706882947,3
616272.0556858148,3
616435.4044886825,3
616598.7532915502,4
616762.1020944179,4
616925.4508972856,4
617088.7997001533,5
617252.148503021,4
617415.4973058887,3
617578.8461087564,3
617742.1949116241,4
617905.5437144919,4
618068.8925173596,4
618232.2413202273,4
618395.590123095,3
618558.9389259627,3
618722.2877288304,3
618885.636531698,3
619048.9853345657,3
619212.3341374334,3
619375.6829403013,3
619539.031743169,3
619702.3805460366,5
619865.7293489043,3
620029.078151772,3
620192.4269546397,5
620355.7757575074,3
620519.1245603751,3
620682.4733632428,3
620845.8221661105,3
621009.1709689783,3
621172.519771846,3
621335.8685747137,3
621499.2173775814,3
621662.5661804491,3
621825.9149833168,3
621989.2637861845,3
622152.6125890522,5
622315.9613919199,3
622479.3101947876,3
622642.6589976554,3
622806.0078005231,3
622969.3566033908,3
623132.7054062585,3
623296.0542091262,3
623459.4030119939,3
623622.7518148615,3
623786.1006177292,3
623949.4494205969,3
624112.7982234647,3
624276.1470263324,5
624439.4958292001,4
624602.8446320678,4
624766.1934349355,4
624929.5422378032,4
625092.8910406709,4
625256.2398435386,4
625419.5886464063,4
625582.937449274,4
625746.2862521418,4
625909.6350550095,4
626072.9838578772,4
626236.3326607449,6
626399.6814636126,4
626563.0302664803,4
626726.379069348,4
626889.7278722157,5
627053.0766750834,5
627216.4254779511,5
627379.7742808189,5
627543.1230836866,4
627706.4718865543,5
627869.820689422,4
628033.1694922897,4
628196.5182951574,4
628359.867098025,4
628523.2159008927,4
628686.5647037604,4
628849.9135066282,4
629013.2623094959,4
629176.6111123636,4
629339.9599152313,4
629503.308718099,4
629666.6575209667,3
629830.0063238344,3
629993.3551267021,3
630156.7039295698,3
630320.0527324375,2
630483.4015353052,2
630646.750338173,2
630810.0991410407,2
630973.4479439084,2
631136.7967467761,2
631300.1455496438,2
631463.4943525115,2
631626.8431553792,2
631790.1919582469,2
631953.5407611146,2
632116.8895639824,3
632280.2383668501,3
632443.5871697178,4
632606.9359725855,3
632770.2847754532,4
632933.6335783208,3
633096.9823811885,3
633260.3311840562,4
633423.6799869239,4
633587.0287897917,4
633750.3775926594,4
633913.7263955271,3
634077.0751983948,3
634240.4240012625,3
634403.7728041302,4
634567.1216069979,2
634730.4704098656,2
634893.8192127333,3
635057.168015601,3
635220.5168184687,3
635383.8656213365,2
635547.2144242042,3
635710.5632270719,3
635873.9120299396,2
636037.2608328073,2
636200.609635675,2
636363.9584385427,2
636527.3072414104,2
636690.6560442781,2
636854.0048471458,2
637017.3536500136,2
637180.7024528813,2
637344.051255749,2
637507.4000586167,2
637670.7488614843,2
637834.097664352,2
637997.4464672197,2
638160.7952700874,2
638324.1440729551,2
638487.4928758229,2
638650.8416786906,2
638814.1904815583,2
638977.539284426,2
639140.8880872937,2
639304.2368901614,2
639467.5856930291,2
639630.9344958968,2
639794.2832987645,2
639957.6321016323,2
640120.9809045,2
640284.3297073677,3
640447.6785102354,3
640611.0273131031,3
640774.3761159708,3
640937.7249188385,3
641101.0737217062,2
641264.4225245739,2
641427.7713274416,2
641591.1201303094,2
641754.4689331771,2
641917.8177360448,2
642081.1665389125,2
642244.5153417801,2
642407.8641446478,2
642571.2129475155,2
642734.5617503832,2
642897.9105532509,2
643061.2593561186,2
643224.6081589864,2
643387.9569618541,2
643551.3057647218,2
643714.6545675895,2
643878.0033704572,3
644041.3521733249,3
644204.7009761926,3
644368.0497790603,3
644531.398581928,3
644694.7473847957,3
644858.0961876635,3
645021.4449905312,3
645184.7937933989,3
645348.1425962666,3
645511.4913991343,3
645674.840202002,3
645838.1890048697,3
646001.5378077374,3
646164.886610605,3
646328.2354134729,3
646491.5842163406,3
646654.9330192083,3
646818.281822076,3
646981.6306249436,3
647144.9794278113,3
647308.328230679,3
647471.6770335467,3
647635.0258364144,3
647798.3746392821,3
647961.7234421498,3
648125.0722450176,3
648288.4210478853,3
648451.769850753,3
648615.1186536207,3
648778.4674564884,3
648941.8162593561,3
649105.1650622238,3
649268.5138650915,3
649431.8626679592,3
649595.211470827,3
649758.5602736947,3
649921.9090765624,3
650085.2578794301,3
650248.6066822978,3
650411.9554851655,3
650575.3042880332,3
650738.6530909009,3
650902.0018937686,3
651065.3506966364,3
651228.6994995041,3
651392.0483023718,3
651555.3971052394,3
651718.7459081071,3
651882.0947109748,3
652045.4435138425,3
652208.7923167102,3
652372.1411195779,3
652535.4899224456,3
652698.8387253133,3
652862.1875281811,3
653025.5363310488,3
653188.8851339165,3
653352.2339367842,4
653515.5827396519,4
653678.9315425196,4
653842.2803453873,4
654005.629148255,4
654168.9779511227,4
654332.3267539904,4
654495.6755568582,4
654659.0243597259,4
654822.3731625936,4
654985.7219654613,5
655149.070768329,5
655312.4195711967,5
655475.7683740644,5
655639.117176932,5
655802.4659797999,5
655965.8147826676,5
656129.1635855353,5
656292.512388403,5
656455.8611912706,4
656619.2099941383,4
656782.558797006,4
656945.9075998737,4
657109.2564027414,3
657272.6052056091,3
657435.9540084769,3
657599.3028113446,4
657762.6516142123,4
657926.00041708,4
658089.3492199477,5
658252.6980228154,4
658416.0468256831,4
658579.3956285508,4
658742.7444314185,5
658906.0932342862,5
659069.4420371539,5
659232.7908400217,5
659396.1396428894,4
659559.4884457571,4
659722.8372486248,4
659886.1860514925,4
660049.5348543602,4
660212.8836572279,4
660376.2324600955,4
660539.5812629632,4
660702.9300658309,5
660866.2788686987,5
661029.6276715664,6
661192.9764744341,4
661356.3252773018,5
661519.6740801695,5
661683.0228830372,5
661846.3716859049,5
662009.7204887726,5
662173.0692916403,4
662336.4180945081,4
662499.7668973758,4
662663.1157002435,4
662826.4645031112,4
662989.8133059789,5
663153.1621088466,4
663316.5109117143,4
663479.859714582,5
663643.2085174497,2
663806.5573203174,3
663969.9061231852,2
664133.2549260529,2
664296.6037289206,3
664459.9525317883,3
664623.301334656,3
664786.6501375237,2
664949.9989403913,2
665113.347743259,3
665276.6965461267,3
665440.0453489944,3
665603.3941518622,3
665766.7429547299,2
665930.0917575976,2
666093.4405604653,2
666256.789363333,2
666420.1381662007,2
666583.4869690684,2
666746.8357719361,2
666910.1845748038,2
667073.5333776716,3
667236.8821805393,3
667400.230983407,4
667563.5797862747,4
667726.9285891424,4
667890.2773920101,4
668053.6261948778,3
668216.9749977455,3
668380.3238006132,3
668543.672603481,3
668707.0214063486,3
668870.3702092164,3
669033.7190120841,3
669197.0678149518,3
669360.4166178195,3
669523.7654206872,3
669687.1142235548,3
669850.4630264225,3
670013.8118292902,2
670177.1606321579,2
670340.5094350257,2
670503.8582378934,2
670667.2070407611,2
670830.5558436288,2
670993.9046464965,2
671157.2534493642,2
671320.6022522319,2
671483.9510550996,2
671647.2998579673,2
671810.6486608351,2
671973.9974637028,2
672137.3462665705,2
672300.6950694382,2
672464.0438723059,2
672627.3926751736,2
672790.7414780413,2
672954.090280909,2
673117.4390837767,2
673280.7878866445,2
673444.1366895122,2
673607.4854923799,2
673770.8342952476,2
673934.1830981153,2
674097.531900983,2
674260.8807038506,2
674424.2295067183,2
674587.578309586,2
674750.9271124537,2
674914.2759153214,2
675077.6247181892,2
675240.9735210569,2
675404.3223239246,2
675567.6711267923,2
675731.01992966,2
675894.3687325277,2
676057.7175353954,2
676221.0663382631,2
676384.4151411308,2
676547.7639439986,2
676711.1127468663,2
676874.461549734,2
677037.8103526017,2
677201.1591554694,2
677364.5079583371,2
677527.8567612048,2
677691.2055640725,2
677854.5543669402,2
678017.9031698079,3
678181.2519726756,2
678344.6007755434,2
678507.9495784111,2
678671.2983812788,2
678834.6471841465,2
678997.9959870141,2
679161.3447898818,2
679324.6935927495,2
679488.0423956172,2
679651.3911984849,2
679814.7400013527,2
679978.0888042204,2
680141.4376070881,2
680304.7864099558,2
680468.1352128235,2
680631.4840156912,2
680794.8328185589,2
680958.1816214266,2
681121.5304242943,2
681284.8792271621,2
681448.2280300298,2
681611.5768328975,2
681774.9256357652,2
681938.2744386329,2
682101.6232415006,2
682264.9720443683,2
682428.320847236,2
682591.6696501037,2
682755.0184529714,2
682918.367255839,2
683081.7160587069,2
683245.0648615746,2
683408.4136644423,2
683571.76246731,2
683735.1112701776,2
683898.4600730453,2
684061.808875913,2
684225.1576787807,2
684388.5064816484,2
684551.8552845162,2
684715.2040873839,2
684878.5528902516,2
685041.9016931193,2
685205.250495987,2
685368.5992988547,2
685531.9481017224,2
685695.2969045901,2
685858.6457074578,2
686021.9945103255,2
686185.3433131933,2
686348.692116061,2
686512.0409189287,2
686675.3897217964,2
686838.7385246641,2
687002.0873275318,2
687165.4361303995,2
687328.7849332672,2
687492.1337361349,2
687655.4825390027,2
687818.8313418704,2
687982.180144738,2
688145.5289476058,2
688308.8777504734,2
688472.2265533411,2
688635.5753562088,2
688798.9241590765,2
688962.2729619443,2
689125.6217648119,2
689288.9705676797,2
689452.3193705474,2
689615.6681734151,2
689779.0169762828,2
689942.3657791505,2
690105.7145820182,2
690269.0633848859,2
690432.4121877536,2
690595.7609906213,2
690759.1097934891,2
690922.4585963567,2
691085.8073992245,2
691249.1562020922,2
691412.5050049599,2
691575.8538078276,2
691739.2026106953,2
691902.551413563,2
692065.9002164307,2
692229.2490192984,2
692392.597822166,2
692555.9466250339,2
692719.2954279016,2
692882.6442307692,2
693045.993033637,2
693209.3418365046,2
693372.6906393723,2
693536.03944224,2
693699.3882451077,2
693862.7370479754,2
694026.0858508432,2
694189.4346537109,2
694352.7834565786,2
694516.1322594463,2
694679.481062314,2
694842.8298651817,2
695006.1786680494,2
695169.5274709171,2
695332.8762737848,2
695496.2250766525,2
695659.5738795202,2
695822.922682388,2
695986.2714852557,3
696149.6202881234,2
696312.9690909911,2
696476.3178938588,3
696639.6666967265,3
696803.0154995942,3
696966.3643024619,3
697129.7131053295,3
697293.0619081974,3
697456.4107110649,3
697619.7595139327,3
697783.1083168004,3
697946.4571196681,3
698109.8059225358,3
698273.1547254035,3
698436.5035282712,3
698599.8523311389,3
698763.2011340067,3
698926.5499368744,3
699089.8987397421,3
699253.2475426098,3
699416.5963454775,3
699579.9451483452,3
699743.2939512129,3
699906.6427540806,3
700069.9915569483,3
700233.340359816,3
700396.6891626837,3
700560.0379655515,3
700723.3867684192,3
700886.7355712869,3
701050.0843741546,3
701213.4331770223,3
701376.78197989,3
701540.1307827577,3
701703.4795856253,3
701866.828388493,3
702030.1771913609,3
702193.5259942284,3
702356.8747970962,2
702520.2235999639,3
702683.5724028316,3
702846.9212056993,2
703010.270008567,2
703173.6188114347,2
703336.9676143024,2
703500.3164171701,2
703663.6652200379,2
703827.0140229056,2
703990.3628257733,2
704153.711628641,2
704317.0604315087,2
704480.4092343764,3
704643.7580372441,2
704807.1068401118,2
704970.4556429796,2
705133.8044458473,2
705297.153248715,2
705460.5020515827,2
705623.8508544504,2
705787.1996573181,2
705950.5484601858,2
706113.8972630535,2
706277.2460659212,2
706440.5948687888,2
706603.9436716565,2
706767.2924745242,2
706930.6412773919,2
707093.9900802597,2
707257.3388831274,2
707420.6876859951,2
707584.0364888628,2
707747.3852917305,2
707910.7340945982,2
708074.0828974659,2
708237.4317003337,2
708400.7805032014,2
708564.1293060691,2
708727.4781089368,2
708890.8269118045,2
709054.1757146722,2
709217.5245175399,2
709380.8733204076,2
709544.2221232753,2
709707.5709261431,2
709870.9197290107,2
710034.2685318785,2
710197.6173347462,2
710360.9661376139,2
710524.3149404816,2
710687.6637433493,2
710851.012546217,2
711014.3613490846,2
711177.7101519523,2
711341.05895482,2
711504.4077576878,2
711667.7565605555,2
711831.1053634232,2
711994.4541662909,2
712157.8029691586,2
712321.1517720263,2
712484.500574894,2
712647.8493777617,2
712811.1981806294,2
712974.5469834971,2
713137.8957863648,2
713301.2445892326,2
713464.5933921003,2
713627.942194968,2
713791.2909978357,2
713954.6398007034,2
714117.9886035711,2
714281.3374064388,2
714444.6862093066,3
714608.0350121742,3
714771.383815042,3
714934.7326179097,3
715098.0814207774,3
715261.4302236451,3
715424.7790265128,3
715588.1278293804,3
715751.4766322481,3
715914.8254351158,3
716078.1742379835,3
716241.5230408512,3
716404.871843719,3
716568.2206465867,3
716731.5694494544,3
716894.9182523221,3
717058.2670551898,3
717221.6158580575,3
717384.9646609252,3
717548.3134637929,3
717711.6622666606,3
717875.0110695284,3
718038.3598723961,3
718201.7086752638,3
718365.0574781315,3
718528.4062809992,3
718691.7550838669,3
718855.1038867346,3
719018.4526896023,3
719181.80149247,3
719345.1502953378,2
719508.4990982055,2
719671.8479010732,3
719835.1967039409,3
719998.5455068086,3
720161.8943096763,3
720325.243112544,3
720488.5919154116,3
720651.9407182793,3
720815.289521147,3
720978.6383240147,3
721141.9871268825,3
721305.3359297502,3
721468.6847326179,3
721632.0335354856,3
721795.3823383533,3
721958.731141221,3
722122.0799440887,3
722285.4287469564,3
722448.7775498241,3
722612.1263526918,3
722775.4751555596,3
722938.8239584273,3
723102.172761295,3
723265.5215641627,3
723428.8703670304,3
723592.2191698981,3
723755.5679727658,3
723918.9167756336,2
724082.2655785012,2
724245.614381369,2
724408.9631842367,2
724572.3119871044,2
724735.660789972,2
724899.0095928397,3
725062.3583957074,3
725225.7071985751,3
725389.0560014428,3
725552.4048043105,3
725715.7536071783,3
725879.1024100459,3
726042.4512129137,3
726205.8000157814,3
726369.1488186491,3
726532.4976215168,3
726695.8464243845,3
726859.1952272522,3
727022.5440301199,3
727185.8928329877,3
727349.2416358553,3
727512.5904387231,3
727675.9392415907,3
727839.2880444585,3
728002.6368473262,3
728165.9856501939,3
728329.3344530616,3
728492.6832559293,3
728656.032058797,3
728819.3808616647,3
728982.7296645325,3
729146.0784674002,3
729309.4272702679,3
729472.7760731356,3
729636.1248760032,3
729799.4736788709,3
729962.8224817386,4
730126.1712846063,4
730289.520087474,3
730452.8688903417,3
730616.2176932094,3
730779.5664960772,3
730942.9152989449,3
731106.2641018126,3
731269.6129046803,3
731432.961707548,3
731596.3105104157,3
731759.6593132834,3
731923.0081161511,3
732086.3569190188,3
732249.7057218866,3
732413.0545247543,3
732576.403327622,3
732739.7521304897,3
732903.1009333574,3
733066.4497362251,3
733229.7985390928,3
733393.1473419606,3
733556.4961448282,3
733719.844947696,3
733883.1937505635,3
734046.5425534314,4
734209.891356299,3
734373.2401591667,3
734536.5889620344,3
734699.9377649021,4
734863.2865677698,4
735026.6353706375,4
735189.9841735053,4
735353.3329763729,5
735516.6817792407,4
735680.0305821084,4
735843.3793849761,4
736006.7281878438,4
736170.0769907115,4
736333.4257935793,4
736496.7745964469,4
736660.1233993146,3
736823.4722021823,4
736986.8210050501,4
737150.1698079178,4
737313.5186107855,3
737476.8674136532,3
737640.2162165209,3
737803.5650193886,3
737966.9138222563,3
738130.2626251241,3
738293.6114279917,3
738456.9602308595,3
738620.309033727,3
738783.6578365949,3
738947.0066394625,3
739110.3554423302,3
739273.7042451979,3
739437.0530480656,3
739600.4018509333,3
739763.750653801,3
739927.0994566687,3
740090.4482595365,3
740253.7970624041,3
740417.1458652719,3
740580.4946681396,3
740743.8434710073,3
740907.192273875,3
741070.5410767427,3
741233.8898796104,3
741397.2386824781,3
741560.5874853459,3
741723.9362882135,3
741887.2850910813,3
742050.633893949,3
742213.9826968167,3
742377.3314996844,3
742540.6803025521,3
742704.0291054198,3
742867.3779082875,3
743030.7267111551,3
743194.075514023,3
743357.4243168905,3
743520.7731197583,3
743684.1219226259,3
743847.4707254937,3
744010.8195283614,3
744174.1683312291,2
744337.5171340968,3
744500.8659369645,3
744664.2147398323,3
744827.5635426999,3
744990.9123455677,3
745154.2611484354,3
745317.6099513031,3
745480.9587541708,3
745644.3075570385,3
745807.6563599062,3
745971.0051627739,3
746134.3539656416,3
746297.7027685093,3
746461.0515713771,3
746624.4003742447,3
746787.7491771125,3
746951.0979799802,3
747114.4467828479,3
747277.7955857156,3
747441.1443885833,3
747604.493191451,3
747767.8419943186,3
747931.1907971865,3
748094.539600054,3
748257.8884029218,3
748421.2372057894,3
748584.5860086572,3
748747.9348115249,3
748911.2836143926,3
749074.6324172603,3
749237.981220128,3
749401.3300229957,3
749564.6788258634,3
749728.0276287312,3
749891.3764315989,4
750054.7252344666,3
750218.0740373343,3
750381.422840202,3
750544.7716430697,3
750708.1204459374,3
750871.4692488051,3
751034.8180516729,3
751198.1668545406,3
751361.5156574082,4
751524.864460276,4
751688.2132631437,4
751851.5620660114,3
752014.9108688791,3
752178.2596717468,3
752341.6084746144,3
752504.9572774821,3
752668.30608035,3
752831.6548832175,4
752995.0036860853,4
753158.352488953,3
753321.7012918207,3
753485.0500946884,3
753648.3988975561,4
753811.7477004238,3
753975.0965032915,3
754138.4453061593,4
754301.7941090269,3
754465.1429118947,3
754628.4917147624,3
754791.8405176301,3
754955.1893204978,3
755118.5381233655,3
755281.8869262332,3
755445.2357291009,3
755608.5845319686,3
755771.9333348363,3
755935.2821377041,3
756098.6309405717,3
756261.9797434395,3
756425.3285463072,3
756588.6773491749,3
756752.0261520426,3
756915.3749549103,3
757078.723757778,3
757242.0725606456,3
757405.4213635135,3
757568.770166381,3
757732.1189692488,3
757895.4677721165,3
758058.8165749842,3
758222.1653778519,3
758385.5141807196,3
758548.8629835873,3
758712.211786455,3
758875.5605893227,3
759038.9093921904,3
759202.2581950582,3
759365.6069979259,3
759528.9558007936,3
759692.3046036612,3
759855.653406529,3
760019.0022093967,3
760182.3510122644,3
760345.6998151321,3
760509.0486179998,3
760672.3974208676,3
760835.7462237353,3
760999.095026603,3
761162.4438294707,3
761325.7926323384,3
761489.141435206,3
761652.4902380737,3
761815.8390409414,3
761979.1878438091,3
762142.536646677,3
762305.8854495445,3
762469.2342524123,3
762632.58305528,3
762795.9318581477,3
762959.2806610154,3
763122.6294638831,3
763285.9782667508,3
763449.3270696185,3
763612.6758724863,3
763776.0246753539,3
763939.3734782217,4
764102.7222810893,3
764266.0710839571,3
764429.4198868247,3
764592.7686896925,3
764756.1174925602,3
764919.4662954279,4
765082.8150982956,3
765246.1639011633,3
765409.5127040311,3
765572.8615068987,3
765736.2103097665,3
765899.5591126342,3
766062.9079155019,3
766226.2567183696,3
766389.6055212372,3
766552.9543241049,3
766716.3031269726,3
766879.6519298403,3
767043.000732708,3
767206.3495355758,3
767369.6983384435,3
767533.0471413112,3
767696.3959441789,3
767859.7447470466,3
768023.0935499143,3
768186.442352782,3
768349.7911556497,3
768513.1399585174,3
768676.4887613852,3
768839.8375642528,3
769003.1863671206,3
769166.5351699882,3
769329.883972856,3
769493.2327757237,3
769656.5815785914,3
769819.9303814591,3
769983.2791843268,3
770146.6279871946,4
770309.9767900622,4
770473.32559293,4
770636.6743957977,4
770800.0231986654,4
770963.372001533,4
771126.7208044007,4
771290.0696072684,4
771453.4184101361,4
771616.7672130038,3
771780.1160158715,3
771943.4648187393,3
772106.813621607,3
772270.1624244747,3
772433.5112273424,4
772596.8600302101,4
772760.2088330778,4
772923.5576359455,4
773086.9064388132,4
773250.2552416809,4
773413.6040445487,4
773576.9528474163,4
773740.3016502841,4
773903.6504531518,4
774066.9992560195,5
774230.3480588872,4
774393.6968617549,5
774557.0456646226,5
774720.3944674903,5
774883.7432703581,5
775047.0920732256,4
775210.4408760935,3
775373.7896789612,3
775537.1384818288,3
775700.4872846965,3
775863.8360875642,4
776027.1848904319,4
776190.5336932996,4
776353.8824961673,5
776517.231299035,5
776680.5801019027,5
776843.9289047705,5
777007.2777076382,5
777170.6265105058,5
777333.9753133736,5
777497.3241162413,5
777660.672919109,5
777824.0217219767,5
777987.3705248444,5
778150.7193277122,5
778314.0681305798,5
778477.4169334476,5
778640.7657363152,5
778804.114539183,5
778967.4633420507,5
779130.8121449184,5
779294.1609477861,5
779457.5097506538,5
779620.8585535215,5
779784.2073563891,5
779947.556159257,5
780110.9049621247,4
780274.2537649923,4
780437.60256786,4
780600.9513707277,4
780764.3001735954,4
780927.6489764632,4
781090.9977793308,3
781254.3465821985,3
781417.6953850663,4
781581.044187934,4
781744.3929908017,3
781907.7417936693,4
782071.0905965371,4
782234.4393994048,3
782397.7882022725,4
782561.1370051403,3
782724.4858080079,4
782887.8346108757,3
783051.1834137433,4
783214.5322166111,4
783377.8810194788,3
783541.2298223465,3
783704.5786252142,3
783867.9274280819,3
784031.2762309497,3
784194.6250338173,3
784357.973836685,3
784521.3226395526,2
784684.6714424205,3
784848.020245288,3
785011.3690481558,2
785174.7178510235,3
785338.0666538912,3
785501.4154567589,3
785664.7642596266,3
785828.1130624943,3
785991.461865362,3
786154.8106682298,2
786318.1594710974,2
786481.5082739652,2
786644.8570768329,2
786808.2058797006,2
786971.5546825683,3
787134.903485436,3
787298.2522883037,5
787461.6010911714,4
787624.9498940392,3
787788.2986969068,3
787951.6474997745,4
788114.9963026423,4
788278.34510551,4
788441.6939083777,4
788605.0427112454,4
788768.391514113,4
788931.7403169808,4
789095.0891198484,4
789258.4379227161,4
789421.786725584,4
789585.1355284515,4
789748.4843313193,4
789911.8331341869,4
790075.1819370547,3
790238.5307399224,3
790401.8795427901,3
790565.2283456578,3
790728.5771485255,4
790891.9259513933,4
791055.2747542609,5
791218.6235571287,4
791381.9723599964,4
791545.3211628641,5
791708.6699657318,5
791872.0187685995,4
792035.3675714672,4
792198.7163743349,4
792362.0651772027,4
792525.4139800704,4
792688.7627829381,4
792852.1115858058,5
793015.4603886735,5
793178.8091915413,5
793342.1579944089,5
793505.5067972766,5
793668.8556001442,5
793832.2044030121,5
793995.5532058796,5
794158.9020087474,5
794322.2508116151,5
794485.5996144828,5
794648.9484173505,5
794812.2972202182,6
794975.6460230859,5
795138.9948259536,5
795302.3436288213,6
795465.692431689,6
795629.0412345568,4
795792.3900374244,5
795955.7388402922,5
796119.0876431599,5
796282.4364460276,5
796445.7852488953,6
796609.134051763,5
796772.4828546307,5
796935.8316574984,6
797099.1804603661,6
797262.5292632339,6
797425.8780661016,6
797589.2268689693,6
797752.575671837,6
797915.9244747047,7
798079.2732775724,6
798242.62208044,6
798405.9708833077,6
798569.3196861754,6
798732.6684890431,5
798896.017291911,6
799059.3660947785,6
799222.7148976463,6
799386.0637005139,4
799549.4125033817,4
799712.7613062494,5
799876.1101091171,5
800039.4589119848,5
800202.8077148525,5
800366.1565177202,5
800529.505320588,5
800692.8541234557,5
800856.2029263234,4
801019.5517291911,3
801182.9005320588,4
801346.2493349265,5
801509.5981377942,5
801672.9469406619,5
801836.2957435296,5
801999.6445463973,5
802162.9933492651,4
802326.3421521328,4
802489.6909550005,5
802653.0397578682,5
802816.3885607359,5
802979.7373636035,5
803143.0861664712,5
803306.4349693389,5
803469.7837722067,5
803633.1325750744,5
803796.481377942,5
803959.8301808098,5
804123.1789836775,4
804286.5277865452,5
804449.8765894129,5
804613.2253922806,5
804776.5741951484,5
804939.922998016,4
805103.2718008837,5
805266.6206037514,5
805429.9694066192,5
805593.3182094869,4
805756.6670123546,4
805920.0158152223,4
806083.36461809,4
806246.7134209577,5
806410.0622238254,4
806573.4110266931,5
806736.7598295608,5
806900.1086324286,5
807063.4574352963,4
807226.806238164,4
807390.1550410317,5
807553.5038438994,4
807716.852646767,4
807880.2014496347,4
808043.5502525024,5
808206.8990553701,4
808370.2478582379,4
808533.5966611055,5
808696.9454639733,5
808860.294266841,4
809023.6430697087,5
809186.9918725764,5
809350.3406754441,4
809513.6894783118,4
809677.0382811795,4
809840.3870840473,4
810003.7358869149,4
810167.0846897827,4
810330.4334926504,4
810493.7822955181,4
810657.1310983858,4
810820.4799012535,4
810983.8287041212,4
811147.1775069889,4
811310.5263098566,5
811473.8751127244,4
811637.223915592,4
811800.5727184598,5
811963.9215213275,5
812127.2703241952,5
812290.6191270628,5
812453.9679299305,5
812617.3167327982,5
812780.665535666,5
812944.0143385336,4
813107.3631414014,4
813270.711944269,4
813434.0607471368,4
813597.4095500045,4
813760.7583528722,5
813924.1071557399,4
814087.4559586076,4
814250.8047614753,4
814414.153564343,5
814577.5023672108,5
814740.8511700784,4
814904.1999729462,5
815067.5487758139,5
815230.8975786816,6
815394.2463815493,5
815557.595184417,6
815720.9439872847,6
815884.2927901524,6
816047.6415930202,6
816210.9903958878,6
816374.3391987556,5
816537.6880016231,5
816701.036804491,5
816864.3856073587,5
817027.7344102263,5
817191.083213094,5
817354.4320159617,5
817517.7808188294,5
817681.1296216971,4
817844.4784245649,4
818007.8272274325,4
818171.1760303003,4
818334.524833168,4
818497.8736360357,4
818661.2224389034,4
818824.5712417711,4
818987.9200446389,5
819151.2688475065,6
819314.6176503743,6
819477.9664532419,6
819641.3152561097,6
819804.6640589773,6
819968.0128618451,5
820131.3616647127,7
820294.7104675805,5
820458.0592704482,5
820621.4080733159,5
820784.7568761836,4
820948.1056790513,4
821111.454481919,4
821274.8032847868,4
821438.1520876545,4
821601.500890522,4
821764.8496933898,4
821928.1984962575,4
822091.5472991252,4
822254.8961019929,4
822418.2449048606,4
822581.5937077284,4
822744.9425105961,4
822908.2913134638,4
823071.6401163315,4
823234.9889191992,4
823398.3377220669,4
823561.6865249346,4
823725.0353278024,4
823888.38413067,4
824051.7329335377,3
824215.0817364055,3
824378.4305392732,3
824541.7793421409,3
824705.1281450086,3
824868.4769478763,3
825031.825750744,3
825195.1745536118,3
825358.5233564794,3
825521.8721593472,4
825685.2209622147,3
825848.5697650826,4
826011.9185679501,4
826175.267370818,3
826338.6161736855,3
826501.9649765533,3
826665.313779421,3
826828.6625822887,3
826992.0113851564,3
827155.3601880241,3
827318.7089908919,3
827482.0577937596,3
827645.4065966273,3
827808.7553994949,3
827972.1042023627,3
828135.4530052304,3
828298.8018080981,3
828462.1506109658,3
828625.4994138335,3
828788.8482167012,3
828952.1970195689,3
829115.5458224367,3
829278.8946253043,3
829442.2434281721,3
829605.5922310397,3
829768.9410339075,3
829932.2898367752,3
830095.6386396429,3
830258.9874425106,3
830422.3362453782,3
830585.685048246,3
830749.0338511138,3
830912.3826539814,3
831075.7314568491,3
831239.0802597168,3
831402.4290625845,3
831565.7778654522,3
831729.1266683199,3
831892.4754711876,3
832055.8242740553,4
832219.173076923,4
832382.5218797908,4
832545.8706826585,4
832709.2194855261,4
832872.5682883939,5
833035.9170912616,5
833199.2658941293,5
833362.614696997,5
833525.9634998647,5
833689.3123027325,5
833852.6611056002,5
834016.0099084679,5
834179.3587113356,5
834342.7075142033,5
834506.056317071,5
834669.4051199387,5
834832.7539228064,5
834996.1027256742,5
835159.4515285417,5
835322.8003314096,5
835486.1491342771,5
835649.497937145,5
835812.8467400126,5
835976.1955428803,5
836139.544345748,4
836302.8931486157,4
836466.2419514834,4
836629.5907543511,5
836792.9395572189,5
836956.2883600865,4
837119.6371629543,5
837282.985965822,5
837446.3347686897,4
837609.6835715573,4
837773.0323744251,4
837936.3811772928,3
838099.7299801605,3
838263.0787830282,3
838426.4275858959,3
838589.7763887636,4
838753.1251916313,4
838916.4739944991,4
839079.8227973668,4
839243.1716002345,4
839406.5204031022,4
839569.8692059699,4
839733.2180088377,4
839896.5668117052,4
840059.915614573,4
840223.2644174406,4
840386.6132203084,4
840549.9620231761,5
840713.3108260438,4
840876.6596289115,4
841040.0084317792,4
841203.3572346469,4
841366.7060375146,4
841530.0548403823,4
841693.4036432501,4
841856.7524461177,4
842020.1012489855,4
842183.4500518532,4
842346.7988547209,4
842510.1476575886,4
842673.4964604563,4
842836.845263324,4
843000.1940661918,4
843163.5428690594,4
843326.8916719272,4
843490.2404747948,4
843653.5892776626,4
843816.9380805303,4
843980.286883398,4
844143.6356862657,4
844306.9844891333,4
844470.3332920012,4
844633.6820948687,4
844797.0308977365,4
844960.3797006042,4
845123.7285034719,4
845287.0773063396,4
845450.4261092073,4
845613.774912075,4
845777.1237149427,4
845940.4725178104,4
846103.8213206781,4
846267.1701235459,4
846430.5189264136,4
846593.8677292813,4
846757.2165321489,4
846920.5653350167,4
847083.9141378844,4
847247.2629407521,4
847410.6117436198,4
847573.9605464875,4
847737.3093493552,4
847900.6581522229,3
848064.0069550907,4
848227.3557579583,4
848390.7045608261,4
848554.0533636936,4
848717.4021665615,3
848880.7509694292,4
849044.0997722968,4
849207.4485751645,4
849370.7973780322,4
849534.1461809,4
849697.4949837676,3
849860.8437866353,4
850024.192589503,4
850187.5413923708,4
850350.8901952385,4
850514.2389981062,4
850677.5878009739,5
850840.9366038416,5
851004.2854067093,4
851167.634209577,4
851330.9830124448,4
851494.3318153125,4
851657.6806181802,4
851821.0294210479,5
851984.3782239156,5
852147.7270267833,5
852311.075829651,5
852474.4246325187,5
852637.7734353864,5
852801.122238254,4
852964.4710411218,5
853127.8198439896,5
853291.1686468573,5
853454.517449725,5
853617.8662525926,5
853781.2150554603,4
853944.5638583282,4
854107.9126611957,4
854271.2614640634,4
854434.6102669312,4
854597.9590697989,5
854761.3078726666,4
854924.6566755343,4
855088.005478402,4
855251.3542812697,4
855414.7030841374,4
855578.0518870051,4
855741.4006898729,4
855904.7494927405,4
856068.0982956083,4
856231.4470984759,5
856394.7959013437,5
856558.1447042114,5
856721.4935070791,5
856884.8423099468,5
857048.1911128145,5
857211.5399156822,3
857374.8887185499,3
857538.2375214177,3
857701.5863242853,4
857864.9351271531,4
858028.2839300208,3
858191.6327328885,3
858354.981535756,3
858518.3303386238,4
858681.6791414917,4
858845.0279443592,4
859008.3767472269,4
859171.7255500946,4
859335.0743529624,4
859498.4231558301,5
859661.7719586978,5
859825.1207615655,5
859988.4695644332,5
860151.8183673009,5
860315.1671701686,5
860478.5159730363,4
860641.864775904,4
860805.2135787717,4
860968.5623816395,5
861131.9111845072,5
861295.2599873749,5
861458.6087902426,5
861621.9575931103,5
861785.306395978,4
861948.6551988457,4
862112.0040017134,4
862275.3528045812,5
862438.7016074487,5
862602.0504103166,4
862765.3992131841,4
862928.748016052,4
863092.0968189196,4
863255.4456217873,4
863418.794424655,4
863582.1432275227,4
863745.4920303905,4
863908.8408332581,4
864072.1896361259,4
864235.5384389936,4
864398.8872418613,4
864562.236044729,5
864725.5848475967,5
864888.9336504644,5
865052.2824533321,5
865215.6312561998,5
865378.9800590675,5
865542.3288619353,4
865705.6776648029,4
865869.0264676706,4
866032.3752705384,4
866195.7240734061,3
866359.0728762738,4
866522.4216791415,4
866685.7704820093,4
866849.1192848769,4
867012.4680877447,4
867175.8168906122,3
867339.16569348,3
867502.5144963476,3
867665.8632992154,4
867829.2121020831,3
867992.5609049508,4
868155.9097078185,3
868319.2585106862,2
868482.607313554,2
868645.9561164217,2
868809.3049192893,2
868972.653722157,3
869136.0025250248,3
869299.3513278925,3
869462.7001307602,3
869626.0489336279,3
869789.3977364956,3
869952.7465393633,3
870116.095342231,3
870279.4441450988,3
870442.7929479664,2
870606.1417508342,3
870769.4905537018,4
870932.8393565696,4
871096.1881594374,4
871259.536962305,4
871422.8857651727,4
871586.2345680404,4
871749.5833709082,4
871912.9321737757,4
872076.2809766436,4
872239.6297795111,4
872402.978582379,4
872566.3273852466,4
872729.6761881143,4
872893.0249909819,4
873056.3737938497,4
873219.7225967175,4
873383.0713995851,3
873546.4202024529,4
873709.7690053205,4
873873.1178081883,4
874036.466611056,4
874199.8154139237,4
874363.1642167914,4
874526.5130196591,3
874689.8618225268,3
874853.2106253945,3
875016.5594282623,3
875179.9082311299,3
875343.2570339977,3
875506.6058368653,3
875669.9546397331,3
875833.3034426008,3
875996.6522454685,3
876160.001048336,3
876323.3498512038,3
876486.6986540717,3
876650.0474569392,3
876813.396259807,3
876976.7450626746,3
877140.0938655424,3
877303.4426684101,4
877466.7914712778,4
877630.1402741455,4
877793.4890770132,4
877956.837879881,4
878120.1866827487,4
878283.5354856164,4
878446.8842884841,3
878610.2330913517,4
878773.5818942195,4
878936.9306970872,4
879100.2794999549,4
879263.6283028226,4
879426.9771056904,4
879590.325908558,4
879753.6747114258,4
879917.0235142934,4
880080.3723171612,4
880243.7211200288,4
880407.0699228966,5
880570.4187257643,5
880733.767528632,3
880897.1163314997,4
881060.4651343673,3
881223.8139372352,3
881387.1627401027,3
881550.5115429705,3
881713.8603458381,3
881877.2091487059,3
882040.5579515736,3
882203.9067544413,3
882367.2555573089,4
882530.6043601767,4
882693.9531630444,4
882857.3019659121,4
883020.6507687799,4
883183.9995716475,4
883347.3483745153,4
883510.697177383,4
883674.0459802507,4
883837.3947831184,4
884000.7435859861,4
884164.0923888538,4
884327.4411917216,4
884490.7899945893,4
884654.1387974569,4
884817.4876003247,4
884980.8364031923,5
885144.1852060601,5
885307.5340089278,4
885470.8828117955,4
885634.2316146631,4
885797.5804175308,4
885960.9292203987,4
886124.2780232662,4
886287.626826134,4
886450.9756290017,4
886614.3244318694,3
886777.6732347371,3
886941.0220376048,3
887104.3708404725,3
887267.7196433402,3
887431.0684462079,4
887594.4172490757,4
887757.7660519434,3
887921.114854811,4
888084.4636576788,4
888247.8124605464,4
888411.1612634142,4
888574.5100662819,3
888737.8588691496,4
888901.2076720173,4
889064.556474885,4
889227.9052777527,4
889391.2540806204,4
889554.6028834882,4
889717.9516863558,4
889881.3004892236,4
890044.6492920914,4
890207.998094959,4
890371.3468978266,4
890534.6957006943,3
890698.0445035622,4
890861.3933064297,4
891024.7421092975,4
891188.0909121651,4
891351.4397150329,4
891514.7885179005,4
891678.1373207683,4
891841.486123636,4
892004.8349265037,4
892168.1837293714,4
892331.5325322392,4
892494.8813351069,4
892658.2301379745,5
892821.5789408423,5
892984.9277437099,5
893148.2765465777,5
893311.6253494454,5
893474.9741523131,6
893638.3229551808,6
893801.6717580485,6
893965.0205609163,5
894128.3693637839,6
894291.7181666517,6
894455.0669695192,5
894618.4157723871,5
894781.7645752548,6
894945.1133781224,6
895108.4621809901,5
895271.8109838578,5
895435.1597867256,5
895598.5085895932,5
895761.857392461,5
895925.2061953287,5
896088.5549981964,5
896251.9038010641,5
896415.2526039318,5
896578.6014067995,5
896741.9502096672,6
896905.2990125349,5
897068.6478154026,5
897231.9966182704,5
897395.345421138,5
897558.6942240057,5
897722.0430268734,5
897885.3918297412,5
898048.7406326089,5
898212.0894354766,5
898375.4382383443,5
898538.787041212,5
898702.1358440797,5
898865.4846469474,6
899028.8334498152,5
899192.1822526827,5
899355.5310555506,5
899518.8798584183,5
899682.228661286,5
899845.5774641536,7
900008.9262670213,7
900172.2750698891,5
900335.6238727567,6
900498.9726756245,6
900662.3214784921,6
900825.6702813599,9
900989.0190842276,5
901152.3678870953,4
901315.716689963,4
901479.0654928307,4
901642.4142956984,5
901805.7630985661,4
901969.1119014339,4
902132.4607043015,4
902295.8095071693,3
902459.1583100369,3
902622.5071129047,3
902785.8559157724,3
902949.2047186401,4
903112.5535215077,3
903275.9023243755,4
903439.2511272433,4
903602.5999301109,5
903765.9487329787,4
903929.2975358462,4
904092.646338714,4
904255.9951415816,5
904419.3439444494,5
904582.6927473171,4
904746.0415501848,5
904909.3903530525,6
905072.7391559203,6
905236.087958788,5
905399.4367616557,5
905562.7855645234,5
905726.134367391,5
905889.4831702588,4
906052.8319731265,4
906216.1807759942,4
906379.5295788619,4
906542.8783817296,3
906706.2271845973,3
906869.575987465,3
907032.9247903328,4
907196.2735932004,3
907359.6223960682,3
907522.9711989359,3
907686.3200018036,3
907849.6688046713,3
908013.017607539,3
908176.3664104068,4
908339.7152132744,4
908503.0640161422,4
908666.4128190097,5
908829.7616218776,6
908993.1104247452,6
909156.4592276129,5
909319.8080304806,4
909483.1568333483,3
909646.505636216,3
909809.8544390837,3
909973.2032419515,3
910136.5520448192,3
910299.9008476869,3
910463.2496505545,5
910626.5984534223,5
910789.94725629,7
910953.2960591577,6
911116.6448620254,7
911279.9936648931,7
911443.3424677609,7
911606.6912706285,7
911770.0400734963,7
911933.3888763639,6
912096.7376792317,6
912260.0864820995,6
912423.4352849671,5
912586.7840878349,6
912750.1328907025,7
912913.4816935703,6
913076.8304964378,6
913240.1792993057,6
913403.5281021732,6
913566.876905041,6
913730.2257079087,6
913893.5745107764,6
914056.923313644,8
914220.2721165118,6
914383.6209193794,10
914546.9697222473,9
914710.318525115,10
914873.6673279826,11
915037.0161308504,11
915200.364933718,7
915363.7137365858,7
915527.0625394535,7
915690.4113423212,7
915853.7601451889,7
916017.1089480566,8
916180.4577509244,7
916343.806553792,8
916507.1553566597,8
916670.5041595274,8
916833.8529623952,11
916997.2017652629,8
917160.5505681306,8
917323.8993709983,9
917487.248173866,8
917650.5969767337,8
917813.9457796013,8
917977.2945824692,8
918140.6433853367,8
918303.9921882045,7
918467.3409910722,6
918630.6897939399,11
918794.0385968076,11
918957.3873996753,9
919120.736202543,8
919284.0850054107,8
919447.4338082785,9
919610.7826111461,9
919774.1314140139,9
919937.4802168815,11
920100.8290197493,8
920264.177822617,10
920427.5266254847,9
920590.8754283524,7
920754.2242312201,7
920917.5730340879,7
921080.9218369555,8
921244.2706398233,8
921407.6194426909,8
921570.9682455587,12
921734.3170484265,12
921897.6658512941,11
922061.0146541618,9
922224.3634570295,8
922387.7122598971,9
922551.0610627648,10
922714.4098656327,10
922877.7586685002,12
923041.107471368,11
923204.4562742356,8
923367.8050771034,8
923531.153879971,8
923694.5026828388,11
923857.8514857064,8
924021.2002885742,7
924184.549091442,8
924347.8978943096,5
924511.2466971773,8
924674.595500045,6
924837.9443029128,7
925001.2931057805,5
925164.6419086482,8
925327.9907115159,6
925491.3395143836,5
925654.6883172513,6
925818.037120119,6
925981.3859229868,5
926144.7347258544,6
926308.0835287222,6
926471.4323315899,8
926634.7811344576,7
926798.1299373254,8
926961.478740193,5
927124.8275430606,7
927288.1763459283,7
927451.5251487962,8
927614.8739516637,7
927778.2227545315,7
927941.5715573992,8
928104.9203602669,8
928268.2691631346,8
928431.6179660023,6
928594.96676887,7
928758.3155717377,6
928921.6643746055,6
929085.0131774732,6
929248.3619803409,6
929411.7107832085,6
929575.0595860763,6
929738.408388944,6
929901.7571918117,6
930065.1059946795,6
930228.4547975471,7
930391.8036004149,7
930555.1524032825,5
930718.5012061503,8
930881.8500090179,6
931045.1988118857,6
931208.5476147534,6
931371.896417621,6
931535.2452204888,5
931698.5940233564,5
931861.942826224,5
932025.2916290918,9
932188.6404319596,9
932351.9892348272,9
932515.338037695,6
932678.6868405626,5
932842.0356434304,5
933005.384446298,5
933168.7332491658,5
933332.0820520335,7
933495.4308549012,7
933658.779657769,6
933822.1284606366,5
933985.4772635044,5
934148.826066372,6
934312.1748692397,6
934475.5236721075,5
934638.8724749752,8
934802.2212778429,5
934965.5700807106,5
935128.9188835783,5
935292.267686446,5
935455.6164893138,5
935618.9652921814,5
935782.3140950492,5
935945.662897917,5
936109.0117007846,5
936272.3605036522,5
936435.70930652,5
936599.0581093876,6
936762.4069122553,5
936925.7557151231,5
937089.1045179907,5
937252.4533208585,5
937415.8021237262,5
937579.1509265939,5
937742.4997294616,5
937905.8485323293,5
938069.197335197,7
938232.5461380647,7
938395.8949409325,6
938559.2437438001,6
938722.5925466679,7
938885.9413495355,7
939049.2901524033,6
939212.638955271,6
939375.9877581387,5
939539.3365610064,7
939702.6853638741,5
939866.0341667418,7
940029.3829696095,7
940192.7317724773,7
940356.0805753449,6
940519.4293782127,8
940682.7781810802,7
940846.126983948,7
941009.4757868156,7
941172.8245896834,5
941336.1733925511,5
941499.5221954188,5
941662.8709982866,5
941826.2198011542,5
941989.568604022,5
942152.9174068896,5
942316.2662097574,5
942479.6150126251,5
942642.9638154928,6
942806.3126183605,5
942969.6614212282,4
943133.010224096,6
943296.3590269636,6
943459.7078298313,6
943623.056632699,6
943786.4054355668,5
943949.7542384345,6
944113.1030413022,7
944276.4518441699,6
944439.8006470376,6
944603.1494499054,6
944766.498252773,7
944929.8470556408,7
945093.1958585083,7
945256.5446613762,6
945419.8934642437,7
945583.2422671115,7
945746.5910699792,7
945909.9398728469,6
946073.2886757146,6
946236.6374785823,6
946399.9862814501,6
946563.3350843178,6
946726.6838871855,6
946890.0326900532,6
947053.3814929209,6
947216.7302957886,6
947380.0790986563,6
947543.427901524,6
947706.7767043917,6
947870.1255072595,6
948033.4743101271,6
948196.8231129949,6
948360.1719158625,6
948523.5207187303,7
948686.869521598,7
948850.2183244657,6
949013.5671273334,8
949176.9159302011,7
949340.2647330688,5
949503.6135359365,4
949666.9623388043,4
949830.3111416718,4
949993.6599445397,4
950157.0087474072,5
950320.357550275,6
950483.7063531427,7
950647.0551560104,7
950810.403958878,7
950973.7527617458,7
951137.1015646136,7
951300.4503674812,8
951463.799170349,7
951627.1479732166,7
951790.4967760844,6
951953.8455789521,6
952117.1943818198,6
952280.5431846875,6
952443.8919875552,6
952607.2407904229,6
952770.5895932906,7
952933.9383961584,8
953097.287199026,8
953260.6360018937,6
953423.9848047614,7
953587.3336076292,7
953750.6824104969,6
953914.0312133646,6
954077.3800162323,6
954240.7288191,6
954404.0776219678,6
954567.4264248353,6
954730.7752277032,6
954894.1240305707,6
955057.4728334385,6
955220.8216363062,6
955384.1704391739,6
955547.5192420415,6
955710.8680449093,6
955874.2168477771,6
956037.5656506447,7
956200.9144535125,7
956364.2632563801,7
956527.6120592478,9
956690.9608621156,9
956854.3096649833,8
957017.658467851,8
957181.0072707187,8
957344.3560735864,8
957507.7048764541,8
957671.0536793219,7
957834.4024821895,6
957997.7512850572,7
958161.1000879249,8
958324.4488907927,9
958487.7976936604,8
958651.1464965281,8
958814.4952993958,6
958977.8441022635,7
959141.1929051311,6
959304.5417079988,6
959467.8905108665,6
959631.2393137342,6
959794.588116602,6
959957.9369194696,6
960121.2857223374,6
960284.634525205,6
960447.9833280728,6
960611.3321309406,6
960774.6809338082,6
960938.029736676,6
961101.3785395436,6
961264.7273424114,7
961428.076145279,8
961591.4249481468,8
961754.7737510146,8
961918.1225538822,8
962081.47135675,8
962244.8201596176,8
962408.1689624854,8
962571.517765353,7
962734.8665682208,8
962898.2153710884,8
963061.5641739562,8
963224.912976824,8
963388.2617796916,9
963551.6105825594,8
963714.959385427,8
963878.3081882948,8
964041.6569911623,8
964205.0057940301,8
964368.3545968977,8
964531.7033997655,8
964695.0522026331,7
964858.4010055009,7
965021.7498083686,8
965185.0986112363,8
965348.4474141041,8
965511.7962169717,8
965675.1450198395,6
965838.4938227072,6
966001.8426255749,6
966165.1914284426,6
966328.5402313103,6
966491.889034178,5
966655.2378370457,5
966818.5866399135,5
966981.9354427811,6
967145.2842456489,5
967308.6330485165,5
967471.9818513843,7
967635.3306542519,6
967798.6794571197,6
967962.0282599874,7
968125.377062855,7
968288.7258657229,9
968452.0746685904,8
968615.4234714583,8
968778.772274326,8
968942.1210771936,8
969105.4698800613,8
969268.818682929,7
969432.1674857967,8
969595.5162886644,7
969758.8650915321,7
969922.2138943998,8
970085.5626972675,9
970248.9115001353,8
970412.260303003,7
970575.6091058706,7
970738.9579087384,7
970902.3067116061,6
971065.6555144738,6
971229.0043173415,6
971392.3531202092,6
971555.7019230769,7
971719.0507259447,5
971882.3995288123,4
972045.74833168,4
972209.0971345478,5
972372.4459374154,6
972535.7947402832,5
972699.143543151,6
972862.4923460186,6
973025.8411488864,5
973189.189951754,5
973352.5387546218,5
973515.8875574893,5
973679.2363603571,7
973842.5851632247,7
974005.9339660925,6
974169.2827689602,6
974332.6315718279,6
974495.9803746956,6
974659.3291775633,7
974822.677980431,7
974986.0267832988,7
975149.3755861665,7
975312.7243890341,6
975476.0731919017,6
975639.4219947696,5
975802.7707976373,8
975966.119600505,5
976129.4684033727,5
976292.8172062404,8
976456.1660091081,10
976619.5148119758,6
976782.8636148435,5
976946.2124177112,5
977109.5612205788,6
977272.9100234467,8
977436.2588263144,6
977599.607629182,9
977762.9564320497,9
977926.3052349174,5
978089.6540377853,4
978253.0028406528,4
978416.3516435206,4
978579.7004463882,6
978743.049249256,4
978906.3980521236,7
979069.7468549914,4
979233.095657859,5
979396.4444607268,6
979559.7932635945,4
979723.1420664622,6
979886.49086933,7
980049.8396721978,8
980213.1884750654,6
980376.537277933,6
980539.8860808008,4
980703.2348836686,5
980866.5836865362,8
981029.932489404,9
981193.2812922716,5
981356.6300951394,6
981519.978898007,5
981683.3277008748,6
981846.6765037423,7
982010.0253066102,9
982173.3741094777,9
982336.7229123455,6
982500.0717152134,5
982663.4205180809,5
982826.7693209487,5
982990.1181238163,7
983153.4669266841,4
983316.8157295517,3
983480.1645324195,5
983643.5133352871,4
983806.8621381549,3
983970.2109410225,3
984133.5597438903,4
984296.9085467579,5
984460.2573496257,5
984623.6061524935,5
984786.9549553611,4
984950.3037582289,5
985113.6525610965,3
985277.0013639643,4
985440.3501668321,4
985603.6989696997,3
985767.0477725674,4
985930.3965754351,4
986093.7453783029,4
986257.0941811705,4
986420.4429840383,4
986583.791786906,4
986747.1405897737,5
986910.4893926413,4
987073.838195509,4
987237.1869983769,5
987400.5358012444,4
987563.8846041121,4
987727.2334069799,5
987890.5822098476,5
988053.9310127153,5
988217.279815583,5
988380.6286184506,6
988543.9774213184,7
988707.3262241861,6
988870.6750270538,6
989034.0238299215,6
989197.3726327893,5
989360.721435657,5
989524.0702385247,5
989687.4190413923,5
989850.76784426,5
990014.1166471278,5
990177.4654499955,4
990340.8142528632,4
990504.163055731,4
990667.5118585986,4
990830.8606614664,6
990994.209464334,4
991157.5582672018,4
991320.9070700693,4
991484.2558729372,4
991647.604675805,4
991810.9534786725,4
991974.3022815401,4
992137.6510844079,4
992300.9998872756,4
992464.3486901434,6
992627.6974930111,7
992791.0462958788,9
992954.3950987465,5
993117.7439016141,5
993281.0927044819,4
993444.4415073496,4
993607.7903102173,3
993771.139113085,3
993934.4879159527,5
994097.8367188205,3
994261.1855216881,4
994424.5343245559,3
994587.8831274235,5
994751.2319302913,4
994914.580733159,5
995077.9295360267,3
995241.2783388944,3
995404.6271417621,4
995567.9759446298,4
995731.3247474974,4
995894.6735503653,4
996058.0223532328,4
996221.3711561006,4
996384.7199589682,4
996548.068761836,4
996711.4175647036,4
996874.7663675714,4
997038.115170439,4
997201.4639733068,4
997364.8127761746,4
997528.1615790422,3
997691.51038191,3
997854.8591847777,3
998018.2079876454,3
998181.5567905131,3
998344.9055933808,3
998508.2543962485,3
998671.6031991162,3
998834.952001984,3
998998.3008048516,4
999161.6496077193,3
999324.998410587,3
999488.3472134547,4
999651.6960163225,4
999815.0448191902,4
999978.3936220577,4
1000141.7424249256,5
1000305.0912277934,5
1000468.440030661,4
1000631.7888335288,5
1000795.1376363963,4
1000958.4864392641,4
1001121.835242132,3
1001285.1840449995,4
1001448.5328478671,4
1001611.8816507349,5
1001775.2304536025,2
1001938.5792564703,3
1002101.9280593381,3
1002265.2768622057,3
1002428.6256650735,7
1002591.9744679411,5
1002755.3232708089,5
1002918.6720736765,4
1003082.0208765443,4
1003245.3696794121,4
1003408.7184822797,4
1003572.0672851473,4
1003735.4160880151,4
1003898.7648908829,4
1004062.1136937505,4
1004225.4624966183,4
1004388.8112994861,4
1004552.1601023537,4
1004715.5089052212,4
1004878.857708089,4
1005042.2065109569,4
1005205.5553138246,4
1005368.9041166923,4
1005532.25291956,4
1005695.6017224276,4
1005858.9505252953,4
1006022.299328163,4
1006185.6481310307,4
1006348.9969338984,3
1006512.3457367661,4
1006675.6945396338,4
1006839.0433425016,4
1007002.3921453693,4
1007165.740948237,4
1007329.0897511047,4
1007492.4385539724,4
1007655.7873568401,4
1007819.1361597078,4
1007982.4849625755,4
1008145.8337654432,4
1008309.182568311,4
1008472.5313711786,4
1008635.8801740464,4
1008799.228976914,4
1008962.5777797818,4
1009125.9265826496,4
1009289.2753855172,3
1009452.624188385,4
1009615.9729912526,4
1009779.3217941202,4
1009942.6705969879,4
1010106.0193998558,4
1010269.3682027234,4
1010432.7170055911,4
1010596.0658084588,5
1010759.4146113265,4
1010922.7634141942,4
1011086.1122170619,5
1011249.4610199296,6
1011412.8098227973,5
1011576.1586256651,4
1011739.5074285328,5
1011902.8562314005,5
1012066.2050342681,4
1012229.5538371359,4
1012392.9026400036,4
1012556.2514428713,4
1012719.600245739,5
1012882.9490486067,5
1013046.2978514744,4
1013209.6466543421,4
1013372.9954572098,5
1013536.3442600775,5
1013699.6930629453,5
1013863.041865813,5
1014026.3906686807,5
1014189.7394715485,5
1014353.088274416,4
1014516.4370772836,4
1014679.7858801514,4
1014843.1346830192,4
1015006.4834858868,4
1015169.8322887546,4
1015333.1810916222,4
1015496.52989449,4
1015659.8786973577,4
1015823.2275002254,3
1015986.5763030931,3
1016149.9251059608,3
1016313.2739088285,4
1016476.6227116962,4
1016639.971514564,4
1016803.3203174317,4
1016966.6691202994,4
1017130.0179231671,4
1017293.3667260348,4
1017456.7155289025,4
1017620.0643317702,4
1017783.4131346379,4
1017946.7619375056,4
1018110.1107403733,4
1018273.459543241,4
1018436.8083461086,4
1018600.1571489765,4
1018763.5059518442,4
1018926.8547547119,3
1019090.2035575795,4
1019253.5523604471,3
1019416.9011633149,3
1019580.2499661827,3
1019743.5987690503,3
1019906.9475719181,3
1020070.2963747857,3
1020233.6451776535,3
1020396.9939805211,3
1020560.3427833889,3
1020723.6915862565,3
1020887.0403891243,3
1021050.3891919921,3
1021213.7379948597,3
1021377.0867977275,3
1021540.4356005953,3
1021703.7844034629,3
1021867.1332063307,3
1022030.4820091983,3
1022193.8308120661,4
1022357.1796149337,4
1022520.5284178013,3
1022683.8772206691,3
1022847.2260235369,3
1023010.5748264045,4
1023173.9236292723,4
1023337.2724321398,4
1023500.6212350077,3
1023663.9700378752,3
1023827.318840743,3
1023990.6676436106,3
1024154.0164464784,3
1024317.3652493462,2
1024480.7140522138,2
1024644.0628550816,2
1024807.4116579492,2
1024970.760460817,2
1025134.1092636846,2
1025297.4580665524,2
1025460.8068694201,2
1025624.1556722878,2
1025787.5044751556,2
1025950.8532780233,2
1026114.202080891,2
1026277.5508837586,2
1026440.8996866264,2
1026604.2484894941,2
1026767.5972923618,2
1026930.9460952296,2
1027094.2948980972,2
1027257.643700965,2
1027420.9925038326,2
1027584.3413067004,3
1027747.690109568,3
1027911.0389124358,3
1028074.3877153035,3
1028237.7365181712,3
1028401.085321039,3
1028564.4341239065,2
1028727.7829267742,2
1028891.1317296419,2
1029054.4805325097,2
1029217.8293353774,2
1029381.1781382451,2
1029544.5269411128,2
1029707.8757439805,2
1029871.2245468482,2
1030034.5733497159,2
1030197.9221525836,2
1030361.2709554513,2
1030524.6197583191,2
1030687.9685611868,2
1030851.3173640544,3
1031014.6661669221,3
1031178.0149697898,3
1031341.3637726576,2
1031504.7125755253,2
1031668.061378393,2
1031831.4101812607,2
1031994.7589841285,2
1032158.107786996,2
1032321.4565898639,2
1032484.8053927314,3
1032648.1541955993,2
1032811.5029984668,2
1032974.8518013346,2
1033138.2006042025,2
1033301.54940707,2
1033464.8982099377,2
1033628.2470128054,2
1033791.5958156732,2
1033954.9446185409,2
1034118.2934214085,2
1034281.6422242762,2
1034444.991027144,2
1034608.3398300117,2
1034771.6886328794,2
1034935.0374357471,2
1035098.3862386148,2
1035261.7350414826,2
1035425.0838443502,2
1035588.4326472179,2
1035751.7814500856,2
1035915.1302529533,2
1036078.4790558211,2
1036241.8278586888,2
1036405.1766615565,2
1036568.5254644242,2
1036731.8742672919,2
1036895.2230701596,2
1037058.5718730272,2
1037221.920675895,2
1037385.2694787628,2
1037548.6182816303,2
1037711.9670844981,2
1037875.3158873657,2
1038038.6646902335,2
1038202.0134931011,2
1038365.3622959689,2
1038528.7110988367,2
1038692.0599017043,2
1038855.4087045721,2
1039018.7575074397,2
1039182.1063103074,2
1039345.4551131752,2
1039508.8039160429,2
1039672.1527189106,2
1039835.5015217783,2
1039998.850324646,2
1040162.1991275137,2
1040325.5479303815,2
1040488.8967332491,2
1040652.2455361169,2
1040815.5943389845,2
1040978.9431418523,2
1041142.2919447201,2
1041305.6407475877,2
1041468.9895504552,2
1041632.338353323,2
1041795.6871561909,2
1041959.0359590584,2
1042122.3847619263,2
1042285.7335647938,1
1042449.0823676616,1
1042612.4311705292,1
1042775.779973397,1
1042939.1287762646,1
1043102.4775791324,1
1043265.8263820002,1
1043429.1751848678,1
1043592.5239877356,2
1043755.8727906032,3
1043919.221593471,3
1044082.5703963386,3
1044245.9191992064,2
1044409.268002074,2
1044572.6168049418,2
1044735.9656078096,2
1044899.3144106772,2
1045062.663213545,2
1045226.0120164126,2
1045389.3608192804,1
1045552.709622148,1
1045716.0584250158,1
1045879.4072278835,1
1046042.7560307512,1
1046206.104833619,1
1046369.4536364865,1
1046532.8024393544,1
1046696.151242222,2
1046859.5000450897,2
1047022.8488479574,2
1047186.1976508251,1
1047349.5464536928,1
1047512.8952565605,1
1047676.2440594282,2
1047839.5928622959,2
1048002.9416651637,2
1048166.2904680313,2
1048329.6392708991,2
1048492.9880737668,2
1048656.3368766345,2
1048819.6856795023,2
1048983.03448237,2
1049146.3832852375,2
1049309.7320881053,2
1049473.080890973,2
1049636.429693841,2
1049799.7784967085,2
1049963.127299576,2
1050126.4761024439,2
1050289.8249053115,2
1050453.1737081793,2
1050616.522511047,2
1050779.8713139147,2
1050943.2201167825,2
1051106.56891965,2
1051269.9177225179,2
1051433.2665253854,2
1051596.6153282532,2
1051759.964131121,2
1051923.3129339886,2
1052086.6617368562,2
1052250.010539724,2
1052413.3593425918,2
1052576.7081454594,2
1052740.056948327,2
1052903.4057511948,2
1053066.7545540626,2
1053230.1033569304,3
1053393.452159798,3
1053556.8009626656,3
1053720.1497655334,3
1053883.4985684012,3
1054046.8473712688,3
1054210.1961741364,3
1054373.5449770042,3
1054536.893779872,3
1054700.2425827396,3
1054863.5913856071,3
1055026.940188475,2
1055190.2889913428,3
1055353.6377942106,3
1055516.9865970782,3
1055680.3353999457,3
1055843.6842028135,2
1056007.0330056814,2
1056170.381808549,2
1056333.7306114167,2
1056497.0794142843,2
1056660.4282171521,2
1056823.7770200197,2
1056987.1258228875,3
1057150.474625755,3
1057313.823428623,3
1057477.1722314907,2
1057640.5210343585,3
1057803.869837226,3
1057967.2186400937,3
1058130.5674429615,2
1058293.916245829,2
1058457.265048697,3
1058620.6138515645,3
1058783.9626544323,3
1058947.3114573,3
1059110.6602601677,3
1059274.0090630352,3
1059437.357865903,3
1059600.7066687709,3
1059764.0554716385,3
1059927.4042745063,2
1060090.7530773738,3
1060254.1018802417,3
1060417.4506831095,3
1060580.799485977,3
1060744.1482888449,3
1060907.4970917124,3
1061070.8458945802,3
1061234.1946974478,3
1061397.5435003156,3
1061560.8923031832,3
1061724.241106051,3
1061887.5899089186,3
1062050.9387117864,3
1062214.287514654,3
1062377.6363175218,2
1062540.9851203896,3
1062704.3339232572,3
1062867.682726125,1
1063031.0315289926,1
1063194.3803318604,3
1063357.7291347282,3
1063521.0779375958,3
1063684.4267404636,3
1063847.7755433312,3
1064011.124346199,3
1064174.4731490666,2
1064337.8219519344,1
1064501.170754802,2
1064664.5195576698,1
1064827.8683605376,2
1064991.2171634051,2
1065154.5659662727,2
1065317.9147691405,2
1065481.2635720083,2
1065644.6123748762,2
1065807.9611777437,3
1065971.3099806113,1
1066134.6587834791,2
1066298.007586347,1
1066461.3563892145,2
1066624.705192082,2
1066788.05399495,2
1066951.4027978177,2
1067114.7516006855,2
1067278.1004035529,2
1067441.4492064207,2
1067604.7980092885,2
1067768.146812156,2
1067931.495615024,2
1068094.8444178915,2
1068258.1932207593,2
1068421.542023627,1
1068584.8908264947,1
1068748.2396293625,1
1068911.58843223,1
1069074.9372350979,1
1069238.2860379654,1
1069401.6348408333,1
1069564.983643701,1
1069728.3324465686,1
1069891.6812494365,2
1070055.030052304,3
1070218.3788551716,3
1070381.7276580394,3
1070545.0764609072,2
1070708.425263775,2
1070871.7740666426,2
1071035.1228695102,2
1071198.471672378,2
1071361.8204752458,2
1071525.1692781134,2
1071688.518080981,2
1071851.8668838488,2
1072015.2156867166,2
1072178.5644895842,1
1072341.913292452,1
1072505.2620953196,2
1072668.6108981874,1
1072831.9597010552,2
1072995.3085039228,1
1073158.6573067904,1
1073322.0061096582,1
1073485.354912526,1
1073648.7037153936,1
1073812.0525182614,1
1073975.401321129,1
1074138.7501239968,1
1074302.0989268646,1
1074465.4477297321,1
1074628.7965325997,1
1074792.1453354675,1
1074955.4941383353,1
1075118.842941203,1
1075282.1917440707,1
1075445.5405469383,1
1075608.8893498061,1
1075772.238152674,1
1075935.5869555415,1
1076098.935758409,1
1076262.284561277,1
1076425.6333641447,1
1076588.9821670125,1
1076752.3309698799,1
1076915.6797727477,1
1077079.0285756155,1
1077242.377378483,1
1077405.7261813509,1
1077569.0749842185,1
1077732.4237870863,1
1077895.772589954,1
1078059.1213928217,1
1078222.4701956892,1
1078385.818998557,1
1078549.1678014249,1
1078712.5166042924,1
1078875.8654071603,1
1079039.2142100278,1
1079202.5630128956,1
1079365.9118157632,1
1079529.260618631,1
1079692.6094214986,1
1079855.9582243664,1
1080019.3070272342,2
1080182.6558301018,1
1080346.0046329696,1
1080509.3534358372,1
1080672.702238705,1
1080836.0510415728,1
1080999.3998444404,1
1081162.7486473082,1
1081326.0974501758,1
1081489.4462530436,1
1081652.7950559112,1
1081816.143858779,1
1081979.4926616466,1
1082142.8414645144,1
1082306.1902673822,1
1082469.5390702498,1
1082632.8878731176,1
1082796.2366759852,1
1082959.585478853,1
1083122.9342817205,1
1083286.2830845884,1
1083449.631887456,1
1083612.9806903237,1
1083776.3294931913,1
1083939.6782960591,1
1084103.0270989267,1
1084266.3759017945,1
1084429.724704662,1
1084593.07350753,1
1084756.4223103977,1
1084919.7711132653,1
1085083.119916133,1
1085246.4687190007,1
1085409.8175218685,1
1085573.166324736,1
1085736.515127604,1
1085899.8639304717,1
1086063.2127333393,1
1086226.561536207,1
1086389.9103390747,1
1086553.2591419425,1
1086716.60794481,1
1086879.9567476779,1
1087043.3055505457,1
1087206.6543534133,1
1087370.003156281,1
1087533.3519591487,1
1087696.7007620165,1
1087860.049564884,1
1088023.3983677519,1
1088186.7471706197,1
1088350.0959734872,1
1088513.4447763548,1
1088676.7935792226,1
1088840.1423820904,1
1089003.491184958,1
1089166.8399878256,1
1089330.1887906934,1
1089493.5375935612,1
1089656.886396429,1
1089820.2351992966,1
1089983.5840021642,1
1090146.932805032,1
1090310.2816078998,1
1090473.6304107674,1
1090636.979213635,1
1090800.3280165028,1
1090963.6768193706,1
1091127.0256222382,1
1091290.374425106,1
1091453.7232279736,1
1091617.0720308414,1
1091780.420833709,1
1091943.7696365768,1
1092107.1184394446,1
1092270.4672423122,1
1092433.81604518,1
1092597.1648480475,1
1092760.5136509154,1
1092923.862453783,1
1093087.2112566507,1
1093250.5600595186,1
1093413.9088623861,1
1093577.2576652537,1
1093740.6064681215,1
1093903.9552709893,1
1094067.3040738571,1
1094230.6528767247,1
1094394.0016795923,1
1094557.35048246,1
1094720.699285328,1
1094884.0480881955,1
1095047.396891063,1
1095210.745693931,1
1095374.0944967987,1
1095537.4432996663,1
1095700.7921025339,1
1095864.1409054017,1
1096027.4897082695,1
1096190.838511137,1
1096354.1873140046,1
1096517.5361168724,1
1096680.8849197403,1
1096844.233722608,1
1097007.5825254756,1
1097170.9313283435,1
1097334.280131211,1
1097497.6289340788,1
1097660.9777369464,1
1097824.3265398142,1
1097987.6753426818,1
1098151.0241455496,1
1098314.3729484172,1
1098477.721751285,1
1098641.0705541526,1
1098804.4193570204,1
1098967.7681598882,1
1099131.116962756,1
1099294.4657656236,1
1099457.8145684912,1
1099621.163371359,1
1099784.5121742268,1
1099947.8609770944,1
1100111.209779962,1
1100274.5585828298,1
1100437.9073856976,1
1100601.2561885652,1
1100764.604991433,1
1100927.9537943006,1
1101091.3025971684,1
1101254.6514000362,1
1101418.0002029038,1
1101581.3490057713,1
1101744.6978086391,1
1101908.046611507,1
1102071.3954143745,1
1102234.7442172423,1
1102398.09302011,2
1102561.4418229777,1
1102724.7906258453,1
1102888.1394287131,1
1103051.4882315807,1
1103214.8370344485,1
1103378.185837316,1
1103541.534640184,1
1103704.8834430517,1
1103868.2322459193,1
1104031.581048787,1
1104194.9298516547,1
1104358.2786545225,1
1104521.6274573903,1
1104684.976260258,1
1104848.3250631257,1
1105011.6738659933,1
1105175.022668861,1
1105338.3714717287,1
1105501.7202745965,1
1105665.069077464,1
1105828.4178803319,1
1105991.7666831997,1
1106155.1154860673,1
1106318.464288935,1
1106481.8130918026,1
1106645.1618946705,1
1106808.510697538,1
1106971.8595004058,1
1107135.2083032737,1
1107298.5571061412,1
1107461.9059090088,1
1107625.2547118766,1
1107788.6035147444,1
1107951.952317612,1
1108115.3011204796,1
1108278.6499233474,1
1108441.9987262152,1
1108605.347529083,1
1108768.6963319506,1
1108932.0451348182,1
1109095.393937686,1
1109258.7427405538,1
1109422.0915434214,1
1109585.440346289,1
1109748.7891491568,1
1109912.1379520246,1
1110075.4867548922,1
1110238.83555776,1
1110402.1843606276,1
1110565.5331634954,1
1110728.881966363,1
1110892.2307692308,1
1111055.5795720986,1
1111218.9283749661,1
1111382.277177834,1
1111545.6259807015,1
1111708.9747835693,1
1111872.323586437,1
1112035.6723893047,1
1112199.0211921725,1
1112362.3699950401,1
1112525.7187979077,1
1112689.0676007755,1
1112852.4164036433,1
1113015.765206511,1
1113179.1140093785,1
1113342.4628122463,1
1113505.811615114,1
1113669.160417982,1
1113832.5092208493,1
1113995.858023717,1
1114159.2068265849,1
1114322.5556294527,1
1114485.9044323203,2
1114649.2532351878,2
1114812.6020380557,1
1114975.9508409235,2
1115139.299643791,1
1115302.6484466589,1
1115465.9972495264,1
1115629.3460523942,1
1115792.6948552618,1
1115956.0436581296,1
1116119.3924609972,1
1116282.741263865,1
1116446.0900667328,1
1116609.4388696004,1
1116772.7876724682,1
1116936.1364753358,1
1117099.4852782036,1
1117262.8340810714,1
1117426.182883939,1
1117589.5316868066,1
1117752.8804896744,1
1117916.2292925422,1
1118079.5780954098,1
1118242.9268982776,1
1118406.2757011452,1
1118569.624504013,1
1118732.9733068808,1
1118896.3221097484,1
1119059.670912616,1
1119223.0197154838,1
1119386.3685183513,2
1119549.7173212192,2
1119713.0661240867,2
1119876.4149269545,2
1120039.7637298224,2
1120203.11253269,2
1120366.4613355577,2
1120529.8101384253,2
1120693.1589412931,2
1120856.5077441607,2
1121019.8565470285,2
1121183.2053498963,2
1121346.554152764,2
1121509.9029556317,2
1121673.2517584993,2
1121836.600561367,2
1121999.9493642347,2
1122163.2981671025,2
1122326.6469699703,2
1122489.995772838,2
1122653.3445757057,2
1122816.6933785733,2
1122980.042181441,2
1123143.3909843087,1
1123306.7397871765,1
1123470.0885900443,1
1123633.4373929119,1
1123796.7861957797,1
1123960.1349986473,1
1124123.483801515,1
1124286.8326043827,1
1124450.1814072505,1
1124613.5302101178,1
1124776.879012986,1
1124940.2278158534,1
1125103.5766187212,1
1125266.925421589,1
1125430.2742244564,1
1125593.6230273242,1
1125756.971830192,1
1125920.3206330598,1
1126083.6694359274,1
1126247.0182387952,1
1126410.3670416628,1
1126573.7158445306,1
1126737.0646473984,1
1126900.413450266,1
1127063.7622531336,1
1127227.1110560014,1
1127390.4598588692,1
1127553.8086617368,1
1127717.1574646044,1
1127880.5062674722,1
1128043.85507034,1
1128207.2038732078,1
1128370.5526760754,1
1128533.9014789432,1
1128697.2502818108,1
1128860.5990846786,1
1129023.9478875462,1
1129187.2966904137,1
1129350.6454932815,1
1129513.9942961494,1
1129677.3430990172,1
1129840.6919018847,1
1130004.0407047523,1
1130167.3895076201,1
1130330.738310488,1
1130494.0871133555,1
1130657.435916223,1
1130820.784719091,1
1130984.1335219587,1
1131147.4823248265,1
1131310.831127694,1
1131474.1799305617,1
1131637.5287334295,1
1131800.8775362973,1
1131964.226339165,1
1132127.5751420325,1
1132290.9239449003,1
1132454.272747768,1
1132617.621550636,1
1132780.9703535035,1
1132944.319156371,1
1133107.6679592389,1
1133271.0167621067,1
1133434.3655649743,2
1133597.714367842,2
1133761.0631707096,2
1133924.4119735772,2
1134087.760776445,2
1134251.1095793128,2
1134414.4583821804,2
1134577.8071850482,2
1134741.155987916,2
1134904.5047907836,2
1135067.8535936512,2
1135231.202396519,2
1135394.5511993868,2
1135557.9000022544,2
1135721.248805122,1
1135884.5976079898,1
1136047.9464108576,1
1136211.2952137254,1
1136374.644016593,1
1136537.9928194606,1
1136701.3416223284,1
1136864.6904251962,1
1137028.0392280638,1
1137191.3880309314,1
1137354.7368337992,2
1137518.085636667,2
1137681.4344395348,2
1137844.7832424024,2
1138008.13204527,2
1138171.4808481378,2
1138334.8296510053,2
1138498.1784538731,2
1138661.5272567407,2
1138824.8760596085,2
1138988.2248624763,2
1139151.5736653442,2
1139314.9224682117,2
1139478.2712710793,2
1139641.6200739471,2
1139804.968876815,2
1139968.3176796825,2
1140131.66648255,2
1140295.015285418,2
1140458.3640882857,2
1140621.7128911535,2
1140785.061694021,2
1140948.4104968887,2
1141111.7592997565,2
1141275.1081026243,2
1141438.4569054919,2
1141601.8057083595,2
1141765.1545112273,2
1141928.503314095,2
1142091.852116963,2
1142255.2009198305,2
1142418.549722698,2
1142581.8985255659,2
1142745.2473284337,2
1142908.5961313015,2
1143071.9449341688,2
1143235.2937370366,2
1143398.6425399045,2
1143561.991342772,2
1143725.3401456396,2
1143888.6889485074,2
1144052.0377513752,2
1144215.386554243,2
1144378.7353571106,2
1144542.0841599782,2
1144705.432962846,2
1144868.7817657138,2
1145032.1305685814,2
1145195.479371449,2
1145358.8281743168,2
1145522.1769771846,2
1145685.5257800524,2
1145848.87458292,2
1146012.2233857876,2
1146175.5721886554,2
1146338.9209915232,2
1146502.2697943908,1
1146665.6185972583,1
1146828.9674001262,1
1146992.316202994,1
1147155.6650058618,1
1147319.0138087294,1
1147482.362611597,1
1147645.7114144647,1
1147809.0602173326,1
1147972.4090202,1
1148135.7578230677,1
1148299.1066259355,1
1148462.4554288033,1
1148625.8042316712,1
1148789.1530345387,1
1148952.5018374063,1
1149115.8506402741,1
1149279.199443142,1
1149442.5482460095,1
1149605.897048877,1
1149769.245851745,1
1149932.5946546127,1
1150095.9434574805,1
1150259.292260348,1
1150422.6410632157,1
1150585.9898660835,1
1150749.3386689513,1
1150912.6874718189,1
1151076.0362746865,1
1151239.3850775543,1
1151402.733880422,1
1151566.0826832897,1
1151729.4314861575,1
1151892.7802890253,1
1152056.1290918929,1
1152219.4778947607,1
1152382.8266976282,1
1152546.1755004958,1
1152709.5243033636,1
1152872.8731062314,1
1153036.221909099,1
1153199.5707119666,1
1153362.9195148344,1
1153526.2683177022,1
1153689.61712057,1
1153852.9659234376,1
1154016.3147263052,1
1154179.663529173,1
1154343.0123320408,1
1154506.3611349084,1
1154669.709937776,1
1154833.0587406438,1
1154996.4075435116,1
1155159.7563463794,1
1155323.105149247,1
1155486.4539521146,1
1155649.8027549824,1
1155813.1515578502,1
1155976.5003607178,1
1156139.8491635853,1
1156303.1979664532,1
1156466.546769321,1
1156629.8955721888,1
1156793.2443750564,1
1156956.593177924,1
1157119.9419807917,1
1157283.2907836593,1
1157446.6395865271,1
1157609.9883893947,1
1157773.3371922625,1
1157936.6859951303,1
1158100.034797998,1
1158263.3836008657,1
1158426.7324037333,1
1158590.081206601,1
1158753.430009469,1
1158916.7788123365,1
1159080.127615204,1
1159243.476418072,1
1159406.8252209397,1
1159570.1740238073,1
1159733.522826675,1
1159896.8716295427,1
1160060.2204324105,1
1160223.5692352783,1
1160386.918038146,1
1160550.2668410135,1
1160713.6156438813,1
1160876.964446749,1
1161040.313249617,1
1161203.6620524847,1
1161367.010855352,1
1161530.3596582199,1
1161693.7084610877,1
1161857.0572639552,1
1162020.4060668228,1
1162183.7548696906,1
1162347.1036725584,1
1162510.452475426,1
1162673.8012782936,1
1162837.1500811614,1
1163000.4988840292,2
1163163.847686897,1
1163327.1964897646,1
1163490.5452926322,1
1163653.8940955,1
1163817.2428983678,1
1163980.5917012354,1
1164143.940504103,1
1164307.2893069708,1
1164470.6381098386,1
1164633.9869127064,1
1164797.335715574,1
1164960.6845184416,1
1165124.0333213094,1
1165287.3821241772,1
1165450.7309270448,1
1165614.0797299123,1
1165777.4285327801,1
1165940.777335648,1
1166104.1261385158,1
1166267.474941383,1
1166430.823744251,1
1166594.1725471187,2
1166757.5213499865,1
1166920.870152854,2
1167084.2189557217,1
1167247.5677585895,1
1167410.9165614573,1
1167574.2653643251,1
1167737.6141671927,1
1167900.9629700603,2
1168064.311772928,2
1168227.660575796,2
1168391.0093786635,2
1168554.358181531,1
1168717.706984399,1
1168881.0557872667,1
1169044.4045901343,1
1169207.753393002,1
1169371.1021958697,1
1169534.4509987375,1
1169697.7998016053,1
1169861.1486044729,1
1170024.4974073407,1
1170187.8462102083,1
1170351.195013076,1
1170514.5438159436,1
1170677.8926188112,1
1170841.2414216793,1
1171004.5902245468,1
1171167.9390274147,1
1171331.2878302822,1
1171494.6366331498,1
1171657.9854360176,1
1171821.3342388854,1
1171984.683041753,1
1172148.0318446206,1
1172311.3806474884,1
1172474.7294503562,1
1172638.078253224,1
1172801.4270560916,1
1172964.7758589592,1
1173128.124661827,1
1173291.4734646948,1
1173454.8222675624,1
1173618.17107043,1
1173781.5198732978,1
1173944.8686761656,1
1174108.2174790334,1
1174271.566281901,1
1174434.9150847686,1
1174598.2638876364,1
1174761.6126905042,1
1174924.9614933718,1
1175088.3102962393,1
1175251.6590991071,1
1175415.0079019747,1
1175578.3567048425,1
1175741.7055077103,1
1175905.054310578,1
1176068.4031134457,1
1176231.7519163135,1
1176395.1007191811,1
1176558.4495220487,1
1176721.7983249165,1
1176885.1471277843,1
1177048.495930652,1
1177211.8447335197,1
1177375.1935363873,1
1177538.542339255,1
1177701.891142123,1
1177865.2399449905,1
1178028.588747858,1
1178191.9375507259,1
1178355.2863535937,1
1178518.6351564613,1
1178681.983959329,1
1178845.3327621967,1
1179008.6815650645,1
1179172.0303679323,1
1179335.3791708,1
1179498.7279736674,1
1179662.0767765353,1
1179825.425579403,1
1179988.7743822706,1
1180152.1231851382,1
1180315.471988006,1
1180478.8207908738,1
1180642.1695937417,1
1180805.5183966092,1
1180968.8671994768,1
1181132.2160023446,1
1181295.5648052124,1
1181458.91360808,1
1181622.2624109476,1
1181785.6112138154,1
1181948.9600166832,1
1182112.308819551,1
1182275.6576224186,1
1182439.0064252862,1
1182602.355228154,1
1182765.7040310218,1
1182929.0528338894,1
1183092.401636757,1
1183255.7504396248,1
1183419.0992424926,1
1183582.4480453604,1
1183745.796848228,1
1183909.1456510955,1
1184072.4944539634,1
1184235.8432568312,1
1184399.1920596985,1
1184562.5408625663,1
1184725.8896654341,1
1184889.238468302,1
1185052.5872711698,1
1185215.936074037,1
1185379.284876905,1
1185542.6336797727,1
1185705.9824826405,1
1185869.3312855081,1
1186032.6800883757,1
1186196.0288912435,1
1186359.3776941113,1
1186522.726496979,1
1186686.0752998467,1
1186849.4241027143,1
1187012.772905582,1
1187176.12170845,1
1187339.4705113175,1
1187502.819314185,1
1187666.1681170529,1
1187829.5169199207,1
1187992.8657227883,1
1188156.2145256558,1
1188319.5633285237,1
1188482.9121313915,1
1188646.2609342593,1
1188809.6097371269,1
1188972.9585399944,1
1189136.3073428622,1
1189299.65614573,1
1189463.0049485976,1
1189626.3537514652,1
1189789.702554333,1
1189953.0513572008,1
1190116.4001600686,1
1190279.7489629362,1
1190443.0977658038,1
1190606.4465686716,1
1190769.7953715394,1
1190933.144174407,1
1191096.4929772746,1
1191259.8417801424,1
1191423.1905830102,1
1191586.539385878,1
1191749.8881887456,1
1191913.2369916132,1
1192076.585794481,1
1192239.9345973488,1
1192403.2834002164,1
1192566.632203084,1
1192729.9810059518,1
1192893.3298088196,1
1193056.6786116874,1
1193220.027414555,1
1193383.3762174228,1
1193546.7250202904,1
1193710.073823158,1
1193873.4226260257,1
1194036.7714288933,1
1194200.1202317611,1
1194363.469034629,1
1194526.8178374965,1
1194690.1666403643,1
1194853.515443232,1
1195016.8642460997,1
1195180.2130489675,1
1195343.561851835,1
1195506.9106547027,1
1195670.2594575705,1
1195833.6082604383,1
1195996.957063306,1
1196160.3058661737,1
1196323.6546690413,1
1196487.003471909,1
1196650.352274777,1
1196813.7010776445,1
1196977.049880512,1
1197140.3986833799,1
1197303.7474862477,1
1197467.0962891153,1
1197630.4450919828,1
1197793.7938948506,1
1197957.1426977185,1
1198120.4915005863,1
1198283.8403034538,1
1198447.1891063214,1
1198610.5379091892,1
1198773.8867120568,1
1198937.2355149246,1
1199100.5843177922,1
1199263.93312066,1
1199427.2819235278,1
1199590.6307263956,1
1199753.9795292632,1
1199917.3283321308,1
1200080.6771349986,1
1200244.0259378664,1
1200407.374740734,1
1200570.7235436016,1
1200734.0723464694,1
1200897.4211493372,1
1201060.769952205,1
1201224.1187550726,1
1201387.4675579402,1
1201550.816360808,1
1201714.1651636758,1
1201877.5139665436,1
1202040.862769411,1
1202204.2115722788,1
1202367.5603751466,1
1202530.9091780144,1
1202694.2579808822,1
1202857.6067837495,1
1203020.9555866173,1
1203184.3043894852,1
1203347.6531923527,1
1203511.0019952203,1
1203674.3507980881,1
1203794.3758604322,1
1203974.4134539485,1
1204154.4510474647,1
1204334.4886409808,1
1204514.526234497,1
1204694.5638280134,1
1204874.6014215294,1
1205054.6390150457,1
1205234.676608562,1
1205414.714202078,1
1205594.7517955943,1
1205774.7893891106,1
1205954.8269826267,1
1206134.864576143,1
1206314.9021696593,1
1206494.9397631753,1
1206674.9773566916,1
1206855.014950208,1
1207035.052543724,1
1207215.0901372402,1
1207395.1277307565,1
1207575.1653242726,1
1207755.2029177889,1
1207935.2405113052,1
1208115.2781048212,1
1208295.3156983375,1
1208475.3532918538,1
1208655.3908853699,1
1208835.4284788861,1
1209015.4660724024,1
1209195.5036659185,1
1209375.5412594348,1
1209555.578852951,1
1209735.6164464671,1
1209915.6540399834,1
1210095.6916334997,1
1210275.7292270157,1
1210455.766820532,1
1210635.8044140483,1
1210815.8420075644,1
1210995.8796010807,1
1211175.917194597,1
1211355.954788113,1
1211535.9923816293,1
1211716.0299751456,1
1211896.0675686616,1
1212076.105162178,1
1212256.1427556942,1
1212436.1803492103,1
1212616.2179427266,1
1212796.2555362429,1
1212976.293129759,1
1213156.3307232752,1
1213336.3683167913,1
1213516.4059103075,1
1213696.4435038238,1
1213876.48109734,1
1214056.5186908562,1
1214236.5562843725,1
1214416.5938778885,1
1214596.6314714048,1
1214776.669064921,1
1214956.7066584371,1
1215136.7442519534,1
1215316.7818454697,1
1215496.8194389858,1
1215676.857032502,1
1215856.8946260184,1
1216036.9322195344,1
1216216.9698130507,1
1216397.007406567,1
1216577.045000083,1
1216757.0825935993,1
1216937.1201871156,1
1217117.1577806317,1
1217297.195374148,1
1217477.2329676643,1
1217657.2705611803,1
1217837.3081546966,1
1218017.345748213,1
1218197.383341729,1
1218377.4209352452,1
1218557.4585287615,1
1218737.4961222776,1
1218917.5337157939,1
1219097.5713093102,1
1219277.6089028262,1
1219457.6464963425,1
1219637.6840898588,1
1219817.7216833748,1
1219997.7592768911,1
1220177.7968704074,1
1220357.8344639235,1
1220537.8720574398,1
1220717.909650956,1
1220897.947244472,1
1221077.9848379884,1
1221258.0224315047,1
1221438.0600250207,1
1221618.097618537,1
1221798.1352120533,1
1221978.1728055694,1
1222158.2103990857,1
1222338.247992602,1
1222518.285586118,1
1222698.3231796343,1
1222878.3607731506,1
1223058.3983666666,1
1223238.435960183,1
1223418.4735536992,1
1223598.5111472153,1
1223778.5487407316,1
1223958.5863342476,1
1224138.623927764,1
1224318.6615212802,1
1224498.6991147965,1
1224678.7367083125,1
1224858.7743018288,1
1225038.8118953449,1
1225218.8494888612,1
1225398.8870823774,1
1225578.9246758935,1
1225758.9622694098,1
1225938.999862926,1
1226119.0374564421,1
1226299.0750499584,1
1226479.1126434747,1
1226659.1502369908,1
1226839.187830507,1
1227019.2254240233,1
1227199.2630175394,1
1227379.3006110557,1
1227559.338204572,1
1227739.375798088,1
1227919.4133916043,1
1228099.4509851206,1
1228279.4885786367,1
1228459.526172153,1
1228639.5637656692,1
1228819.6013591853,1
1228999.6389527016,2
1229179.6765462179,2
1229359.714139734,2
1229539.7517332502,2
1229719.7893267665,2
1229899.8269202826,2
1230079.8645137988,2
1230259.9021073151,2
1230439.9397008312,1
1230619.9772943475,1
1230800.0148878638,1
1230980.0524813798,1
1231160.090074896,1
1231340.1276684124,1
1231520.1652619285,1
1231700.2028554447,1
1231880.240448961,1
1232060.278042477,1
1232240.3156359934,1
1232420.3532295097,1
1232600.3908230257,1
1232780.428416542,1
1232960.4660100583,1
1233140.5036035744,1
1233320.5411970906,1
1233500.578790607,1
1233680.616384123,1
1233860.6539776393,1
1234040.6915711556,1
1234220.7291646716,1
1234400.766758188,1
1234580.8043517042,1
1234760.8419452203,1
1234940.8795387365,1
1235120.9171322528,1
1235300.9547257689,1
1235480.9923192852,1
1235661.0299128015,1
1235841.0675063175,1
1236021.1050998338,1
1236201.1426933499,1
1236381.1802868661,1
1236561.2178803824,1
1236741.2554738985,1
1236921.2930674148,1
1237101.330660931,1
1237281.3682544471,1
1237461.4058479634,1
1237641.4434414797,1
1237821.4810349958,1
1238001.518628512,1
1238181.5562220283,1
1238361.5938155444,1
1238541.6314090607,1
1238721.669002577,1
1238901.706596093,1
1239081.7441896093,1
1239261.7817831256,1
1239441.8193766417,1
1239621.856970158,1
1239801.8945636742,1
1239981.9321571903,1
1240161.9697507066,1
1240342.0073442229,1
1240522.044937739,1
1240702.0825312552,1
1240882.1201247715,1
1241062.1577182875,1
1241242.1953118038,1
1241422.2329053201,1
1241602.2704988362,1
1241782.3080923525,1
1241962.3456858688,1
1242142.3832793848,1
1242322.420872901,1
1242502.4584664174,1
1242682.4960599334,1
1242862.5336534497,1
1243042.571246966,1
1243222.608840482,1
1243402.6464339984,1
1243582.6840275147,1
1243762.7216210307,1
1243942.759214547,1
1244122.7968080633,1
1244302.8344015793,1
1244482.8719950956,1
1244662.909588612,1
1244842.947182128,1
1245022.9847756443,1
1245203.0223691605,1
1245383.0599626766,1
1245563.097556193,1
1245743.1351497092,1
1245923.1727432252,1
1246103.2103367415,1
1246283.2479302578,1
1246463.2855237739,1
1246643.3231172902,1
1246823.3607108064,1
1247003.3983043225,1
1247183.4358978388,1
1247363.473491355,1
1247543.5110848711,1
1247723.5486783874,1
1247903.5862719035,1
1248083.6238654198,1
1248263.661458936,1
1248443.699052452,1
1248623.7366459684,1
1248803.7742394847,1
1248983.8118330007,1
1249163.849426517,1
1249343.8870200333,1
1249523.9246135494,1
1249703.9622070657,1
1249883.999800582,1
1250064.037394098,1
1250244.0749876143,1
1250424.1125811306,1
1250604.1501746466,1
1250784.187768163,1
1250964.2253616792,1
1251144.2629551953,1
1251324.3005487116,1
1251504.3381422278,1
1251684.375735744,1
1251864.4133292602,1
1252044.4509227765,1
1252224.4885162925,1
1252404.5261098088,1
1252584.563703325,1
1252764.6012968412,1
1252944.6388903575,1
1253124.6764838737,1
1253304.7140773898,1
1253484.751670906,1
1253664.7892644224,1
1253844.8268579384,1
1254024.8644514547,1
1254204.902044971,2
1254384.939638487,1
1254564.9772320034,1
1254745.0148255196,1
1254925.0524190357,1
1255105.090012552,1
1255285.1276060683,1
1255465.1651995843,1
1255645.2027931006,1
1255825.240386617,1
1256005.277980133,1
1256185.3155736492,1
1256365.3531671655,1
1256545.3907606816,1
1256725.4283541979,1
1256905.4659477142,1
1257085.5035412302,1
1257265.5411347465,1
1257445.5787282628,1
1257625.6163217789,1
1257805.6539152951,1
1257985.6915088112,1
1258165.7291023275,1
1258345.7666958438,1
1258525.8042893598,1
1258705.8418828761,1
1258885.8794763924,1
1259065.9170699085,1
1259245.9546634248,1
1259425.992256941,1
1259606.029850457,1
1259786.0674439734,1
1259966.1050374897,1
1260146.1426310057,1
1260326.180224522,1
1260506.2178180383,1
1260686.2554115544,1
1260866.2930050706,1
1261046.330598587,1
1261226.368192103,1
1261406.4057856193,1
1261586.4433791356,1
1261766.4809726516,1
1261946.518566168,1
1262126.5561596842,1
1262306.5937532003,1
1262486.6313467165,1
1262666.6689402328,1
1262846.706533749,1
1263026.7441272652,1
1263206.7817207815,1
1263386.8193142975,1
1263566.8569078138,1
1263746.89450133,1
1263926.9320948462,1
1264106.9696883624,1
1264287.0072818787,1
1264467.0448753948,1
1264647.082468911,1
1264827.1200624274,1
1265007.1576559434,1
1265187.1952494597,1
1265367.232842976,1
1265547.270436492,1
1265727.3080300083,1
1265907.3456235246,1
1266087.3832170407,1
1266267.420810557,1
1266447.4584040733,1
1266627.4959975893,1
1266807.5335911056,1
1266987.571184622,1
1267167.608778138,1
1267347.6463716542,1
1267527.6839651705,1
1267707.7215586866,1
1267887.7591522029,1
1268067.7967457192,1
1268247.8343392352,1
1268427.8719327515,1
1268607.9095262678,1
1268787.9471197838,1
1268967.9847133001,1
1269148.0223068164,2
1269328.0599003325,2
1269508.0974938488,2
1269688.1350873648,2
1269868.172680881,2
1270048.2102743974,2
1270228.2478679135,2
1270408.2854614297,2
1270588.323054946,2
1270768.360648462,2
1270948.3982419784,2
1271128.4358354947,2
1271308.4734290107,2
1271488.511022527,2
1271668.5486160433,2
1271848.5862095593,2
1272028.6238030756,2
1272208.661396592,2
1272388.698990108,2
1272568.7365836243,2
1272748.7741771406,2
1272928.8117706566,2
1273108.849364173,2
1273288.8869576892,2
1273468.9245512052,2
1273648.9621447215,2
1273828.9997382378,2
1274009.0373317539,2
1274189.0749252702,2
1274369.1125187865,2
1274549.1501123025,2
1274729.1877058188,2
1274909.225299335,2
1275089.2628928511,2
1275269.3004863674,2
1275449.3380798837,2
1275629.3756733998,2
1275809.413266916,2
1275989.4508604323,2
1276169.4884539484,2
1276349.5260474647,2
1276529.563640981,2
1276709.601234497,2
1276889.6388280133,2
1277069.6764215296,2
1277249.7140150457,1
1277429.751608562,1
1277609.7892020782,1
1277789.8267955943,1
1277969.8643891106,1
1278149.9019826269,1
1278329.939576143,1
1278509.9771696592,1
1278690.0147631755,1
1278870.0523566916,1
1279050.0899502079,1
1279230.1275437241,1
1279410.1651372402,1
1279590.2027307565,1
1279770.2403242728,1
1279950.2779177888,1
1280130.3155113051,1
1280310.3531048214,1
1280490.3906983375,1
1280670.4282918538,1
1280850.46588537,1
1281030.503478886,1
1281210.5410724024,1
1281390.5786659187,2
1281570.6162594347,2
1281750.653852951,2
1281930.6914464673,2
1282110.7290399834,2
1282290.7666334996,2
1282470.8042270157,2
1282650.841820532,2
1282830.8794140483,2
1283010.9170075643,2
1283190.9546010806,2
1283370.992194597,2
1283551.029788113,2
1283731.0673816293,2
1283911.1049751455,2
1284091.1425686616,2
1284271.180162178,2
1284451.2177556942,2
1284631.2553492102,2
1284811.2929427265,2
1284991.3305362428,2
1285171.3681297589,2
1285351.4057232752,2
1285531.4433167914,2
1285711.4809103075,2
1285891.5185038238,2
1286071.55609734,2
1286251.5936908561,2
1286431.6312843724,2
1286611.6688778887,2
1286791.7064714048,2
1286971.744064921,2
1287151.7816584373,2
1287331.8192519534,2
1287511.8568454697,2
1287691.894438986,2
1287871.932032502,2
1288051.9696260183,2
1288232.0072195346,2
1288412.0448130507,2
1288592.082406567,2
1288772.1200000832,2
1288952.1575935993,2
1289132.1951871156,2
1289312.2327806319,2
1289492.270374148,2
1289672.3079676642,2
1289852.3455611805,2
1290032.3831546966,2
1290212.4207482128,2
1290392.4583417291,2
1290572.4959352452,2
1290752.5335287615,2
1290932.5711222775,2
1291112.6087157938,2
1291292.64630931,2
1291472.6839028262,2
1291652.7214963424,2
1291832.7590898587,2
1292012.7966833748,2
1292192.834276891,2
1292372.8718704074,2
1292552.9094639237,2
1292732.9470574397,2
1292912.984650956,2
1293093.022244472,2
1293273.0598379883,2
1293453.0974315046,2
1293633.1350250207,2
1293813.172618537,2
1293993.2102120533,2
1294173.2478055693,2
1294353.2853990856,2
1294533.322992602,2
1294713.360586118,2
1294893.3981796342,2
1295073.4357731505,2
1295253.4733666666,2
1295433.5109601829,2
1295613.5485536992,2
1295793.5861472152,2
1295973.6237407315,2
1296153.6613342478,2
1296333.6989277638,2
1296513.7365212801,2
1296693.7741147964,2
1296873.8117083125,2
1297053.8493018288,2
1297233.886895345,2
1297413.924488861,2
1297593.9620823774,2
1297773.9996758937,2
1297954.0372694097,2
1298134.074862926,2
1298314.1124564423,2
1298494.1500499584,2
1298674.1876434747,2
1298854.225236991,2
1299034.262830507,2
1299214.3004240233,2
1299394.3380175396,2
1299574.3756110556,2
1299754.413204572,2
1299934.4507980882,2
1300114.4883916043,2
1300294.5259851206,2
1300474.5635786369,2
1300654.601172153,2
1300834.6387656692,2
1301014.6763591855,2
1301194.7139527015,2
1301374.7515462178,2
1301554.789139734,2
1301734.8267332502,2
1301914.8643267665,2
1302094.9019202827,2
1302274.9395137988,2
1302454.977107315,2
1302635.0147008314,2
1302815.0522943474,2
1302995.0898878637,2
1303175.1274813798,2
1303355.165074896,2
1303535.2026684124,2
1303715.2402619284,2
1303895.2778554447,2
1304075.315448961,2
1304255.3530424773,2
1304435.3906359933,2
1304615.4282295096,2
1304795.4658230257,2
1304975.503416542,2
1305155.5410100583,1
1305335.5786035743,1
1305515.6161970906,1
1305695.653790607,1
1305875.691384123,1
1306055.7289776392,1
1306235.7665711555,1
1306415.8041646716,1
1306595.8417581879,1
1306775.8793517041,1
1306955.9169452202,1
1307135.9545387365,1
1307315.9921322528,1
1307496.0297257688,1
1307676.0673192851,1
1307856.1049128014,1
1308036.1425063175,1
1308216.1800998338,1
1308396.21769335,1
1308576.255286866,1
1308756.2928803824,2
1308936.3304738987,2
1309116.3680674147,2
1309296.405660931,2
1309476.4432544473,1
1309656.4808479634,1
1309836.5184414797,1
1310016.556034996,1
1310196.593628512,1
1310376.6312220283,1
1310556.6688155446,1
1310736.7064090606,1
1310916.744002577,1
1311096.7815960932,1
1311276.8191896093,1
1311456.8567831255,1
1311636.8943766418,1
1311816.931970158,1
1311996.9695636742,1
1312177.0071571905,1
1312357.0447507065,1
1312537.0823442228,1
1312717.119937739,1
1312897.1575312552,1
1313077.1951247714,1
1313257.2327182875,1
1313437.2703118038,1
1313617.30790532,1
1313797.3454988364,1
1313977.3830923524,1
1314157.4206858687,1
1314337.4582793848,1
1314517.495872901,1
1314697.5334664173,1
1314877.5710599334,1
1315057.6086534497,1
1315237.646246966,1
1315417.683840482,1
1315597.7214339983,1
1315777.7590275146,1
1315957.7966210307,1
1316137.834214547,1
1316317.8718080632,1
1316497.9094015793,1
1316677.9469950956,1
1316857.9845886119,1
1317038.022182128,1
1317218.0597756442,1
1317398.0973691605,1
1317578.1349626766,1
1317758.1725561928,1
1317938.2101497091,1
1318118.2477432252,1
1318298.2853367415,1
1318478.3229302578,1
1318658.3605237738,1
1318838.39811729,1
1319018.4357108064,1
1319198.4733043225,1
1319378.5108978387,1
1319558.548491355,1
1319738.586084871,1
1319918.6236783874,1
1320098.6612719037,1
1320278.6988654197,1
1320458.736458936,1
1320638.7740524523,1
1320818.8116459684,1
1320998.8492394846,1
1321178.886833001,1
1321358.924426517,1
1321538.9620200333,1
1321718.9996135496,1
1321899.0372070656,1
1322079.074800582,1
1322259.1123940982,1
1322439.1499876142,1
1322619.1875811305,1
1322799.2251746468,1
1322979.2627681629,1
1323159.3003616792,1
1323339.3379551955,1
1323519.3755487115,1
1323699.4131422278,2
1323879.450735744,1
1324059.4883292601,1
1324239.5259227764,1
1324419.5635162927,1
1324599.6011098088,1
1324779.638703325,1
1324959.6762968414,1
1325139.7138903574,1
1325319.7514838737,1
1325499.78907739,1
1325679.826670906,1
1325859.8642644223,1
1326039.9018579386,1
1326219.9394514547,1
1326399.977044971,1
1326580.0146384872,1
1326760.0522320033,1
1326940.0898255196,1
1327120.1274190359,1
1327300.165012552,1
1327480.2026060682,1
1327660.2401995843,1
1327840.2777931006,1
1328020.3153866169,1
1328200.352980133,1
1328380.3905736492,1
1328560.4281671655,2
1328740.4657606815,2
1328920.5033541978,2
1329100.5409477141,2
1329280.5785412302,2
1329460.6161347465,2
1329640.6537282628,2
1329820.6913217788,2
1330000.728915295,2
1330180.7665088114,2
1330360.8041023274,2
1330540.8416958437,2
1330720.87928936,2
1330900.916882876,2
1331080.9544763924,2
1331260.9920699087,2
1331441.0296634247,2
1331621.067256941,2
1331801.1048504573,2
1331981.1424439733,2
1332161.1800374896,2
1332341.217631006,2
1332521.255224522,2
1332701.2928180383,2
1332881.3304115545,2
1333061.3680050706,2
1333241.405598587,2
1333421.443192103,2
1333601.4807856192,2
1333781.5183791355,2
1333961.5559726518,2
1334141.5935661679,2
1334321.6311596842,2
1334501.6687532004,2
1334681.7063467165,2
1334861.7439402328,2
1335041.781533749,2
1335221.8191272651,2
1335401.8567207814,2
1335581.8943142975,2
1335761.9319078138,2
1335941.96950133,2
1336122.007094846,2
1336302.0446883624,2
1336482.0822818787,2
1336662.1198753947,2
1336842.157468911,2
1337022.1950624273,2
1337202.2326559434,2
1337382.2702494597,2
1337562.307842976,2
1337742.345436492,2
1337922.3830300083,2
1338102.4206235246,2
1338282.4582170409,2
1338462.495810557,2
1338642.5334040732,2
1338822.5709975893,2
1339002.6085911056,2
1339182.6461846218,2
1339362.683778138,2
1339542.7213716542,2
1339722.7589651705,2
1339902.7965586865,2
1340082.8341522028,2
1340262.871745719,2
1340442.9093392352,2
1340622.9469327515,2
1340802.9845262677,2
1340983.0221197838,2
1341163.0597133,2
1341343.0973068164,2
1341523.1349003324,2
1341703.1724938487,2
1341883.210087365,3
1342063.247680881,3
1342243.2852743973,3
1342423.3228679136,3
1342603.3604614297,3
1342783.398054946,3
1342963.4356484623,3
1343143.4732419783,3
1343323.5108354946,3
1343503.548429011,3
1343683.586022527,3
1343863.6236160432,3
1344043.6612095595,3
1344223.6988030756,3
1344403.7363965919,3
1344583.7739901082,2
1344763.8115836242,3
1344943.8491771405,3
1345123.8867706568,3
1345303.9243641729,3
1345483.9619576891,3
1345663.9995512054,3
1345844.0371447215,3
1346024.0747382378,3
1346204.112331754,3
1346384.1499252701,3
1346564.1875187864,3
1346744.2251123027,3
1346924.2627058187,3
1347104.300299335,3
1347284.337892851,3
1347464.3754863674,3
1347644.4130798837,3
1347824.4506734,3
1348004.488266916,3
1348184.5258604323,3
1348364.5634539486,3
1348544.6010474646,3
1348724.638640981,3
1348904.6762344972,3
1349084.7138280133,3
1349264.7514215296,3
1349444.7890150456,3
1349624.826608562,3
1349804.8642020782,3
1349984.9017955945,4
1350164.9393891105,2
1350344.9769826268,3
1350525.0145761431,2
1350705.0521696592,4
1350885.0897631755,4
1351065.1273566918,3
1351245.1649502078,3
1351425.202543724,3
1351605.2401372402,3
1351785.2777307564,3
1351965.3153242727,3
1352145.3529177888,3
1352325.390511305,3
1352505.4281048214,4
1352685.4656983374,4
1352865.5032918537,3
1353045.54088537,3
1353225.578478886,3
1353405.6160724023,4
1353585.6536659186,4
1353765.6912594347,4
1353945.728852951,4
1354125.7664464673,4
1354305.8040399833,4
1354485.8416334996,4
1354665.879227016,3
1354845.916820532,3
1355025.9544140482,4
1355205.9920075645,4
1355386.0296010808,4
1355566.0671945969,4
1355746.1047881132,4
1355926.1423816292,4
1356106.1799751455,4
1356286.2175686616,3
1356466.2551621778,3
1356646.2927556941,3
1356826.3303492104,3
1357006.3679427265,3
1357186.4055362428,3
1357366.443129759,3
1357546.480723275,3
1357726.5183167914,4
1357906.5559103077,4
1358086.5935038237,4
1358266.63109734,3
1358446.668690856,3
1358626.7062843724,3
1358806.7438778887,3
1358986.7814714047,4
1359166.819064921,4
1359346.8566584373,3
1359526.8942519536,2
1359706.9318454696,2
1359886.969438986,2
1360067.007032502,3
1360247.0446260183,3
1360427.0822195346,2
1360607.1198130506,3
1360787.157406567,3
1360967.1950000832,3
1361147.2325935995,3
1361327.2701871155,3
1361507.3077806318,3
1361687.3453741479,3
1361867.3829676642,3
1362047.4205611805,3
1362227.4581546965,3
1362407.4957482128,3
1362587.533341729,3
1362767.5709352451,2
1362947.6085287614,3
1363127.6461222777,3
1363307.6837157938,3
1363487.72130931,3
1363667.7589028263,3
1363847.7964963424,3
1364027.8340898587,3
1364207.871683375,4
1364387.909276891,4
1364567.9468704073,4
1364747.9844639236,3
1364928.0220574397,2
1365108.059650956,2
1365288.0972444722,2
1365468.1348379883,3
1365648.1724315046,3
1365828.2100250209,2
1366008.247618537,2
1366188.2852120532,2
1366368.3228055695,2
1366548.3603990856,2
1366728.3979926019,2
1366908.4355861181,2
1367088.4731796342,2
1367268.5107731505,2
1367448.5483666668,2
1367628.5859601828,3
1367808.623553699,3
1367988.6611472154,3
1368168.6987407315,3
1368348.7363342477,3
1368528.773927764,3
1368708.81152128,3
1368888.8491147964,2
1369068.8867083127,3
1369248.9243018287,3
1369428.961895345,2
1369608.9994888613,2
1369789.0370823774,2
1369969.0746758936,3
1370149.11226941,2
1370329.149862926,2
1370509.1874564423,2
1370689.2250499586,2
1370869.2626434746,2
1371049.300236991,2
1371229.3378305072,3
1371409.3754240233,4
1371589.4130175395,3
1371769.4506110558,2
1371949.488204572,2
1372129.5257980882,2
1372309.5633916045,2
1372489.6009851205,2
1372669.6385786368,2
1372849.676172153,3
1373029.7137656691,2
1373209.7513591854,2
1373389.7889527017,2
1373569.8265462178,2
1373749.864139734,2
1373929.9017332504,2
1374109.9393267664,2
1374289.9769202827,2
1374470.0145137988,2
1374650.052107315,3
1374830.0897008313,3
1375010.1272943474,3
1375190.1648878637,3
1375370.20248138,3
1375550.240074896,3
1375730.2776684123,3
1375910.3152619286,3
1376090.3528554447,3
1376270.390448961,3
1376450.4280424772,3
1376630.4656359933,3
1376810.5032295096,3
1376990.5408230259,3
1377170.578416542,3
1377350.6160100582,3
1377530.6536035745,3
1377710.6911970905,2
1377890.7287906068,2
1378070.7663841231,1
1378250.8039776392,1
1378430.8415711555,2
1378610.8791646718,2
1378790.9167581878,2
1378970.954351704,2
1379150.9919452204,2
1379331.0295387364,2
1379511.0671322527,2
1379691.1047257688,2
1379871.142319285,2
1380051.1799128014,3
1380231.2175063177,2
1380411.2550998337,2
1380591.29269335,2
1380771.3302868663,2
1380951.3678803823,2
1381131.4054738986,2
1381311.4430674147,2
1381491.480660931,2
1381671.5182544473,1
1381851.5558479633,1
1382031.5934414796,1
1382211.631034996,2
1382391.668628512,1
1382571.7062220282,1
1382751.7438155445,2
1382931.7814090606,1
1383111.8190025769,1
1383291.8565960932,1
1383471.8941896092,1
1383651.9317831255,1
1383831.9693766418,2
1384012.0069701578,2
1384192.0445636741,2
1384372.0821571904,2
1384552.1197507065,2
1384732.1573442228,1
1384912.194937739,1
1385092.232531255,2
1385272.2701247714,2
1385452.3077182877,2
1385632.3453118037,1
1385812.38290532,2
1385992.4204988363,2
1386172.4580923524,2
1386352.4956858687,2
1386532.533279385,2
1386712.570872901,2
1386892.6084664173,1
1387072.6460599336,1
1387252.6836534496,1
1387432.721246966,1
1387612.7588404822,1
1387792.7964339983,1
1387972.8340275146,1
1388152.8716210308,2
1388332.909214547,2
1388512.9468080632,2
1388692.9844015795,2
1388873.0219950955,2
1389053.0595886118,2
1389233.097182128,2
1389413.1347756442,2
1389593.1723691605,2
1389773.2099626767,2
1389953.2475561928,2
1390133.285149709,2
1390313.3227432254,1
1390493.3603367414,1
1390673.3979302577,2
1390853.435523774,2
1391033.47311729,2
1391213.5107108064,2
1391393.5483043226,2
1391573.5858978387,2
1391753.623491355,1
1391933.6610848713,2
1392113.6986783873,2
1392293.7362719036,1
1392473.77386542,1
1392653.811458936,1
1392833.8490524522,1
1393013.8866459685,2
1393193.9242394846,2
1393373.9618330009,2
1393553.999426517,2
1393734.0370200332,2
1393914.0746135495,2
1394094.1122070658,2
1394274.1498005819,2
1394454.1873940981,2
1394634.2249876144,2
1394814.2625811305,2
1394994.3001746468,2
1395174.3377681628,2
1395354.3753616791,2
1395534.4129551954,2
1395714.4505487115,2
1395894.4881422278,1
1396074.525735744,1
1396254.5633292603,1
1396434.6009227764,1
1396614.6385162927,1
1396794.6761098087,1
1396974.713703325,1
1397154.7512968413,1
1397334.7888903574,1
1397514.8264838737,1
1397694.86407739,1
1397874.9016709062,1
1398054.9392644223,1
1398234.9768579386,1
1398415.0144514546,2
1398595.052044971,1
1398775.0896384872,1
1398955.1272320033,1
1399135.1648255195,2
1399315.2024190358,2
1399495.2400125521,2
1399675.2776060682,2
1399855.3151995845,2
1400035.3527931005,2
1400215.3903866168,2
1400395.427980133,2
1400575.4655736494,2
1400755.5031671654,2
1400935.5407606817,2
1401115.5783541978,2
1401295.615947714,2
1401475.6535412301,2
1401655.6911347464,2
1401835.7287282627,1
1402015.766321779,1
1402195.803915295,2
1402375.8415088113,1
1402555.8791023276,1
1402735.9166958437,1
1402915.95428936,1
1403095.9918828763,1
1403276.0294763923,1
1403456.0670699086,1
1403636.1046634247,1
1403816.142256941,1
1403996.1798504572,2
1404176.2174439733,1
1404356.2550374896,1
1404536.2926310059,2
1404716.330224522,2
1404896.3678180382,2
1405076.4054115545,2
1405256.4430050706,2
1405436.4805985868,2
1405616.5181921031,2
1405796.5557856194,2
1405976.5933791355,2
1406156.6309726518,2
1406336.6685661678,2
1406516.706159684,2
1406696.7437532004,2
1406876.7813467165,2
1407056.8189402327,2
1407236.856533749,2
1407416.894127265,2
1407596.9317207814,2
1407776.9693142977,2
1407957.0069078137,2
1408137.04450133,2
1408317.0820948463,2
1408497.1196883623,2
1408677.1572818786,2
1408857.194875395,2
1409037.232468911,2
1409217.2700624273,2
1409397.3076559436,2
1409577.3452494596,2
1409757.382842976,2
1409937.4204364922,2
1410117.4580300082,2
1410297.4956235245,2
1410477.5332170408,2
1410657.5708105569,2
1410837.6084040732,2
1411017.6459975895,2
1411197.6835911055,2
1411377.7211846218,2
1411557.758778138,2
1411737.7963716541,2
1411917.8339651704,2
1412097.8715586867,2
1412277.9091522028,1
1412457.946745719,2
1412637.9843392354,2
1412818.0219327514,2
1412998.0595262677,2
1413178.097119784,2
1413358.1347133,2
1413538.1723068163,2
1413718.2099003326,2
1413898.2474938487,2
1414078.285087365,2
1414258.3226808812,2
1414438.3602743973,2
1414618.3978679136,2
1414798.4354614299,2
1414978.473054946,2
1415158.5106484622,2
1415338.5482419785,2
1415518.5858354946,2
1415698.6234290109,2
1415878.6610225271,2
1416058.6986160432,2
1416238.7362095595,2
1416418.7738030758,2
1416598.8113965918,2
1416778.8489901081,2
1416958.8865836242,2
1417138.9241771405,2
1417318.9617706568,2
1417498.999364173,2
1417679.036957689,2
1417859.0745512054,2
1418039.1121447217,2
1418219.1497382377,2
1418399.187331754,2
1418579.2249252703,2
1418759.2625187864,2
1418939.3001123026,2
1419119.3377058187,2
1419299.375299335,2
1419479.4128928513,2
1419659.4504863673,2
1419839.4880798836,2
1420019.5256734,2
1420199.5632669162,2
1420379.6008604323,2
1420559.6384539485,2
1420739.6760474646,2
1420919.713640981,2
1421099.7512344972,2
1421279.7888280132,2
1421459.8264215295,2
1421639.8640150458,2
1421819.901608562,2
1421999.9392020782,2
1422179.9767955944,1
1422360.0143891105,1
1422540.0519826268,2
1422720.089576143,1
1422900.1271696591,1
1423080.1647631754,1
1423260.2023566917,1
1423440.2399502078,2
1423620.277543724,2
1423800.31513724,2
1423980.3527307564,2
1424160.3903242727,2
1424340.427917789,2
1424520.465511305,2
1424700.5031048213,1
1424880.5406983376,2
1425060.5782918537,2
1425240.61588537,2
1425420.6534788862,2
1425600.6910724023,2
1425780.7286659186,2
1425960.7662594349,2
1426140.803852951,2
1426320.8414464672,2
1426500.8790399835,2
1426680.9166334996,2
1426860.9542270158,2
1427040.9918205321,2
1427221.0294140482,2
1427401.0670075645,2
1427581.1046010805,2
1427761.1421945968,2
1427941.179788113,2
1428121.2173816292,2
1428301.2549751454,2
1428481.2925686617,2
1428661.3301621778,2
1428841.367755694,2
1429021.4053492104,2
1429201.4429427264,2
1429381.4805362427,2
1429561.518129759,2
1429741.555723275,2
1429921.5933167913,2
1430101.6309103076,2
1430281.668503824,2
1430461.70609734,2
1430641.7436908563,2
1430821.7812843723,2
1431001.8188778886,2
1431181.856471405,2
1431361.894064921,2
1431541.9316584372,3
1431721.9692519535,2
1431902.0068454696,2
1432082.0444389859,2
1432262.0820325022,2
1432442.1196260182,2
1432622.1572195345,2
1432802.1948130508,2
1432982.2324065669,2
1433162.2700000831,2
1433342.3075935994,2
1433522.3451871155,2
1433702.3827806318,2
1433882.420374148,2
1434062.457967664,2
1434242.4955611804,2
1434422.5331546967,2
1434602.5707482127,2
1434782.608341729,2
1434962.6459352453,2
1435142.6835287614,2
1435322.7211222777,2
1435502.758715794,2
1435682.79630931,2
1435862.8339028263,2
1436042.8714963426,2
1436222.9090898586,2
1436402.946683375,2
1436582.9842768912,2
1436763.0218704073,2
1436943.0594639236,2
1437123.0970574399,2
1437303.134650956,2
1437483.1722444722,2
1437663.2098379885,2
1437843.2474315045,2
1438023.2850250208,2
1438203.3226185371,2
1438383.3602120532,2
1438563.3978055695,2
1438743.4353990857,2
1438923.4729926018,2
1439103.510586118,2
1439283.5481796341,2
1439463.5857731504,2
1439643.6233666667,2
1439823.660960183,2
1440003.698553699,2
1440183.7361472154,2
1440363.7737407316,2
1440543.8113342477,2
1440723.848927764,2
1440903.8865212803,2
1441083.9241147963,2
1441263.9617083126,2
1441443.999301829,2
1441624.036895345,2
1441804.0744888613,2
1441984.1120823775,2
1442164.1496758936,2
1442344.18726941,2
1442524.224862926,2
1442704.2624564422,2
1442884.3000499585,2
1443064.3376434746,2
1443244.3752369909,2
1443424.4128305071,2
1443604.4504240234,2
1443784.4880175395,2
1443964.5256110558,2
1444144.5632045718,2
1444324.6007980881,2
1444504.6383916044,2
1444684.6759851207,2
1444864.7135786368,2
1445044.751172153,2
1445224.788765669,2
1445404.8263591854,2
1445584.8639527017,2
1445764.9015462177,2
1445944.939139734,2
1446124.9767332503,2
1446305.0143267664,2
1446485.0519202827,2
1446665.089513799,2
1446845.127107315,2
1447025.1647008313,2
1447205.2022943473,2
1447385.2398878636,2
1447565.27748138,2
1447745.3150748962,2
1447925.3526684123,2
1448105.3902619286,2
1448285.4278554448,2
1448465.465448961,2
1448645.5030424772,2
1448825.5406359932,2
1449005.5782295095,2
1449185.6158230258,2
1449365.6534165419,2
1449545.6910100582,2
1449725.7286035744,2
1449905.7661970905,2
1450085.8037906068,2
1450265.841384123,2
1450445.8789776391,2
1450625.9165711554,2
1450805.9541646717,2
1450985.9917581878,2
1451166.029351704,2
1451346.0669452203,2
1451526.1045387364,2
1451706.1421322527,2
1451886.179725769,2
1452066.217319285,2
1452246.2549128013,2
1452426.2925063176,2
1452606.3300998337,2
1452786.36769335,2
1452966.4052868662,2
1453146.4428803823,2
1453326.4804738986,2
1453506.5180674149,2
1453686.555660931,2
1453866.5932544472,2
1454046.6308479635,2
1454226.6684414796,2
1454406.7060349958,2
1454586.7436285121,2
1454766.7812220282,1
1454946.8188155445,1
1455126.8564090608,2
1455306.8940025768,2
1455486.931596093,2
1455666.9691896094,2
1455847.0067831255,2
1456027.0443766417,2
1456207.081970158,2
1456387.119563674,2
1456567.1571571904,2
1456747.1947507067,2
1456927.2323442227,2
1457107.269937739,2
1457287.3075312553,2
1457467.3451247714,2
1457647.3827182876,2
1457827.420311804,2
1458007.45790532,2
1458187.4954988363,2
1458367.5330923526,2
1458547.5706858686,2
1458727.608279385,2
1458907.6458729012,2
1459087.6834664172,2
1459267.7210599335,2
1459447.7586534498,2
1459627.7962469659,2
1459807.8338404822,2
1459987.8714339985,2
1460167.9090275145,2
1460347.9466210308,2
1460527.984214547,2
1460708.0218080631,2
1460888.0594015794,2
1461068.0969950957,2
1461248.1345886118,2
1461428.172182128,2
1461608.2097756441,2
1461788.2473691604,2
1461968.2849626767,2
1462148.322556193,2
1462328.360149709,2
1462508.3977432253,2
1462688.4353367414,2
1462868.4729302577,2
1463048.510523774,2
1463228.54811729,2
1463408.5857108063,2
1463588.6233043226,2
1463768.6608978389,2
1463948.698491355,2
1464128.7360848712,2
1464308.7736783875,2
1464488.8112719036,2
1464668.8488654199,2
1464848.8864589361,2
1465028.9240524522,2
1465208.9616459685,2
1465388.9992394845,2
1465569.0368330008,2
1465749.0744265171,2
1465929.1120200334,2
1466109.1496135495,2
1466289.1872070658,2
1466469.224800582,2
1466649.262394098,2
1466829.2999876144,2
1467009.3375811304,2
1467189.3751746467,2
1467369.412768163,2
1467549.450361679,2
1467729.4879551954,2
1467909.5255487117,2
1468089.5631422277,2
1468269.600735744,2
1468449.6383292603,2
1468629.6759227763,2
1468809.7135162926,2
1468989.751109809,2
1469169.788703325,2
1469349.8262968413,3
1469529.8638903573,3
1469709.9014838736,3
1469889.93907739,3
1470069.9766709062,3
1470250.0142644222,3
1470430.0518579385,3
1470610.0894514546,3
1470790.1270449709,3
1470970.1646384872,3
1471150.2022320032,3
1471330.2398255195,3
1471510.2774190358,3
1471690.315012552,2
1471870.3526060684,2
1472050.3901995844,2
1472230.4277931007,3
1472410.4653866168,2
1472590.502980133,2
1472770.540573649,2
1472950.5781671654,2
1473130.6157606817,2
1473310.6533541977,2
1473490.6909477143,2
1473670.7285412303,2
1473850.7661347466,2
1474030.8037282627,3
1474210.841321779,3
1474390.878915295,3
1474570.9165088113,3
1474750.9541023276,2
1474930.9916958436,2
1475111.02928936,3
1475291.0668828762,3
1475471.1044763923,3
1475651.1420699086,3
1475831.1796634248,2
1476011.217256941,3
1476191.2548504572,3
1476371.2924439735,3
1476551.3300374895,4
1476731.3676310058,3
1476911.405224522,2
1477091.4428180382,2
1477271.4804115545,2
1477451.5180050707,2
1477631.5555985868,2
1477811.593192103,2
1477991.6307856194,2
1478171.6683791354,2
1478351.7059726517,2
1478531.743566168,2
1478711.781159684,2
1478891.8187532004,2
1479071.8563467166,2
1479251.8939402327,2
1479431.931533749,2
1479611.9691272653,2
1479792.0067207813,2
1479972.0443142976,2
1480152.081907814,2
1480332.11950133,2
1480512.1570948462,2
1480692.1946883625,2
1480872.2322818786,2
1481052.2698753949,2
1481232.307468911,1
1481412.3450624272,1
1481592.3826559435,2
1481772.4202494598,2
1481952.4578429759,2
1482132.4954364921,1
1482312.5330300084,2
1482492.5706235245,2
1482672.6082170408,2
1482852.6458105568,1
1483032.6834040731,1
1483212.7209975894,2
1483392.7585911057,1
1483572.7961846218,1
1483752.833778138,1
1483932.8713716543,1
1484112.9089651704,1
1484292.9465586867,1
1484472.9841522027,1
1484653.021745719,2
1484833.0593392353,2
1485013.0969327514,2
1485193.1345262676,2
1485373.1721197837,2
1485553.2097133002,2
1485733.2473068163,2
1485913.2849003326,2
1486093.3224938489,2
1486273.360087365,2
1486453.3976808812,2
1486633.4352743975,2
1486813.4728679135,2
1486993.5104614298,2
1487173.5480549461,2
1487353.5856484622,2
1487533.6232419785,2
1487713.6608354948,2
1487893.6984290108,2
1488073.736022527,2
1488253.7736160434,2
1488433.8112095594,2
1488613.8488030757,2
1488793.886396592,2
1488973.923990108,2
1489153.9615836244,2
1489333.9991771404,2
1489514.0367706567,2
1489694.074364173,2
1489874.1119576893,2
1490054.1495512053,2
1490234.1871447216,2
1490414.2247382377,2
1490594.262331754,2
1490774.2999252703,2
1490954.3375187863,2
1491134.3751123026,2
1491314.412705819,2
1491494.4502993352,2
1491674.4878928512,2
1491854.5254863673,2
1492034.5630798836,2
1492214.6006733999,2
1492394.638266916,2
1492574.6758604322,2
1492754.7134539485,2
1492934.7510474646,2
1493114.788640981,2
1493294.8262344971,2
1493474.8638280132,2
1493654.9014215295,2
1493834.9390150458,2
1494014.9766085618,2
1494195.014202078,2
1494375.0517955944,2
1494555.0893891104,2
1494735.126982627,2
1494915.164576143,2
1495095.202169659,2
1495275.2397631754,2
1495455.2773566917,2
1495635.3149502077,2
1495815.352543724,2
1495995.3901372403,2
1496175.4277307563,2
1496355.4653242726,2
1496535.502917789,2
1496715.540511305,2
1496895.5781048213,2
1497075.6156983376,2
1497255.6532918536,2
1497435.69088537,2
1497615.7284788862,2
1497795.7660724022,2
1497975.8036659185,2
1498155.8412594348,2
1498335.8788529509,2
1498515.9164464672,2
1498695.9540399835,2
1498875.9916334995,2
1499056.0292270158,2
1499236.066820532,2
1499416.1044140481,2
1499596.1420075644,2
1499776.1796010807,2
1499956.2171945968,2
1500136.254788113,2
1500316.2923816293,2
1500496.3299751454,2
1500676.3675686617,2
1500856.405162178,2
1501036.442755694,2
1501216.4803492103,2
1501396.5179427266,2
1501576.5555362427,2
1501756.593129759,2
1501936.6307232752,2
1502116.6683167913,2
1502296.7059103076,2
1502476.7435038239,2
1502656.78109734,2
1502836.8186908562,2
1503016.8562843725,2
1503196.8938778886,2
1503376.9314714049,2
1503556.9690649211,2
1503737.0066584372,2
1503917.0442519535,2
1504097.0818454698,2
1504277.1194389858,2
1504457.1570325021,2
1504637.1946260184,2
1504817.2322195345,2
1504997.2698130507,2
1505177.307406567,2
1505357.345000083,2
1505537.3825935994,2
1505717.4201871154,2
1505897.4577806317,2
1506077.495374148,2
1506257.5329676643,2
1506437.5705611804,2
1506617.6081546966,2
1506797.645748213,2
1506977.683341729,2
1507157.7209352453,2
1507337.7585287613,2
1507517.7961222776,2
1507697.833715794,2
1507877.8713093102,2
1508057.9089028263,2
1508237.9464963425,2
1508417.9840898588,2
1508598.021683375,2
1508778.0592768912,2
1508958.0968704075,2
1509138.1344639235,2
1509318.1720574398,2
1509498.209650956,2
1509678.2472444721,2
1509858.2848379884,2
1510038.3224315047,2
1510218.3600250208,2
1510398.397618537,2
1510578.4352120534,1
1510758.4728055694,1
1510938.5103990857,1
1511118.5479926018,1
1511298.585586118,1
1511478.623179634,1
1511658.6607731506,2
1511838.6983666667,1
1512018.735960183,2
1512198.773553699,2
1512378.8111472153,1
1512558.8487407316,2
1512738.8863342477,1
1512918.923927764,1
1513098.9615212802,1
1513278.9991147963,1
1513459.0367083126,2
1513639.0743018289,2
1513819.111895345,2
1513999.1494888612,2
1514179.1870823775,2
1514359.2246758936,2
1514539.2622694098,2
1514719.299862926,2
1514899.3374564422,2
1515079.3750499585,2
1515259.4126434745,2
1515439.4502369908,2
1515619.487830507,2
1515799.5254240232,2
1515979.5630175394,2
1516159.6006110557,2
1516339.6382045718,2
1516519.675798088,2
1516699.7133916044,2
1516879.7509851204,2
1517059.7885786367,2
1517239.826172153,2
1517419.863765669,2
1517599.9013591853,2
1517779.9389527016,2
1517959.9765462177,2
1518140.014139734,2
1518320.0517332503,2
1518500.0893267663,2
1518680.1269202826,2
1518860.164513799,2
1519040.202107315,2
1519220.2397008315,2
1519400.2772943475,2
1519580.3148878636,2
1519760.3524813799,2
1519940.3900748962,2
1520120.4276684122,2
1520300.4652619287,2
1520480.5028554448,2
1520660.5404489608,2
1520840.5780424771,2
1521020.6156359934,2
1521200.6532295095,2
1521380.6908230258,2
1521560.728416542,2
1521740.766010058,2
1521920.8036035744,2
1522100.8411970907,2
1522280.8787906067,2
1522460.916384123,2
1522640.9539776393,2
1522820.9915711554,2
1523001.0291646717,2
1523181.066758188,2
1523361.104351704,2
1523541.1419452203,2
1523721.1795387366,2
1523901.2171322526,2
1524081.254725769,2
1524261.2923192852,2
1524441.3299128013,2
1524621.3675063176,2
1524801.4050998338,2
1524981.44269335,2
1525161.4802868662,2
1525341.5178803825,2
1525521.5554738985,2
1525701.5930674148,2
1525881.630660931,2
1526061.6682544472,2
1526241.7058479635,2
1526421.7434414797,2
1526601.7810349958,2
1526781.818628512,2
1526961.8562220284,2
1527141.8938155444,2
1527321.9314090607,2
1527501.969002577,2
1527682.006596093,2
1527862.0441896094,2
1528042.0817831256,2
1528222.1193766417,2
1528402.156970158,2
1528582.1945636743,2
1528762.2321571903,2
1528942.2697507066,2
1529122.307344223,2
1529302.344937739,2
1529482.3825312553,2
1529662.4201247715,2
1529842.4577182876,2
1530022.4953118039,2
1530202.5329053202,2
1530382.5704988362,2
1530562.6080923525,2
1530742.6456858688,2
1530922.6832793849,2
1531102.7208729011,1
1531282.7584664174,2
1531462.7960599335,3
1531642.8336534498,2
1531822.871246966,3
1532002.9088404821,3
1532182.9464339982,3
1532362.9840275147,3
1532543.0216210308,3
1532723.059214547,3
1532903.0968080633,3
1533083.1344015794,3
1533263.1719950957,3
1533443.209588612,3
1533623.247182128,2
1533803.284775644,2
1533983.3223691606,2
1534163.3599626767,3
1534343.397556193,3
1534523.435149709,3
1534703.4727432253,3
1534883.5103367416,3
1535063.5479302579,3
1535243.585523774,3
1535423.6231172902,3
1535603.6607108063,3
1535783.6983043225,3
1535963.7358978388,3
1536143.773491355,3
1536323.8110848712,2
1536503.8486783875,3
1536683.8862719035,3
1536863.9238654198,3
1537043.961458936,3
1537223.9990524522,3
1537404.0366459684,3
1537584.0742394845,2
1537764.1118330008,2
1537944.149426517,3
1538124.1870200331,3
1538304.2246135494,3
1538484.2622070657,3
1538664.2998005818,3
1538844.337394098,3
1539024.3749876143,3
1539204.4125811304,3
1539384.4501746467,3
1539564.487768163,3
1539744.525361679,3
1539924.5629551953,3
1540104.6005487116,2
1540284.6381422277,2
1540464.675735744,3
1540644.7133292602,3
1540824.7509227763,3
1541004.7885162926,3
1541184.8261098089,2
1541364.863703325,2
1541544.9012968412,2
1541724.9388903575,3
1541904.9764838736,2
1542085.0140773898,3
1542265.0516709061,3
1542445.0892644224,2
1542625.1268579385,2
1542805.1644514548,2
1542985.2020449708,2
1543165.239638487,2
1543345.2772320034,3
1543525.3148255195,3
1543705.3524190357,3
1543885.390012552,3
1544065.4276060683,3
1544245.4651995844,3
1544425.5027931007,3
1544605.5403866167,3
1544785.577980133,3
1544965.6155736493,3
1545145.6531671654,3
1545325.6907606816,3
1545505.728354198,3
1545685.7659477142,3
1545865.8035412303,3
1546045.8411347466,3
1546225.8787282626,3
1546405.916321779,3
1546585.9539152952,3
1546765.9915088112,3
1546946.0291023275,3
1547126.0666958438,3
1547306.1042893599,3
1547486.1418828762,3
1547666.1794763925,3
1547846.2170699085,3
1548026.2546634248,3
1548206.292256941,3
1548386.3298504571,3
1548566.3674439734,3
1548746.4050374897,3
1548926.4426310058,3
1549106.480224522,3
1549286.5178180384,2
1549466.5554115544,3
1549646.5930050707,3
1549826.630598587,3
1550006.668192103,3
1550186.7057856193,3
1550366.7433791356,3
1550546.7809726517,3
1550726.818566168,3
1550906.8561596842,3
1551086.8937532003,3
1551266.9313467166,3
1551446.9689402329,3
1551627.006533749,3
1551807.0441272652,3
1551987.0817207815,3
1552167.1193142976,3
1552347.1569078139,3
1552527.1945013301,3
1552707.2320948462,3
1552887.2696883625,3
1553067.3072818788,4
1553247.3448753948,4
1553427.382468911,3
1553607.4200624274,4
1553787.4576559435,4
1553967.4952494598,4
1554147.532842976,4
1554327.570436492,4
1554507.6080300084,4
1554687.6456235247,4
1554867.6832170407,4
1555047.720810557,4
1555227.7584040733,3
1555407.7959975894,3
1555587.8335911056,3
1555767.871184622,3
1555947.908778138,3
1556127.9463716543,3
1556307.9839651703,3
1556488.0215586866,3
1556668.059152203,3
1556848.0967457192,3
1557028.1343392353,3
1557208.1719327515,4
1557388.2095262676,4
1557568.247119784,4
1557748.2847133002,4
1557928.3223068162,4
1558108.3599003325,4
1558288.3974938488,4
1558468.4350873649,4
1558648.4726808812,4
1558828.5102743974,4
1559008.5478679137,4
1559188.5854614298,4
1559368.623054946,4
1559548.6606484621,4
1559728.6982419784,4
1559908.7358354945,4
1560088.773429011,4
1560268.811022527,4
1560448.848616043,4
1560628.8862095594,4
1560808.9238030757,4
1560988.9613965917,3
1561168.9989901083,4
1561349.0365836243,4
1561529.0741771406,4
1561709.1117706567,4
1561889.149364173,4
1562069.186957689,4
1562249.2245512053,4
1562429.2621447216,4
1562609.2997382376,4
1562789.337331754,4
1562969.3749252702,4
1563149.4125187863,3
1563329.4501123028,3
1563509.4877058188,3
1563689.525299335,3
1563869.5628928512,3
1564049.6004863675,3
1564229.6380798835,3
1564409.6756733998,4
1564589.713266916,4
1564769.7508604322,4
1564949.7884539485,4
1565129.8260474647,3
1565309.8636409808,3
1565489.901234497,4
1565669.9388280134,4
1565849.9764215294,3
1566030.0140150457,4
1566210.051608562,4
1566390.089202078,4
1566570.1267955943,4
1566750.1643891106,4
1566930.2019826267,4
1567110.239576143,4
1567290.2771696593,4
1567470.3147631753,4
1567650.3523566916,4
1567830.389950208,4
1568010.4275437242,4
1568190.4651372402,4
1568370.5027307565,5
1568550.5403242726,4
1568730.5779177889,5
1568910.6155113052,5
1569090.6531048212,4
1569270.6906983375,5
1569450.7282918538,5
1569630.7658853699,5
1569810.8034788861,5
1569990.8410724024,4
1570170.8786659185,3
1570350.9162594348,4
1570530.953852951,4
1570710.9914464671,3
1570891.0290399834,4
1571071.0666334997,4
1571251.1042270157,5
1571431.141820532,5
1571611.1794140483,5
1571791.2170075644,5
1571971.2546010807,5
1572151.2921945967,5
1572331.329788113,5
1572511.3673816293,5
1572691.4049751456,5
1572871.4425686616,5
1573051.480162178,5
1573231.5177556942,5
1573411.5553492103,5
1573591.5929427266,5
1573771.6305362429,5
1573951.6681297591,5
1574131.7057232752,5
1574311.7433167913,5
1574491.7809103075,4
1574671.8185038238,4
1574851.8560973401,4
1575031.8936908562,5
1575211.9312843725,5
1575391.9688778885,5
1575572.0064714048,4
1575752.044064921,4
1575932.0816584371,4
1576112.1192519534,4
1576292.1568454697,6
1576472.194438986,5
1576652.232032502,5
1576832.2696260184,5
1577012.3072195346,4
1577192.3448130507,4
1577372.382406567,4
1577552.4200000833,4
1577732.4575935993,4
1577912.4951871154,4
1578092.532780632,4
1578272.570374148,4
1578452.6079676643,4
1578632.6455611803,4
1578812.6831546966,4
1578992.720748213,5
1579172.7583417292,5
1579352.7959352452,5
1579532.8335287613,4
1579712.8711222778,4
1579892.9087157939,4
1580072.9463093102,4
1580252.9839028262,4
1580433.0214963425,5
1580613.0590898588,4
1580793.0966833748,4
1580973.1342768911,4
1581153.1718704074,4
1581333.2094639235,4
1581513.2470574398,4
1581693.284650956,4
1581873.322244472,4
1582053.3598379884,4
1582233.3974315047,4
1582413.435025021,4
1582593.472618537,4
1582773.510212053,5
1582953.5478055694,5
1583133.5853990857,5
1583313.6229926017,5
1583493.660586118,5
1583673.6981796343,5
1583853.7357731503,5
1584033.7733666666,5
1584213.810960183,5
1584393.848553699,5
1584573.8861472153,5
1584753.9237407316,5
1584933.9613342476,5
1585113.998927764,5
1585294.0365212802,5
1585474.0741147962,5
1585654.1117083128,4
1585834.1493018288,5
1586014.1868953449,5
1586194.2244888614,3
1586374.2620823774,4
1586554.2996758935,4
1586734.3372694098,5
1586914.374862926,5
1587094.4124564421,4
1587274.4500499587,5
1587454.4876434747,6
1587634.525236991,6
1587814.562830507,7
1587994.6004240233,6
1588174.6380175394,6
1588354.6756110557,5
1588534.713204572,6
1588714.750798088,6
1588894.7883916043,6
1589074.8259851206,6
1589254.8635786367,6
1589434.901172153,6
1589614.9387656692,5
1589794.9763591853,6
1589975.0139527016,5
1590155.0515462179,5
1590335.089139734,5
1590515.1267332502,5
1590695.1643267665,5
1590875.2019202826,5
1591055.2395137988,5
1591235.2771073151,5
1591415.3147008312,5
1591595.3522943475,5
1591775.3898878638,5
1591955.4274813798,5
1592135.465074896,5
1592315.5026684124,5
1592495.5402619285,4
1592675.5778554447,5
1592855.615448961,5
1593035.653042477,5
1593215.6906359934,5
1593395.7282295097,5
1593575.7658230257,5
1593755.803416542,6
1593935.8410100583,6
1594115.8786035744,6
1594295.9161970906,6
1594475.953790607,6
1594655.991384123,6
1594836.0289776393,6
1595016.0665711553,6
1595196.1041646716,7
1595376.141758188,7
1595556.1793517042,6
1595736.2169452203,6
1595916.2545387365,6
1596096.2921322528,6
1596276.3297257689,6
1596456.3673192852,6
1596636.4049128015,6
1596816.4425063175,6
1596996.4800998338,6
1597176.51769335,6
1597356.5552868661,6
1597536.5928803824,6
1597716.6304738987,6
1597896.6680674148,4
1598076.705660931,5
1598256.7432544471,5
1598436.7808479634,5
1598616.8184414795,5
1598796.856034996,5
1598976.893628512,5
1599156.9312220283,6
1599336.9688155446,4
1599517.0064090607,4
1599697.044002577,8
1599877.0815960933,6
1600057.1191896093,7
1600237.1567831256,6
1600417.1943766417,5
1600597.231970158,6
1600777.2695636742,5
1600957.3071571905,6
1601137.3447507066,5
1601317.3823442229,5
1601497.4199377391,5
1601677.4575312552,6
1601857.4951247715,6
1602037.5327182878,7
1602217.5703118038,7
1602397.6079053201,5
1602577.6454988362,9
1602757.6830923525,6
1602937.7206858688,6
1603117.758279385,6
1603297.795872901,6
1603477.8334664174,6
1603657.8710599334,6
1603837.9086534497,6
1604017.9462469658,6
1604197.983840482,6
1604378.0214339984,7
1604558.0590275147,7
1604738.0966210307,6
1604918.134214547,5
1605098.1718080633,5
1605278.2094015796,5
1605458.2469950956,5
1605638.2845886117,5
1605818.322182128,5
1605998.3597756443,5
1606178.3973691603,5
1606358.4349626766,5
1606538.472556193,5
1606718.510149709,5
1606898.5477432252,5
1607078.5853367415,6
1607258.6229302578,5
1607438.6605237739,4
1607618.6981172902,4
1607798.7357108062,4
1607978.7733043225,4
1608158.8108978388,4
1608338.848491355,4
1608518.8860848714,5
1608698.9236783874,5
1608878.9612719035,5
1609058.9988654198,5
1609239.036458936,5
1609419.074052452,5
1609599.1116459684,5
1609779.1492394847,5
1609959.1868330007,5
1610139.224426517,5
1610319.2620200333,5
1610499.2996135494,4
1610679.3372070657,5
1610859.374800582,4
1611039.412394098,4
1611219.4499876143,6
1611399.4875811306,6
1611579.5251746466,6
1611759.562768163,6
1611939.6003616792,6
1612119.6379551953,6
1612299.6755487116,6
1612479.7131422278,6
1612659.7507357441,6
1612839.7883292602,5
1613019.8259227765,4
1613199.8635162925,4
1613379.9011098088,4
1613559.938703325,4
1613739.9762968414,4
1613920.0138903575,4
1614100.0514838737,4
1614280.0890773898,4
1614460.126670906,4
1614640.1642644224,4
1614820.2018579384,4
1615000.2394514547,5
1615180.277044971,4
1615360.314638487,4
1615540.3522320034,4
1615720.3898255196,4
1615900.4274190357,4
1616080.465012552,5
1616260.5026060683,5
1616440.5401995843,4
1616620.5777931006,5
1616800.615386617,4
1616980.652980133,4
1617160.6905736492,4
1617340.7281671655,5
1617520.7657606816,4
1617700.8033541979,3
1617880.8409477142,4
1618060.8785412302,4
1618240.9161347465,4
1618420.9537282628,5
1618600.9913217789,5
1618781.0289152951,5
1618961.0665088114,5
1619141.1041023275,5
1619321.1416958438,6
1619501.17928936,6
1619681.2168828761,5
1619861.2544763924,5
1620041.2920699087,5
1620221.3296634248,5
1620401.367256941,5
1620581.4048504573,5
1620761.4424439734,5
1620941.4800374897,5
1621121.517631006,5
1621301.555224522,5
1621481.592818038,5
1621661.6304115546,5
1621841.6680050706,5
1622021.705598587,4
1622201.7431921032,4
1622381.7807856193,4
1622561.8183791356,4
1622741.8559726519,4
1622921.893566168,4
1623101.9311596842,4
1623281.9687532005,4
1623462.0063467165,4
1623642.0439402328,4
1623822.0815337491,4
1624002.1191272652,4
1624182.1567207815,3
1624362.1943142978,3
1624542.2319078138,3
1624722.2695013299,3
1624902.3070948464,4
1625082.3446883624,5
1625262.3822818787,5
1625442.4198753948,4
1625622.457468911,4
1625802.4950624274,4
1625982.5326559434,5
1626162.5702494597,4
1626342.607842976,4
1626522.645436492,4
1626702.6830300083,4
1626882.7206235246,5
1627062.7582170407,5
1627242.795810557,5
1627422.8334040733,5
1627602.8709975895,5
1627782.9085911056,4
1627962.9461846217,4
1628142.9837781382,4
1628323.0213716542,4
1628503.0589651703,4
1628683.0965586866,4
1628863.1341522029,4
1629043.171745719,4
1629223.2093392354,4
1629403.2469327515,4
1629583.2845262678,4
1629763.3221197838,5
1629943.3597133001,5
1630123.3973068162,4
1630303.4349003325,4
1630483.4724938488,5
1630663.5100873648,4
1630843.547680881,4
1631023.5852743974,4
1631203.6228679135,3
1631383.66046143,2
1631563.6980549458,3
1631743.735648462,2
1631923.7732419784,3
1632103.8108354947,3
1632283.8484290107,4
1632463.886022527,4
1632643.9236160433,4
1632823.9612095593,4
1633003.9988030756,5
1633184.036396592,3
1633364.0739901082,4
1633544.1115836243,4
1633724.1491771406,4
1633904.1867706566,4
1634084.224364173,4
1634264.2619576892,4
1634444.2995512052,4
1634624.3371447215,4
1634804.3747382378,4
1634984.4123317539,4
1635164.4499252702,4
1635344.4875187865,4
1635524.5251123027,4
1635704.5627058188,4
1635884.600299335,4
1636064.6378928511,4
1636244.6754863674,4
1636424.7130798837,4
1636604.7506733998,4
1636784.788266916,4
1636964.8258604323,4
1637144.8634539484,4
1637324.9010474647,3
1637504.938640981,3
1637684.976234497,3
1637865.0138280133,3
1638045.0514215296,4
1638225.0890150457,4
1638405.126608562,3
1638585.1642020782,4
1638765.2017955943,4
1638945.2393891106,4
1639125.2769826269,4
1639305.314576143,4
1639485.3521696592,5
1639665.3897631755,5
1639845.4273566916,5
1640025.4649502079,5
1640205.5025437241,5
1640385.5401372402,5
1640565.5777307565,4
1640745.6153242728,4
1640925.6529177888,4
1641105.6905113051,4
1641285.7281048214,5
1641465.7656983375,4
1641645.8032918538,4
1641825.84088537,4
1642005.878478886,4
1642185.9160724024,4
1642365.9536659184,4
1642545.9912594347,4
1642726.028852951,4
1642906.0664464673,4
1643086.1040399834,4
1643266.1416334996,4
1643446.179227016,4
1643626.216820532,4
1643806.2544140483,4
1643986.2920075646,4
1644166.3296010806,4
1644346.3671945967,4
1644526.404788113,5
1644706.4423816293,5
1644886.4799751455,4
1645066.5175686618,5
1645246.555162178,6
1645426.5927556942,6
1645606.6303492102,6
1645786.6679427265,5
1645966.7055362428,5
1646146.743129759,6
1646326.7807232752,6
1646506.8183167914,5
1646686.8559103077,4
1646866.8935038238,4
1647046.93109734,4
1647226.9686908564,4
1647407.0062843724,4
1647587.0438778885,4
1647767.0814714048,4
1647947.119064921,4
1648127.1566584373,5
1648307.1942519534,4
1648487.2318454697,4
1648667.269438986,4
1648847.307032502,4
1649027.3446260183,4
1649207.3822195346,4
1649387.4198130507,4
1649567.457406567,4
1649747.4950000832,4
1649927.5325935993,4
1650107.5701871156,4
1650287.6077806319,5
1650467.6453741482,4
1650647.6829676642,4
1650827.7205611803,4
1651007.7581546968,5
1651187.7957482128,4
1651367.8333417291,4
1651547.8709352452,4
1651727.9085287615,4
1651907.9461222775,4
1652087.983715794,4
1652268.02130931,4
1652448.0589028262,4
1652628.0964963424,4
1652808.1340898587,5
1652988.1716833748,4
1653168.209276891,5
1653348.2468704074,5
1653528.2844639234,4
1653708.32205744,4
1653888.359650956,4
1654068.397244472,4
1654248.4348379886,4
1654428.4724315046,4
1654608.510025021,4
1654788.547618537,4
1654968.5852120533,4
1655148.6228055693,4
1655328.6603990858,3
1655508.697992602,3
1655688.735586118,4
1655868.7731796342,4
1656048.8107731505,4
1656228.8483666666,4
1656408.8859601829,3
1656588.9235536992,4
1656768.9611472152,3
1656948.9987407315,3
1657129.0363342478,3
1657309.0739277638,3
1657489.1115212801,3
1657669.1491147964,3
1657849.1867083127,4
1658029.2243018288,3
1658209.261895345,3
1658389.299488861,3
1658569.3370823774,4
1658749.3746758937,4
1658929.41226941,4
1659109.449862926,4
1659289.4874564423,4
1659469.5250499584,4
1659649.5626434747,4
1659829.600236991,4
1660009.637830507,4
1660189.6754240233,3
1660369.7130175396,4
1660549.7506110556,4
1660729.788204572,4
1660909.8257980882,4
1661089.8633916043,4
1661269.9009851206,4
1661449.9385786369,4
1661629.976172153,4
1661810.0137656692,5
1661990.0513591855,4
1662170.0889527015,4
1662350.1265462178,4
1662530.164139734,4
1662710.2017332502,4
1662890.2393267665,4
1663070.2769202827,4
1663250.3145137988,4
1663430.352107315,4
1663610.3897008314,4
1663790.4272943474,4
1663970.4648878637,3
1664150.50248138,5
1664330.540074896,5
1664510.5776684124,4
1664690.6152619286,5
1664870.6528554447,4
1665050.690448961,4
1665230.728042477,4
1665410.7656359933,4
1665590.8032295094,4
1665770.840823026,4
1665950.878416542,4
1666130.9160100583,4
1666310.9536035745,4
1666490.9911970906,4
1666671.028790607,4
1666851.0663841232,4
1667031.1039776392,4
1667211.1415711553,4
1667391.1791646718,4
1667571.2167581879,4
1667751.2543517041,4
1667931.2919452204,5
1668111.3295387365,5
1668291.3671322528,6
1668471.4047257688,6
1668651.4423192851,5
1668831.4799128014,5
1669011.5175063177,6
1669191.5550998338,5
1669371.5926933498,6
1669551.6302868663,7
1669731.6678803824,6
1669911.7054738987,6
1670091.743067415,6
1670271.780660931,6
1670451.818254447,6
1670631.8558479634,6
1670811.8934414797,6
1670991.931034996,6
1671171.968628512,6
1671352.0062220283,5
1671532.0438155446,6
1671712.0814090606,7
1671892.119002577,6
1672072.1565960932,6
1672252.1941896093,6
1672432.2317831255,6
1672612.2693766418,6
1672792.306970158,6
1672972.3445636742,7
1673152.3821571905,7
1673332.4197507068,6
1673512.4573442228,6
1673692.494937739,7
1673872.5325312552,7
1674052.5701247714,7
1674232.6077182877,7
1674412.6453118038,7
1674592.68290532,7
1674772.7204988361,7
1674952.7580923524,7
1675132.7956858687,7
1675312.833279385,7
1675492.870872901,6
1675672.9084664173,6
1675852.9460599334,6
1676032.9836534497,7
1676213.021246966,7
1676393.058840482,7
1676573.0964339986,5
1676753.1340275146,5
1676933.1716210307,3
1677113.209214547,4
1677293.2468080632,4
1677473.2844015795,3
1677653.3219950956,3
1677833.3595886119,3
1678013.397182128,4
1678193.4347756442,4
1678373.4723691605,4
1678553.5099626768,3
1678733.5475561928,3
1678913.5851497091,3
1679093.6227432252,3
1679273.6603367415,3
1679453.6979302578,3
1679633.7355237738,3
1679813.77311729,3
1679993.8107108064,3
1680173.8483043227,3
1680353.8858978387,3
1680533.923491355,3
1680713.9610848713,3
1680893.9986783874,3
1681074.0362719037,3
1681254.0738654197,3
1681434.111458936,3
1681614.1490524523,3
1681794.1866459684,3
1681974.2242394846,3
1682154.261833001,3
1682334.299426517,3
1682514.3370200335,4
1682694.3746135496,5
1682874.4122070656,5
1683054.449800582,4
1683234.4873940982,4
1683414.5249876142,4
1683594.5625811305,5
1683774.6001746468,4
1683954.6377681629,4
1684134.6753616792,4
1684314.7129551955,5
1684494.7505487115,4
1684674.7881422278,5
1684854.825735744,5
1685034.8633292601,5
1685214.9009227764,5
1685394.9385162927,5
1685574.9761098088,5
1685755.0137033253,5
1685935.0512968414,4
1686115.0888903574,5
1686295.1264838737,5
1686475.16407739,5
1686655.201670906,5
1686835.2392644223,5
1687015.2768579386,4
1687195.3144514547,4
1687375.352044971,4
1687555.3896384872,4
1687735.4272320033,4
1687915.4648255196,4
1688095.5024190359,4
1688275.540012552,4
1688455.577606068,5
1688635.6151995845,5
1688815.6527931006,5
1688995.6903866169,5
1689175.7279801331,5
1689355.7655736492,5
1689535.8031671653,5
1689715.8407606818,7
1689895.8783541978,5
1690075.9159477141,4
1690255.9535412304,4
1690435.9911347465,4
1690616.0287282628,4
1690796.066321779,5
1690976.103915295,4
1691156.1415088114,4
1691336.1791023274,4
1691516.2166958437,4
1691696.2542893598,4
1691876.2918828763,5
1692056.3294763924,4
1692236.3670699087,5
1692416.404663425,4
1692596.442256941,5
1692776.479850457,4
1692956.5174439736,4
1693136.5550374896,4
1693316.592631006,4
1693496.630224522,4
1693676.6678180383,4
1693856.7054115545,4
1694036.7430050706,5
1694216.780598587,5
1694396.8181921032,5
1694576.8557856192,5
1694756.8933791355,5
1694936.9309726516,4
1695116.9685661679,4
1695297.0061596842,5
1695477.0437532002,5
1695657.0813467165,5
1695837.1189402328,5
1696017.1565337488,4
1696197.1941272651,4
1696377.2317207814,4
1696557.2693142977,4
1696737.3069078138,4
1696917.34450133,4
1697097.382094846,5
1697277.4196883624,5
1697457.4572818787,5
1697637.4948753947,5
1697817.532468911,4
1697997.5700624273,4
1698177.6076559434,4
1698357.6452494597,4
1698537.682842976,4
1698717.720436492,4
1698897.7580300083,4
1699077.7956235246,4
1699257.8332170406,4
1699437.8708105572,4
1699617.9084040732,4
1699797.9459975895,4
1699977.9835911056,4
1700158.0211846218,4
1700338.0587781381,4
1700518.0963716542,4
1700698.1339651705,4
1700878.1715586865,4
1701058.2091522028,4
1701238.246745719,4
1701418.2843392354,4
1701598.3219327515,4
1701778.3595262677,4
1701958.3971197838,4
1702138.4347133,4
1702318.4723068164,4
1702498.5099003324,4
1702678.5474938487,4
1702858.585087365,4
1703038.622680881,4
1703218.6602743973,4
1703398.6978679136,4
1703578.73546143,4
1703758.773054946,4
1703938.8106484623,4
1704118.8482419783,4
1704298.8858354946,4
1704478.923429011,4
1704658.961022527,4
1704838.9986160432,4
1705019.0362095595,4
1705199.0738030756,4
1705379.1113965919,4
1705559.1489901082,4
1705739.1865836242,4
1705919.2241771405,4
1706099.2617706568,4
1706279.2993641729,4
1706459.3369576891,4
1706639.3745512054,4
1706819.4121447215,4
1706999.4497382378,4
1707179.487331754,4
1707359.5249252701,4
1707539.5625187864,4
1707719.6001123027,4
1707899.6377058187,4
1708079.675299335,4
1708259.7128928513,5
1708439.7504863674,5
1708619.7880798837,5
1708799.8256734,5
1708979.863266916,5
1709159.9008604323,5
1709339.9384539486,5
1709519.9760474646,5
1709700.013640981,5
1709880.0512344972,4
1710060.0888280133,5
1710240.1264215296,4
1710420.1640150456,4
1710600.201608562,5
1710780.2392020782,4
1710960.2767955945,4
1711140.3143891105,4
1711320.3519826266,4
1711500.3895761431,6
1711680.4271696592,4
1711860.4647631755,4
1712040.5023566918,3
1712220.5399502078,4
1712400.577543724,3
1712580.6151372404,3
1712760.6527307564,3
1712940.6903242727,3
1713120.727917789,3
1713300.765511305,3
1713480.8031048214,3
1713660.8406983374,3
1713840.8782918537,3
1714020.91588537,3
1714200.9534788863,3
1714380.9910724023,3
1714561.0286659184,3
1714741.0662594347,3
1714921.103852951,2
1715101.1414464673,3
1715281.1790399835,3
1715461.2166334996,3
1715641.254227016,2
1715821.2918205322,2
1716001.3294140482,2
1716181.3670075645,3
1716361.4046010806,3
1716541.4421945969,3
1716721.4797881132,3
1716901.5173816292,3
1717081.5549751455,3
1717261.5925686618,3
1717441.6301621778,3
1717621.6677556941,3
1717801.7053492102,3
1717981.7429427267,3
1718161.7805362428,3
1718341.818129759,3
1718521.855723275,3
1718701.8933167914,2
1718881.9309103074,2
1719061.968503824,2
1719242.00609734,3
1719422.0436908563,3
1719602.0812843724,3
1719782.1188778887,3
1719962.1564714047,3
1720142.194064921,3
1720322.2316584373,3
1720502.2692519533,3
1720682.3068454696,3
1720862.344438986,3
1721042.382032502,3
1721222.4196260185,3
1721402.4572195346,3
1721582.4948130506,3
1721762.532406567,3
1721942.5700000832,3
1722122.6075935992,3
1722302.6451871155,3
1722482.6827806318,3
1722662.720374148,3
1722842.7579676642,3
1723022.7955611805,3
1723202.8331546965,3
1723382.8707482128,3
1723562.908341729,3
1723742.9459352451,4
1723922.9835287617,3
1724103.0211222777,3
1724283.0587157938,3
1724463.09630931,3
1724643.1339028263,3
1724823.1714963424,3
1725003.2090898587,3
1725183.246683375,3
1725363.284276891,3
1725543.3218704073,3
1725723.3594639236,3
1725903.39705744,3
1726083.434650956,3
1726263.4722444722,3
1726443.5098379883,3
1726623.5474315046,3
1726803.5850250209,3
1726983.622618537,3
1727163.6602120532,3
1727343.6978055695,3
1727523.7353990856,3
1727703.7729926019,3
1727883.8105861181,3
1728063.8481796342,3
1728243.8857731507,3
1728423.9233666668,3
1728603.9609601828,3
1728783.998553699,3
1728964.0361472154,3
1729144.0737407315,3
1729324.1113342477,3
1729504.148927764,3
1729684.18652128,3
1729864.2241147964,3
1730044.2617083127,3
1730224.2993018287,3
1730404.336895345,3
1730584.374488861,3
1730764.4120823774,3
1730944.4496758936,3
1731124.48726941,3
1731304.524862926,3
1731484.5624564425,3
1731664.6000499586,3
1731844.6376434746,3
1732024.675236991,3
1732204.7128305072,3
1732384.7504240233,4
1732564.7880175395,4
1732744.8256110558,4
1732924.863204572,4
1733104.9007980882,4
1733284.9383916045,4
1733464.9759851205,4
1733645.0135786368,4
1733825.051172153,4
1734005.0887656691,4
1734185.1263591854,3
1734365.1639527017,2
1734545.2015462178,2
1734725.2391397343,3
1734905.2767332504,3
1735085.3143267664,2
1735265.3519202827,2
1735445.389513799,3
1735625.427107315,4
1735805.4647008313,4
1735985.5022943476,4
1736165.5398878637,4
1736345.57748138,4
1736525.6150748963,4
1736705.6526684123,4
1736885.6902619286,4
1737065.7278554447,5
1737245.765448961,4
1737425.803042477,4
1737605.8406359935,4
1737785.8782295096,4
1737965.9158230256,4
1738145.9534165422,4
1738325.9910100582,4
1738506.0286035745,4
1738686.0661970908,3
1738866.1037906068,3
1739046.141384123,3
1739226.1789776394,3
1739406.2165711555,3
1739586.2541646715,3
1739766.291758188,3
1739946.329351704,3
1740126.3669452202,3
1740306.4045387367,3
1740486.4421322527,3
1740666.4797257688,3
1740846.5173192853,3
1741026.5549128014,3
1741206.5925063174,3
1741386.630099834,3
1741566.66769335,3
1741746.705286866,3
1741926.7428803826,3
1742106.7804738986,3
1742286.8180674147,3
1742466.8556609312,3
1742646.8932544473,2
1742826.9308479633,2
1743006.9684414796,3
1743187.006034996,3
1743367.043628512,2
1743547.0812220282,3
1743727.1188155445,3
1743907.1564090606,4
1744087.1940025766,3
1744267.2315960932,2
1744447.2691896092,2
1744627.3067831255,3
1744807.3443766418,2
1744987.3819701578,2
1745167.4195636741,2
1745347.4571571904,2
1745527.4947507065,2
1745707.5323442228,2
1745887.569937739,2
1746067.607531255,3
1746247.6451247714,3
1746427.6827182877,2
1746607.7203118037,2
1746787.75790532,2
1746967.7954988363,2
1747147.8330923524,2
1747327.8706858684,2
1747507.908279385,2
1747687.945872901,2
1747867.9834664173,2
1748048.0210599336,2
1748228.0586534496,2
1748408.096246966,2
1748588.1338404822,2
1748768.1714339983,2
1748948.2090275146,2
1749128.2466210308,2
1749308.284214547,2
1749488.3218080632,2
1749668.3594015792,2
1749848.3969950955,2
1750028.4345886118,2
1750208.472182128,2
1750388.5097756442,2
1750568.5473691602,2
1750748.5849626767,2
1750928.6225561928,2
1751108.660149709,2
1751288.6977432254,3
1751468.7353367414,3
1751648.7729302577,3
1751828.810523774,3
1752008.84811729,3
1752188.8857108064,4
1752368.9233043226,3
1752548.9608978387,2
1752728.998491355,2
1752909.036084871,2
1753089.0736783873,2
1753269.1112719036,2
1753449.14886542,2
1753629.186458936,2
1753809.224052452,2
1753989.2616459685,4
1754169.2992394846,5
1754349.3368330009,3
1754529.3744265172,3
1754709.4120200332,3
1754889.4496135495,3
1755069.4872070658,3
1755249.5248005819,3
1755429.5623940981,3
1755609.5999876144,3
1755789.6375811305,3
1755969.6751746468,3
1756149.7127681628,3
1756329.7503616791,4
1756509.7879551954,3
1756689.8255487117,3
1756869.8631422278,3
1757049.900735744,3
1757229.9383292603,3
1757409.9759227764,2
1757590.0135162927,2
1757770.051109809,2
1757950.088703325,2
1758130.1262968413,2
1758310.1638903576,2
1758490.2014838737,2
1758670.23907739,2
1758850.2766709062,2
1759030.3142644223,2
1759210.3518579386,2
1759390.3894514549,2
1759570.427044971,2
1759750.464638487,3
1759930.5022320035,3
1760110.5398255195,3
1760290.5774190356,3
1760470.6150125521,3
1760650.6526060682,3
1760830.6901995842,3
1761010.7277931008,3
1761190.7653866168,2
1761370.802980133,3
1761550.8405736494,2
1761730.8781671654,2
1761910.9157606815,2
1762090.953354198,2
1762270.990947714,2
1762451.0285412301,2
1762631.0661347467,2
1762811.1037282627,2
1762991.1413217788,2
1763171.1789152953,2
1763351.2165088113,2
1763531.2541023274,2
1763711.291695844,2
1763891.32928936,2
1764071.366882876,2
1764251.4044763925,2
1764431.4420699086,2
1764611.479663425,2
1764791.5172569412,2
1764971.5548504572,2
1765151.5924439733,1
1765331.6300374896,1
1765511.6676310059,1
1765691.705224522,1
1765871.7428180382,1
1766051.7804115545,1
1766231.8180050706,1
1766411.8555985868,1
1766591.8931921031,1
1766771.9307856192,1
1766951.9683791357,1
1767132.0059726518,2
1767312.0435661678,2
1767492.081159684,1
1767672.1187532004,1
1767852.1563467165,2
1768032.1939402327,2
1768212.231533749,2
1768392.269127265,2
1768572.3067207814,2
1768752.3443142977,2
1768932.3819078137,2
1769112.41950133,2
1769292.4570948463,2
1769472.4946883623,2
1769652.5322818786,2
1769832.569875395,2
1770012.607468911,2
1770192.645062427,2
1770372.6826559436,2
1770552.7202494596,2
1770732.757842976,2
1770912.7954364922,2
1771092.8330300082,1
1771272.8706235245,1
1771452.9082170408,1
1771632.9458105569,1
1771812.9834040732,1
1771993.0209975895,1
1772173.0585911055,1
1772353.0961846218,1
1772533.1337781379,1
1772713.1713716541,1
1772893.2089651704,1
1773073.2465586867,2
1773253.2841522028,3
1773433.321745719,2
1773613.3593392354,2
1773793.3969327514,2
1773973.4345262677,2
1774153.472119784,3
1774333.5097133,2
1774513.5473068163,2
1774693.5849003326,1
1774873.6224938487,2
1775053.660087365,3
1775233.6976808812,2
1775413.7352743973,3
1775593.7728679136,2
1775773.8104614296,2
1775953.848054946,2
1776133.8856484622,2
1776313.9232419785,2
1776493.9608354946,2
1776673.9984290109,2
1776854.0360225271,2
1777034.0736160432,2
1777214.1112095595,2
1777394.1488030758,2
1777574.1863965918,1
1777754.2239901081,1
1777934.2615836244,1
1778114.2991771405,2
1778294.3367706568,3
1778474.374364173,2
1778654.411957689,2
1778834.4495512054,1
1779014.4871447217,1
1779194.5247382377,1
1779374.562331754,1
1779554.5999252703,2
1779734.6375187864,2
1779914.6751123026,2
1780094.712705819,2
1780274.750299335,2
1780454.7878928513,2
1780634.8254863676,2
1780814.8630798836,2
1780994.9006734,2
1781174.9382669162,2
1781354.9758604323,2
1781535.0134539485,1
1781715.0510474648,2
1781895.088640981,1
1782075.126234497,1
1782255.1638280135,3
1782435.2014215295,2
1782615.2390150456,2
1782795.276608562,2
1782975.3142020782,2
1783155.3517955942,2
1783335.3893891107,3
1783515.4269826268,2
1783695.4645761428,2
1783875.5021696594,3
1784055.5397631754,2
1784235.5773566915,3
1784415.614950208,2
1784595.652543724,2
1784775.69013724,1
1784955.7277307566,2
1785135.7653242727,2
1785315.8029177887,2
1785495.8405113053,2
1785675.8781048213,2
1785855.9156983374,2
1786035.953291854,1
1786215.99088537,1
1786396.028478886,1
1786576.0660724025,1
1786756.1036659186,1
1786936.1412594346,2
1787116.1788529512,2
1787296.2164464672,2
1787476.2540399833,2
1787656.2916334996,2
1787836.3292270158,2
1788016.366820532,2
1788196.4044140482,2
1788376.4420075645,2
1788556.4796010805,2
1788736.5171945968,2
1788916.554788113,2
1789096.5923816292,2
1789276.6299751452,2
1789456.6675686617,2
1789636.7051621778,2
1789816.7427556943,2
1789996.7803492104,3
1790176.8179427264,1
1790356.8555362427,1
1790536.893129759,2
1790716.930723275,2
1790896.9683167913,2
1791077.0059103076,2
1791257.0435038237,2
1791437.08109734,2
1791617.1186908563,2
1791797.1562843723,1
1791977.1938778886,1
1792157.231471405,1
1792337.269064921,1
1792517.3066584372,1
1792697.3442519535,1
1792877.3818454696,1
1793057.4194389859,1
1793237.4570325022,1
1793417.4946260182,1
1793597.5322195345,1
1793777.5698130508,1
1793957.6074065669,1
1794137.6450000831,1
1794317.6825935994,1
1794497.7201871155,1
1794677.7577806318,2
1794857.795374148,2
1795037.832967664,2
1795217.8705611804,2
1795397.9081546967,4
1795577.9457482127,2
1795757.983341729,2
1795938.0209352453,2
1796118.0585287616,2
1796298.0961222777,3
1796478.133715794,2
1796658.17130931,3
1796838.2089028263,3
1797018.2464963426,3
1797198.2840898586,3
1797378.321683375,3
1797558.3592768912,3
1797738.3968704073,3
1797918.4344639236,3
1798098.4720574399,3
1798278.509650956,3
1798458.5472444722,3
1798638.5848379885,2
1798818.6224315045,2
1798998.6600250208,2
1799178.6976185371,2
1799358.7352120532,2
1799538.7728055695,2
1799718.8103990857,2
1799898.8479926018,2
1800078.885586118,2
1800258.9231796344,2
1800438.9607731504,2
1800618.9983666667,2
1800799.035960183,2
1800979.073553699,2
1801159.1111472154,2
1801339.1487407316,2
1801519.1863342477,2
1801699.2239277642,2
1801879.2615212803,4
1802059.2991147963,2
1802239.3367083126,2
1802419.374301829,2
1802599.411895345,2
1802779.4494888613,3
1802959.4870823775,4
1803139.5246758936,2
1803319.56226941,2
1803499.5998629262,2
1803679.6374564422,2
1803859.6750499585,2
1804039.7126434748,2
1804219.7502369909,2
1804399.7878305071,2
1804579.8254240234,2
1804759.8630175395,2
1804939.9006110555,2
1805119.938204572,2
1805299.9757980881,2
1805422.2450504056,2
1805605.6489288816,2
1805789.0528073579,2
1805972.4566858339,2
1806155.8605643099,2
1806339.264442786,2
1806522.668321262,2
1806706.0721997384,2
1806889.4760782144,2
1807072.8799566906,2
1807256.2838351666,2
1807439.6877136428,2
1807623.0915921188,2
1807806.495470595,2
1807989.899349071,2
1808173.3032275473,2
1808356.7071060233,2
1808540.1109844996,2
1808723.5148629756,2
1808906.9187414516,2
1809090.3226199278,2
1809273.7264984038,2
1809457.13037688,2
1809640.534255356,2
1809823.9381338323,2
1810007.3420123083,2
1810190.7458907845,2
1810374.1497692605,2
1810557.5536477368,2
1810740.9575262128,2
1810924.361404689,2
1811107.765283165,2
1811291.169161641,2
1811474.5730401173,2
1811657.9769185933,2
1811841.3807970695,2
1812024.7846755455,2
1812208.1885540218,2
1812391.5924324978,2
1812574.996310974,2
1812758.40018945,3
1812941.8040679262,2
1813125.2079464023,4
1813308.6118248785,2
1813492.0157033545,3
1813675.4195818305,6
1813858.8234603067,3
1814042.2273387827,3
1814225.631217259,3
1814409.035095735,3
1814592.4389742112,3
1814775.8428526872,2
1814959.2467311635,2
1815142.6506096395,3
1815326.0544881157,2
1815509.4583665917,2
1815692.862245068,2
1815876.266123544,2
1816059.67000202,2
1816243.0738804962,2
1816426.4777589722,3
1816609.8816374484,3
1816793.2855159245,3
1816976.6893944007,3
1817160.0932728767,3
1817343.497151353,3
1817526.901029829,3
1817710.3049083052,3
1817893.7087867812,3
1818077.1126652574,3
1818260.5165437334,3
1818443.9204222097,3
1818627.3243006857,3
1818810.7281791617,3
1818994.132057638,3
1819177.535936114,3
1819360.9398145902,3
1819544.3436930662,3
1819727.7475715424,3
1819911.1514500184,3
1820094.5553284946,3
1820277.9592069706,3
1820461.3630854469,3
1820644.766963923,3
1820828.1708423991,3
1821011.5747208751,3
1821194.9785993511,3
1821378.3824778274,3
1821561.7863563034,3
1821745.1902347796,3
1821928.5941132556,3
1822111.9979917319,3
1822295.4018702079,3
1822478.805748684,3
1822662.20962716,3
1822845.6135056363,3
1823029.0173841123,3
1823212.4212625886,3
1823395.8251410646,3
1823579.2290195406,3
1823762.6328980168,3
1823946.0367764928,3
1824129.440654969,3
1824312.844533445,3
1824496.2484119213,3
1824679.6522903973,3
1824863.0561688736,3
1825046.4600473496,3
1825229.8639258258,2
1825413.2678043018,2
1825596.671682778,2
1825780.075561254,2
1825963.4794397303,2
1826146.8833182063,2
1826330.2871966823,2
1826513.6910751585,2
1826697.0949536345,2
1826880.4988321108,2
1827063.9027105868,2
1827247.306589063,2
1827430.710467539,2
1827614.1143460153,2
1827797.5182244913,2
1827980.9221029675,2
1828164.3259814435,2
1828347.7298599198,2
1828531.1337383958,2
1828714.5376168718,2
1828897.941495348,3
1829081.345373824,3
1829264.7492523002,3
1829448.1531307762,3
1829631.5570092525,3
1829814.9608877285,3
1829998.3647662047,3
1830181.7686446807,3
1830365.172523157,2
1830548.576401633,2
1830731.9802801092,3
1830915.3841585852,3
1831098.7880370612,3
1831282.1919155375,3
1831465.5957940135,3
1831648.9996724897,3
1831832.4035509657,3
1832015.807429442,3
1832199.211307918,3
1832382.6151863942,2
1832566.0190648702,2
1832749.4229433464,2
1832932.8268218224,3
1833116.2307002987,3
1833299.6345787747,3
1833483.0384572507,3
1833666.442335727,3
1833849.846214203,3
1834033.2500926792,3
1834216.6539711552,3
1834400.0578496314,1
1834583.4617281074,2
1834766.8656065837,2
1834950.2694850597,2
1835133.673363536,3
1835317.077242012,3
1835500.4811204881,3
1835683.8849989641,3
1835867.2888774402,2
1836050.6927559164,2
1836234.0966343924,2
1836417.5005128686,2
1836600.9043913446,2
1836784.3082698209,2
1836967.7121482969,3
1837151.1160267731,2
1837334.5199052491,3
1837517.9237837254,2
1837701.3276622014,2
1837884.7315406776,3
1838068.1354191536,2
1838251.5392976298,2
1838434.9431761059,2
1838618.3470545819,2
1838801.750933058,2
1838985.154811534,2
1839168.5586900103,2
1839351.9625684863,2
1839535.3664469626,2
1839718.7703254386,2
1839902.1742039148,2
1840085.5780823908,2
1840268.981960867,3
1840452.385839343,3
1840635.7897178193,3
1840819.1935962953,3
1841002.5974747713,3
1841186.0013532476,3
1841369.4052317236,3
1841552.8091101998,2
1841736.2129886758,2
1841919.616867152,2
1842103.020745628,2
1842286.4246241043,2
1842469.8285025803,2
1842653.2323810565,2
1842836.6362595325,2
1843020.0401380088,2
1843203.4440164848,2
1843386.847894961,2
1843570.251773437,1
1843753.655651913,1
1843937.0595303893,2
1844120.4634088653,1
1844303.8672873415,1
1844487.2711658175,1
1844670.6750442937,1
1844854.0789227698,1
1845037.482801246,1
1845220.886679722,2
1845404.2905581982,2
1845587.6944366742,2
1845771.0983151505,1
1845954.5021936265,2
1846137.9060721025,1
1846321.3099505787,2
1846504.7138290547,2
1846688.117707531,2
1846871.521586007,2
1847054.9254644832,2
1847238.3293429592,2
1847421.7332214355,2
1847605.1370999115,2
1847788.5409783877,2
1847971.9448568637,2
1848155.34873534,2
1848338.752613816,2
1848522.156492292,2
1848705.5603707682,2
1848888.9642492442,2
1849072.3681277204,2
1849255.7720061964,2
1849439.1758846727,2
1849622.5797631487,1
1849805.983641625,1
1849989.387520101,1
1850172.7913985772,1
1850356.1952770532,1
1850539.5991555294,1
1850723.0030340054,1
1850906.4069124814,1
1851089.8107909577,1
1851273.2146694337,1
1851456.61854791,1
1851640.022426386,1
1851823.4263048621,1
1852006.8301833381,1
1852190.2340618144,2
1852373.6379402904,1
1852557.0418187666,2
1852740.4456972426,2
1852923.8495757189,2
1853107.2534541949,2
1853290.6573326709,2
1853474.061211147,2
1853657.4650896231,2
1853840.8689680994,2
1854024.2728465754,1
1854207.6767250516,1
1854391.0806035276,1
1854574.4844820038,1
1854757.8883604798,1
1854941.292238956,1
1855124.696117432,1
1855308.0999959083,1
1855491.5038743843,1
1855674.9077528606,1
1855858.3116313366,1
1856041.7155098126,1
1856225.1193882888,1
1856408.5232667648,1
1856591.927145241,1
1856775.331023717,1
1856958.7349021933,1
1857142.1387806693,1
1857325.5426591455,1
1857508.9465376216,1
1857692.3504160978,1
1857875.7542945738,1
1858059.15817305,1
1858242.562051526,1
1858425.965930002,1
1858609.3698084783,1
1858792.7736869543,1
1858976.1775654305,1
1859159.5814439065,1
1859342.9853223828,1
1859526.3892008588,1
1859709.793079335,1
1859893.196957811,1
1860076.6008362873,1
1860260.0047147633,1
1860443.4085932395,1
1860626.8124717155,2
1860810.2163501915,1
1860993.6202286677,1
1861177.0241071437,1
1861360.42798562,1
1861543.831864096,1
1861727.2357425722,2
1861910.6396210482,1
1862094.0434995245,2
1862277.4473780005,2
1862460.8512564767,3
1862644.2551349527,3
1862827.659013429,3
1863011.062891905,3
1863194.466770381,3
1863377.8706488572,3
1863561.2745273332,3
1863744.6784058094,3
1863928.0822842855,2
1864111.4861627617,3
1864294.8900412377,3
1864478.293919714,3
1864661.69779819,3
1864845.1016766662,3
1865028.5055551422,3
1865211.9094336184,3
1865395.3133120944,3
1865578.7171905707,3
1865762.1210690467,3
1865945.5249475227,3
1866128.928825999,3
1866312.332704475,3
1866495.7365829512,3
1866679.1404614272,2
1866862.5443399034,2
1867045.9482183794,2
1867229.3520968556,2
1867412.7559753316,2
1867596.1598538079,3
1867779.563732284,3
1867962.9676107601,3
1868146.3714892361,2
1868329.7753677121,3
1868513.1792461884,3
1868696.5831246644,3
1868879.9870031406,3
1869063.3908816166,3
1869246.7947600929,3
1869430.1986385689,3
1869613.602517045,3
1869797.006395521,2
1869980.4102739973,2
1870163.8141524734,2
1870347.2180309496,3
1870530.6219094256,2
1870714.0257879016,2
1870897.4296663778,3
1871080.8335448538,3
1871264.23742333,2
1871447.641301806,2
1871631.0451802823,2
1871814.4490587583,3
1871997.8529372346,3
1872181.2568157106,4
1872364.6606941868,3
1872548.0645726628,3
1872731.468451139,3
1872914.872329615,3
1873098.276208091,2
1873281.6800865673,3
1873465.0839650433,3
1873648.4878435195,3
1873831.8917219955,2
1874015.2956004718,3
1874198.6994789478,3
1874382.103357424,3
1874565.5072359,3
1874748.9111143763,3
1874932.3149928523,3
1875115.7188713285,3
1875299.1227498045,3
1875482.5266282805,3
1875665.9305067568,2
1875849.3343852328,2
1876032.738263709,2
1876216.142142185,2
1876399.5460206612,2
1876582.9498991373,2
1876766.3537776135,3
1876949.7576560895,4
1877133.1615345657,4
1877316.5654130417,3
1877499.969291518,4
1877683.373169994,3
1877866.77704847,3
1878050.1809269462,4
1878233.5848054222,4
1878416.9886838985,4
1878600.3925623745,4
1878783.7964408507,3
1878967.2003193267,3
1879150.604197803,2
1879334.008076279,2
1879517.4119547552,2
1879700.8158332312,2
1879884.2197117074,2
1880067.6235901834,2
1880251.0274686594,2
1880434.4313471357,2
1880617.8352256117,2
1880801.239104088,2
1880984.642982564,2
1881168.0468610402,2
1881351.4507395162,3
1881534.8546179924,3
1881718.2584964684,2
1881901.6623749447,3
1882085.0662534207,3
1882268.470131897,2
1882451.874010373,3
1882635.2778888491,3
1882818.6817673251,3
1883002.0856458014,2
1883185.4895242774,2
1883368.8934027534,2
1883552.2972812296,2
1883735.7011597056,2
1883919.1050381819,2
1884102.508916658,2
1884285.9127951341,2
1884469.3166736101,2
1884652.7205520864,2
1884836.1244305624,2
1885019.5283090384,2
1885202.9321875146,2
1885386.3360659909,2
1885569.7399444669,2
1885753.1438229429,2
1885936.547701419,2
1886119.951579895,3
1886303.3554583713,3
1886486.7593368473,3
1886670.1632153236,3
1886853.5670937996,2
1887036.9709722758,2
1887220.3748507518,3
1887403.778729228,2
1887587.182607704,2
1887770.5864861803,2
1887953.9903646563,2
1888137.3942431323,2
1888320.7981216086,2
1888504.2020000846,3
1888687.6058785608,3
1888871.0097570368,3
1889054.413635513,2
1889237.817513989,2
1889421.2213924653,2
1889604.6252709413,2
1889788.0291494175,2
1889971.4330278935,2
1890154.8369063698,2
1890338.2407848458,2
1890521.6446633218,2
1890705.048541798,2
1890888.452420274,2
1891071.8562987503,2
1891255.2601772263,2
1891438.6640557025,2
1891622.0679341785,2
1891805.4718126548,2
1891988.8756911308,2
1892172.279569607,2
1892355.683448083,3
1892539.0873265592,3
1892722.4912050352,3
1892905.8950835112,3
1893089.2989619875,3
1893272.7028404635,4
1893456.1067189397,2
1893639.5105974157,2
1893822.914475892,2
1894006.318354368,2
1894189.7222328442,2
1894373.1261113202,2
1894556.5299897965,2
1894739.9338682725,2
1894923.3377467487,2
1895106.7416252247,2
1895290.1455037007,2
1895473.549382177,2
1895656.953260653,2
1895840.3571391292,2
1896023.7610176052,2
1896207.1648960814,2
1896390.5687745574,2
1896573.9726530337,2
1896757.3765315097,2
1896940.780409986,2
1897124.184288462,2
1897307.5881669382,2
1897490.9920454142,2
1897674.3959238902,2
1897857.7998023664,2
1898041.2036808424,2
1898224.6075593187,2
1898408.0114377947,2
1898591.415316271,2
1898774.819194747,2
1898958.2230732231,2
1899141.6269516991,2
1899325.0308301754,2
1899508.4347086514,2
1899691.8385871276,2
1899875.2424656036,2
1900058.6463440799,2
1900242.0502225559,2
1900425.454101032,2
1900608.8579795081,2
1900792.2618579841,2
1900975.6657364604,2
1901159.0696149364,2
1901342.4734934126,2
1901525.8773718886,2
1901709.2812503648,2
1901892.6851288409,2
1902076.089007317,2
1902259.492885793,2
1902442.896764269,2
1902626.3006427453,2
1902809.7045212213,2
1902993.1083996976,2
1903176.5122781736,2
1903359.9161566498,2
1903543.3200351258,2
1903726.723913602,2
1903910.127792078,2
1904093.5316705543,3
1904276.9355490303,2
1904460.3394275066,2
1904643.7433059826,2
1904827.1471844588,2
1905010.5510629348,2
1905193.954941411,2
1905377.358819887,2
1905560.762698363,2
1905744.1665768393,2
1905927.5704553153,2
1906110.9743337915,2
1906294.3782122675,2
1906477.7820907438,2
1906661.1859692198,2
1906844.589847696,2
1907027.993726172,2
1907211.3976046483,2
1907394.8014831243,2
1907578.2053616005,2
1907761.6092400765,2
1907945.0131185525,2
1908128.4169970287,2
1908311.8208755048,3
1908495.224753981,2
1908678.628632457,3
1908862.0325109332,3
1909045.4363894092,2
1909228.8402678855,1
1909412.2441463615,1
1909595.6480248377,2
1909779.0519033137,2
1909962.45578179,2
1910145.859660266,2
1910329.263538742,2
1910512.6674172182,2
1910696.0712956942,2
1910879.4751741705,2
1911062.8790526465,2
1911246.2829311227,2
1911429.6868095987,2
1911613.090688075,2
1911796.494566551,2
1911979.8984450272,2
1912163.3023235032,2
1912346.7062019794,2
1912530.1100804554,2
1912713.5139589317,2
1912896.9178374077,2
1913080.3217158837,1
1913263.72559436,2
1913447.129472836,2
1913630.5333513122,2
1913813.9372297882,2
1913997.3411082644,2
1914180.7449867404,2
1914364.1488652166,3
1914547.5527436926,2
1914730.956622169,2
1914914.360500645,2
1915097.764379121,2
1915281.1682575971,2
1915464.5721360731,2
1915647.9760145494,4
1915831.3798930254,3
1916014.7837715016,3
1916198.1876499776,2
1916381.5915284539,2
1916564.9954069299,2
1916748.399285406,3
1916931.803163882,2
1917115.2070423584,2
1917298.6109208344,2
1917482.0147993106,2
1917665.4186777866,3
1917848.8225562626,3
1918032.2264347388,2
1918215.6303132148,1
1918399.034191691,1
1918582.438070167,1
1918765.8419486433,2
1918949.2458271193,1
1919132.6497055956,3
1919316.0535840716,3
1919499.4574625478,3
1919682.8613410238,2
1919866.2652195,2
1920049.669097976,1
1920233.072976452,3
1920416.4768549283,2
1920599.8807334043,3
1920783.2846118805,3
1920966.6884903566,3
1921150.0923688328,3
1921333.4962473088,3
1921516.900125785,3
1921700.304004261,3
1921883.7078827373,4
1922067.1117612133,3
1922250.5156396893,2
1922433.9195181655,2
1922617.3233966418,2
1922800.7272751178,2
1922984.1311535938,2
1923167.53503207,2
1923350.938910546,2
1923534.3427890223,2
1923717.7466674983,2
1923901.1505459745,2
1924084.5544244505,2
1924267.9583029267,2
1924451.3621814027,2
1924634.7660598787,1
1924818.169938355,1
1925001.573816831,1
1925184.9776953072,1
1925368.3815737832,1
1925551.7854522595,1
1925735.1893307355,1
1925918.5932092117,2
1926101.9970876877,1
1926285.400966164,1
1926468.80484464,2
1926652.2087231162,2
1926835.6126015922,2
1927019.0164800684,7
1927202.4203585444,2
1927385.8242370207,2
1927569.2281154967,4
1927752.6319939727,2
1927936.035872449,2
1928119.439750925,2
1928302.8436294012,2
1928486.2475078772,2
1928669.6513863534,3
1928853.0552648294,2
1929036.4591433057,2
1929219.8630217817,2
1929403.266900258,2
1929586.670778734,2
1929770.0746572101,2
1929953.4785356862,2
1930136.8824141622,2
1930320.2862926384,2
1930503.6901711144,2
1930687.0940495906,2
1930870.4979280666,2
1931053.9018065429,2
1931237.305685019,2
1931420.7095634951,2
1931604.1134419711,2
1931787.5173204474,2
1931970.9211989234,2
1932154.3250773996,2
1932337.7289558756,2
1932521.1328343516,2
1932704.5367128279,2
1932887.940591304,2
1933071.34446978,2
1933254.748348256,2
1933438.1522267323,2
1933621.5561052084,2
1933804.9599836846,2
1933988.3638621606,2
1934171.7677406368,2
1934355.1716191128,2
1934538.575497589,2
1934721.979376065,2
1934905.383254541,2
1935088.7871330173,2
1935272.1910114933,2
1935455.5948899696,2
1935638.9987684456,2
1935822.4026469218,3
1936005.8065253978,2
1936189.210403874,2
1936372.61428235,2
1936556.0181608263,2
1936739.4220393023,2
1936922.8259177785,2
1937106.2297962545,2
1937289.6336747308,2
1937473.0375532068,2
1937656.4414316828,1
1937839.845310159,2
1938023.249188635,2
1938206.6530671113,1
1938390.0569455873,1
1938573.4608240635,1
1938756.8647025395,1
1938940.2685810158,1
1939123.6724594918,1
1939307.076337968,1
1939490.480216444,1
1939673.88409492,1
1939857.2879733962,2
1940040.6918518725,1
1940224.0957303485,1
1940407.4996088245,1
1940590.9034873007,1
1940774.3073657767,2
1940957.711244253,2
1941141.115122729,2
1941324.5190012052,2
1941507.9228796812,2
1941691.3267581575,2
1941874.7306366335,2
1942058.1345151097,2
1942241.5383935857,2
1942424.942272062,2
1942608.346150538,2
1942791.750029014,2
1942975.1539074902,2
1943158.5577859662,2
1943341.9616644424,2
1943525.3655429184,2
1943708.7694213947,2
1943892.1732998707,2
1944075.577178347,2
1944258.981056823,2
1944442.3849352992,2
1944625.7888137752,2
1944809.1926922512,2
1944992.5965707274,2
1945176.0004492034,2
1945359.4043276797,2
1945542.8082061557,2
1945726.212084632,2
1945909.615963108,2
1946093.0198415841,2
1946276.4237200601,2
1946459.8275985364,3
1946643.2314770124,3
1946826.6353554886,3
1947010.0392339646,3
1947193.4431124409,3
1947376.8469909169,3
1947560.2508693929,3
1947743.6547478691,3
1947927.0586263454,3
1948110.4625048214,3
1948293.8663832974,3
1948477.2702617736,3
1948660.6741402496,3
1948844.0780187258,3
1949027.4818972019,3
1949210.885775678,3
1949394.289654154,3
1949577.6935326303,2
1949761.0974111063,2
1949944.5012895826,2
1950127.9051680586,2
1950311.3090465346,1
1950494.7129250108,1
1950678.1168034868,1
1950861.520681963,2
1951044.924560439,2
1951228.3284389153,2
1951411.7323173913,3
1951595.1361958676,2
1951778.5400743436,1
1951961.9439528198,1
1952145.3478312958,1
1952328.7517097718,1
1952512.155588248,2
1952695.559466724,1
1952878.9633452003,1
1953062.3672236763,1
1953245.7711021525,1
1953429.1749806285,1
1953612.5788591048,2
1953795.9827375808,2
1953979.386616057,2
1954162.790494533,2
1954346.1943730093,2
1954529.5982514853,2
1954713.0021299613,2
1954896.4060084375,2
1955079.8098869137,1
1955263.2137653898,2
1955446.6176438658,2
1955630.021522342,1
1955813.425400818,2
1955996.8292792942,2
1956180.2331577702,1
1956363.6370362465,1
1956547.0409147225,1
1956730.4447931987,1
1956913.8486716747,1
1957097.2525501507,1
1957280.656428627,1
1957464.060307103,1
1957647.4641855792,2
1957830.8680640552,2
1958014.2719425315,2
1958197.6758210075,2
1958381.0796994837,2
1958564.4835779597,2
1958747.887456436,2
1958931.291334912,2
1959114.6952133882,2
1959298.0990918642,2
1959481.5029703404,2
1959664.9068488164,2
1959848.3107272927,2
1960031.7146057687,2
1960215.1184842447,2
1960398.522362721,2
1960581.9262411972,2
1960765.3301196732,3
1960948.7339981492,2
1961132.1378766254,2
1961315.5417551014,2
1961498.9456335776,2
1961682.3495120537,2
1961865.75339053,2
1962049.157269006,2
1962232.5611474821,2
1962415.9650259581,2
1962599.3689044341,2
1962782.7727829104,2
1962966.1766613864,2
1963149.5805398626,2
1963332.9844183386,2
1963516.3882968149,2
1963699.7921752909,2
1963883.196053767,2
1964066.599932243,2
1964250.0038107194,2
1964433.4076891954,2
1964616.8115676716,2
1964800.2154461476,2
1964983.6193246236,2
1965167.0232030998,2
1965350.4270815759,2
1965533.830960052,2
1965717.234838528,2
1965900.6387170043,2
1966084.0425954803,2
1966267.4464739566,2
1966450.8503524326,2
1966634.2542309088,2
1966817.6581093848,2
1967001.061987861,2
1967184.465866337,2
1967367.869744813,2
1967551.2736232893,2
1967734.6775017653,2
1967918.0813802416,2
1968101.4852587176,2
1968284.8891371938,2
1968468.2930156698,2
1968651.696894146,2
1968835.100772622,2
1969018.5046510983,2
1969201.9085295743,2
1969385.3124080505,2
1969568.7162865265,2
1969752.1201650025,2
1969935.5240434788,2
1970118.927921955,2
1970302.331800431,2
1970485.735678907,2
1970669.1395573833,3
1970852.5434358593,3
1971035.9473143355,2
1971219.3511928115,2
1971402.7550712877,2
1971586.1589497637,2
1971769.56282824,3
1971952.966706716,3
1972136.3705851922,3
1972319.7744636682,3
1972503.1783421442,3
1972686.5822206205,3
1972869.9860990965,3
1973053.3899775727,3
1973236.7938560487,3
1973420.197734525,3
1973603.601613001,3
1973787.0054914772,3
1973970.4093699532,3
1974153.8132484294,2
1974337.2171269055,1
1974520.6210053815,3
1974704.0248838577,3
1974887.428762334,2
1975070.83264081,3
1975254.236519286,2
1975437.6403977622,2
1975621.0442762382,2
1975804.4481547144,2
1975987.8520331904,1
1976171.2559116667,1
1976354.6597901427,1
1976538.063668619,1
1976721.467547095,1
1976904.871425571,1
1977088.2753040472,1
1977271.6791825234,1
1977455.0830609994,1
1977638.4869394754,1
1977821.8908179516,1
1978005.2946964276,1
1978188.698574904,1
1978372.10245338,1
1978555.5063318561,1
1978738.9102103321,1
1978922.3140888084,1
1979105.7179672844,1
1979289.1218457604,1
1979472.5257242366,1
1979655.9296027129,1
1979839.3334811889,1
1980022.7373596649,1
1980206.141238141,1
1980389.545116617,1
1980572.9489950933,1
1980756.3528735694,1
1980939.7567520456,1
1981123.1606305216,1
1981306.5645089978,1
1981489.9683874738,1
1981673.3722659498,1
1981856.776144426,1
1982040.180022902,1
1982223.5839013783,1
1982406.9877798543,1
1982590.3916583306,1
1982773.7955368068,1
1982957.1994152828,1
1983140.6032937588,1
1983324.007172235,2
1983507.411050711,2
1983690.8149291873,2
1983874.2188076633,2
1984057.6226861395,1
1984241.0265646155,1
1984424.4304430918,1
1984607.8343215678,1
1984791.2382000438,1
1984974.64207852,1
1985158.045956996,1
1985341.4498354723,1
1985524.8537139483,1
1985708.2575924245,1
1985891.6614709005,1
1986075.0653493768,1
1986258.4692278528,1
1986441.873106329,1
1986625.276984805,1
1986808.6808632812,1
1986992.0847417573,1
1987175.4886202333,1
1987358.8924987095,1
1987542.2963771855,1
1987725.7002556617,1
1987909.1041341377,1
1988092.508012614,1
1988275.91189109,1
1988459.3157695662,1
1988642.7196480422,1
1988826.1235265182,2
1989009.5274049945,2
1989192.9312834707,2
1989376.3351619467,2
1989559.7390404227,2
1989743.142918899,2
1989926.546797375,2
1990109.9506758512,2
1990293.3545543274,2
1990476.7584328034,2
1990660.1623112794,2
1990843.5661897557,2
1991026.9700682317,2
1991210.3739467077,2
1991393.777825184,2
1991577.1817036602,2
1991760.5855821362,2
1991943.9894606122,2
1992127.3933390884,2
1992310.7972175647,3
1992494.2010960407,2
1992677.6049745167,2
1992861.008852993,2
1993044.412731469,2
1993227.8166099451,2
1993411.2204884212,2
1993594.6243668974,2
1993778.0282453734,1
1993961.4321238496,2
1994144.8360023256,2
1994328.2398808016,1
1994511.6437592779,2
1994695.047637754,2
1994878.4515162301,2
1995061.8553947061,2
1995245.2592731824,2
1995428.6631516584,2
1995612.0670301346,2
1995795.4709086106,2
1995978.8747870869,2
1996162.2786655629,3
1996345.682544039,3
1996529.086422515,2
1996712.490300991,2
1996895.8941794673,2
1997079.2980579433,2
1997262.7019364196,2
1997446.1058148956,2
1997629.5096933718,2
1997812.9135718478,2
1997996.317450324,2
1998179.7213288,2
1998363.1252072763,2
1998546.5290857523,2
1998729.9329642286,2
1998913.3368427046,2
1999096.7407211806,2
1999280.1445996568,2
1999463.548478133,2
1999646.952356609,2
1999830.356235085,2
2000013.7601135613,2
2000197.1639920373,2
2000380.5678705135,2
2000563.9717489895,2
2000747.3756274658,2
2000930.7795059418,2
2001114.183384418,2
2001297.587262894,2
2001480.99114137,2
2001664.3950198463,2
2001847.7988983225,2
2002031.2027767985,2
2002214.6066552745,2
2002398.0105337508,2
2002581.4144122268,2
2002764.818290703,2
2002948.222169179,2
2003131.6260476552,2
2003315.0299261312,2
2003498.4338046075,2
2003681.8376830835,2
2003865.2415615595,2
2004048.6454400357,2
2004232.0493185117,3
2004415.453196988,2
2004598.8570754642,2
2004782.2609539402,2
2004965.6648324162,2
2005149.0687108925,2
2005332.4725893685,2
2005515.8764678447,2
2005699.2803463207,2
2005882.684224797,2
2006066.088103273,2
2006249.491981749,2
2006432.8958602252,2
2006616.2997387014,2
2006799.7036171774,3
2006983.1074956537,3
2007166.5113741297,3
2007349.9152526057,4
2007533.319131082,4
2007716.723009558,3
2007900.1268880342,3
2008083.5307665102,3
2008266.9346449864,3
2008450.3385234624,3
2008633.7424019387,4
2008817.1462804147,3
2009000.550158891,3
2009183.954037367,3
2009367.357915843,4
2009550.7617943191,3
2009734.1656727951,4
2009917.5695512714,3
2010100.9734297474,3
2010284.3773082236,3
2010467.7811866996,3
2010651.1850651759,3
2010834.5889436519,3
2011017.9928221279,3
2011201.3967006041,3
2011384.8005790804,3
2011568.2044575564,3
2011751.6083360326,3
2011935.0122145086,3
2012118.4160929846,3
2012301.8199714608,3
2012485.2238499369,3
2012668.627728413,3
2012852.031606889,3
2013035.4354853653,3
2013218.8393638413,3
2013402.2432423173,3
2013585.6471207936,3
2013769.0509992698,3
2013952.4548777458,3
2014135.858756222,3
2014319.262634698,3
2014502.6665131743,3
2014686.0703916503,3
2014869.4742701263,3
2015052.8781486026,3
2015236.2820270786,3
2015419.6859055548,3
2015603.0897840308,3
2015786.493662507,3
2015969.897540983,3
2016153.3014194593,3
2016336.7052979353,4
2016520.1091764113,2
2016703.5130548875,2
2016886.9169333638,2
2017070.3208118398,2
2017253.7246903158,2
2017437.128568792,2
2017620.5324472683,2
2017803.9363257443,2
2017987.3402042203,5
2018170.7440826965,2
2018354.1479611725,2
2018537.5518396487,2
2018720.9557181248,2
2018904.3595966008,2
2019087.763475077,2
2019271.1673535532,2
2019454.5712320292,2
2019637.9751105052,2
2019821.3789889815,2
2020004.7828674575,2
2020188.1867459337,2
2020371.5906244097,2
2020554.9945028857,2
2020738.398381362,2
2020921.8022598382,2
2021105.2061383142,2
2021288.6100167905,2
2021472.0138952665,2
2021655.4177737427,3
2021838.8216522187,2
2022022.2255306947,2
2022205.629409171,2
2022389.033287647,2
2022572.4371661232,2
2022755.8410445992,2
2022939.2449230754,2
2023122.6488015514,2
2023306.0526800277,1
2023489.4565585037,2
2023672.86043698,1
2023856.264315456,1
2024039.6681939322,1
2024223.0720724082,1
2024406.4759508842,2
2024589.8798293604,1
2024773.2837078366,1
2024956.6875863126,4
2025140.0914647887,2
2025323.495343265,3
2025506.899221741,2
2025690.3031002171,2
2025873.7069786931,2
2026057.1108571694,2
2026240.5147356454,2
2026423.9186141214,2
2026607.3224925976,2
2026790.7263710736,2
2026974.1302495499,2
2027157.534128026,2
2027340.938006502,2
2027524.341884978,2
2027707.7457634544,2
2027891.1496419304,2
2028074.5535204066,1
2028257.9573988826,2
2028441.3612773588,2
2028624.7651558348,2
2028808.169034311,2
2028991.572912787,2
2029174.976791263,2
2029358.3806697393,2
2029541.7845482153,2
2029725.1884266916,2
2029908.5923051676,2
2030091.9961836438,2
2030275.4000621198,2
2030458.803940596,3
2030642.207819072,2
2030825.6116975483,2
2031009.0155760243,2
2031192.4194545005,2
2031375.8233329765,2
2031559.2272114526,2
2031742.6310899288,2
2031926.034968405,2
2032109.438846881,2
2032292.842725357,2
2032476.2466038333,2
2032659.6504823093,2
2032843.0543607855,2
2033026.4582392615,2
2033209.8621177375,2
2033393.2659962138,2
2033576.66987469,2
2033760.073753166,2
2033943.477631642,2
2034126.8815101183,2
2034310.2853885945,2
2034493.6892670705,2
2034677.0931455467,2
2034860.4970240227,2
2035043.9009024987,3
2035227.304780975,3
2035410.708659451,3
2035594.1125379272,3
2035777.5164164032,4
2035960.9202948795,3
2036144.3241733555,3
2036327.7280518317,3
2036511.1319303077,4
2036694.535808784,4
2036877.93968726,3
2037061.343565736,4
2037244.7474442122,5
2037428.1513226882,5
2037611.5552011644,5
2037794.9590796405,4
2037978.3629581167,3
2038161.7668365927,3
2038345.170715069,3
2038528.574593545,3
2038711.9784720212,3
2038895.3823504972,3
2039078.7862289734,3
2039262.1901074494,3
2039445.5939859254,3
2039628.9978644017,3
2039812.401742878,3
2039995.805621354,3
2040179.20949983,3
2040362.6133783062,3
2040546.0172567822,3
2040729.4211352584,3
2040912.8250137344,3
2041096.2288922104,3
2041279.6327706866,3
2041463.0366491629,3
2041646.440527639,3
2041829.844406115,3
2042013.2482845911,3
2042196.6521630671,3
2042380.0560415434,3
2042563.4599200194,3
2042746.8637984956,3
2042930.2676769716,3
2043113.6715554479,3
2043297.0754339239,3
2043480.4793124,3
2043663.883190876,3
2043847.2870693523,3
2044030.6909478283,3
2044214.0948263046,3
2044397.4987047806,3
2044580.9025832566,3
2044764.3064617328,3
2044947.7103402088,3
2045131.114218685,3
2045314.518097161,3
2045497.9219756373,3
2045681.3258541133,3
2045864.7297325893,3
2046048.1336110656,3
2046231.5374895418,3
2046414.9413680178,3
2046598.3452464938,3
2046781.74912497,3
2046965.153003446,3
2047148.5568819223,3
2047331.9607603983,3
2047515.3646388745,3
2047698.7685173505,3
2047882.1723958268,3
2048065.5762743028,3
2048248.9801527788,3
2048432.384031255,3
2048615.7879097313,3
2048799.1917882073,3
2048982.5956666835,3
2049165.9995451595,3
2049349.4034236358,3
2049532.8073021118,3
2049716.2111805878,3
2049899.615059064,3
2050083.01893754,3
2050266.4228160162,3
2050449.8266944923,3
2050633.2305729685,3
2050816.6344514445,3
2051000.0383299207,3
2051183.4422083967,3
2051366.846086873,3
2051550.249965349,3
2051733.653843825,3
2051917.0577223012,3
2052100.4616007772,3
2052283.8654792535,2
2052467.2693577295,2
2052650.6732362057,2
2052834.0771146817,2
2053017.4809931577,2
2053200.884871634,2
2053384.2887501102,1
2053567.6926285862,1
2053751.0965070624,1
2053934.5003855384,2
2054117.9042640147,2
2054301.3081424907,2
2054484.7120209667,2
2054668.115899443,2
2054851.519777919,1
2055034.9236563952,1
2055218.3275348712,1
2055401.7314133474,2
2055585.1352918234,2
2055768.5391702997,2
2055951.9430487757,2
2056135.346927252,2
2056318.750805728,2
2056502.1546842041,2
2056685.5585626801,2
2056868.9624411562,2
2057052.3663196324,2
2057235.7701981086,2
2057419.1740765846,2
2057602.5779550606,2
2057785.9818335369,2
2057969.3857120129,3
2058152.7895904891,3
2058336.1934689651,4
2058519.5973474414,3
2058703.0012259174,3
2058886.4051043936,3
2059069.8089828696,2
2059253.2128613456,2
2059436.6167398219,2
2059620.020618298,2
2059803.424496774,2
2059986.82837525,2
2060170.232253726,2
2060353.6361322023,3
2060537.0400106786,3
2060720.4438891546,3
2060903.8477676308,3
2061087.2516461068,3
2061270.655524583,2
2061454.059403059,3
2061637.4632815353,2
2061820.8671600113,2
2062004.2710384876,2
2062187.6749169636,2
2062371.0787954396,2
2062554.4826739158,3
2062737.8865523918,2
2062921.290430868,2
2063104.694309344,2
2063288.0981878203,2
2063471.5020662963,2
2063654.9059447725,2
2063838.3098232485,2
2064021.7137017245,2
2064205.1175802008,2
2064388.5214586768,2
2064571.925337153,2
2064755.329215629,2
2064938.7330941053,2
2065122.1369725813,2
2065305.5408510575,2
2065488.9447295335,2
2065672.3486080098,2
2065855.7524864858,2
2066039.1563649618,2
2066222.560243438,2
2066405.9641219142,2
2066589.3680003902,2
2066772.7718788662,2
2066956.1757573425,2
2067139.5796358185,2
2067322.9835142945,2
2067506.3873927707,2
2067689.791271247,2
2067873.195149723,2
2068056.5990281992,2
2068240.0029066752,2
2068423.4067851515,2
2068606.8106636275,2
2068790.2145421035,2
2068973.6184205797,2
2069157.022299056,2
2069340.426177532,2
2069523.830056008,2
2069707.2339344842,2
2069890.6378129602,2
2070074.0416914364,2
2070257.4455699124,2
2070440.8494483887,2
2070624.2533268647,2
2070807.657205341,2
2070991.061083817,2
2071174.464962293,2
2071357.8688407692,2
2071541.2727192454,2
2071724.6765977214,2
2071908.0804761974,2
2072091.4843546737,2
2072274.8882331497,2
2072458.292111626,2
2072641.695990102,2
2072825.0998685781,2
2073008.5037470541,2
2073191.9076255304,2
2073375.3115040064,2
2073558.7153824826,2
2073742.1192609586,2
2073925.5231394349,2
2074108.9270179109,2
2074292.330896387,2
2074475.7347748629,2
2074659.1386533391,2
2074842.5425318154,2
2075025.9464102914,2
2075209.3502887676,2
2075392.7541672436,2
2075576.1580457198,2
2075759.5619241958,2
2075942.9658026719,2
2076126.369681148,2
2076309.7735596243,2
2076493.1774381003,2
2076676.5813165766,2
2076859.9851950526,2
2077043.3890735286,2
2077226.7929520048,2
2077410.1968304808,2
2077593.600708957,2
2077777.004587433,2
2077960.4084659093,2
2078143.8123443853,2
2078327.2162228613,2
2078510.6201013376,2
2078694.0239798138,2
2078877.4278582898,2
2079060.8317367658,2
2079244.235615242,2
2079427.639493718,2
2079611.0433721943,2
2079794.4472506703,2
2079977.8511291465,2
2080161.2550076228,2
2080344.6588860988,2
2080528.0627645748,2
2080711.466643051,2
2080894.870521527,2
2081078.2744000033,2
2081261.6782784793,2
2081445.0821569555,2
2081628.4860354315,2
2081811.8899139075,2
2081995.2937923837,2
2082178.6976708598,2
2082362.101549336,2
2082545.505427812,2
2082728.9093062882,3
2082912.3131847642,2
2083095.7170632405,2
2083279.1209417165,2
2083462.5248201927,2
2083645.9286986687,2
2083829.3325771447,2
2084012.736455621,2
2084196.1403340972,2
2084379.5442125732,2
2084562.9480910492,2
2084746.3519695255,2
2084929.7558480015,2
2085113.1597264777,2
2085296.5636049537,2
2085479.9674834297,2
2085663.371361906,2
2085846.7752403822,2
2086030.1791188582,2
2086213.5829973344,2
2086396.9868758104,2
2086580.3907542867,2
2086763.7946327627,2
2086947.1985112387,2
2087130.602389715,2
2087314.006268191,2
2087497.4101466672,2
2087680.8140251432,2
2087864.2179036194,2
2088047.6217820954,2
2088231.0256605716,2
2088414.4295390476,2
2088597.8334175237,2
2088781.237296,2
2088964.6411744761,2
2089148.0450529521,3
2089331.4489314281,2
2089514.8528099044,3
2089698.2566883804,3
2089881.6605668566,3
2090065.0644453326,2
2090248.4683238089,2
2090431.8722022849,2
2090615.276080761,2
2090798.679959237,3
2090982.083837713,2
2091165.4877161894,3
2091348.8915946654,2
2091532.2954731416,2
2091715.6993516176,2
2091899.1032300938,2
2092082.5071085698,2
2092265.910987046,2
2092449.314865522,2
2092632.7187439983,2
2092816.1226224743,2
2092999.5265009506,2
2093182.9303794266,2
2093366.3342579026,2
2093549.7381363788,2
2093733.142014855,2
2093916.545893331,2
2094099.949771807,2
2094283.3536502833,2
2094466.7575287593,2
2094650.1614072355,2
2094833.5652857115,2
2095016.9691641878,2
2095200.3730426638,2
2095383.77692114,2
2095567.180799616,2
2095750.5846780923,2
2095933.9885565683,2
2096117.3924350445,2
2096300.7963135205,2
2096484.2001919965,3
2096667.6040704728,2
2096851.0079489488,3
2097034.411827425,3
2097217.815705901,3
2097401.2195843775,3
2097584.6234628535,3
2097768.0273413295,3
2097951.4312198055,2
2098134.8350982815,2
2098318.238976758,2
2098501.642855234,2
2098685.04673371,2
2098868.450612186,2
2099051.854490662,3
2099235.2583691385,3
2099418.6622476145,3
2099602.0661260905,3
2099785.4700045665,3
2099968.873883043,3
2100152.277761519,3
2100335.681639995,3
2100519.085518471,3
2100702.4893969474,3
2100885.8932754234,3
2101069.2971538994,3
2101252.7010323755,3
2101436.104910852,3
2101619.508789328,3
2101802.912667804,3
2101986.31654628,3
2102169.720424756,2
2102353.1243032324,2
2102536.5281817084,2
2102719.9320601844,2
2102903.3359386604,2
2103086.739817137,2
2103270.143695613,2
2103453.547574089,2
2103636.951452565,2
2103820.355331041,2
2104003.7592095174,2
2104187.1630879934,2
2104370.5669664694,2
2104553.9708449454,2
2104737.374723422,2
2104920.778601898,2
2105104.182480374,3
2105287.58635885,2
2105470.9902373264,3
2105654.3941158024,3
2105837.7979942784,3
2106021.2018727544,3
2106204.6057512304,3
2106388.009629707,3
2106571.413508183,3
2106754.817386659,3
2106938.221265135,4
2107121.6251436113,3
2107305.0290220873,3
2107488.4329005633,4
2107671.8367790394,3
2107855.240657516,3
2108038.644535992,3
2108222.048414468,3
2108405.452292944,3
2108588.85617142,3
2108772.2600498963,3
2108955.6639283723,3
2109139.0678068483,3
2109322.4716853243,5
2109505.875563801,3
2109689.279442277,3
2109872.683320753,3
2110056.087199229,3
2110239.4910777053,3
2110422.8949561813,3
2110606.2988346573,3
2110789.7027131333,3
2110973.1065916093,3
2111156.510470086,3
2111339.914348562,3
2111523.318227038,3
2111706.722105514,3
2111890.1259839903,3
2112073.5298624663,3
2112256.9337409423,3
2112440.3376194183,3
2112623.7414978947,3
2112807.1453763708,3
2112990.5492548468,3
2113173.9531333228,3
2113357.357011799,3
2113540.7608902752,3
2113724.1647687512,3
2113907.5686472273,3
2114090.9725257033,3
2114274.3764041797,3
2114457.7802826557,3
2114641.1841611317,3
2114824.5880396077,3
2115007.991918084,3
2115191.39579656,3
2115374.799675036,3
2115558.203553512,3
2115741.607431988,3
2115925.0113104647,3
2116108.4151889407,3
2116291.8190674167,3
2116475.222945893,3
2116658.626824369,3
2116842.030702845,3
2117025.434581321,3
2117208.838459797,3
2117392.2423382737,3
2117575.6462167497,3
2117759.0500952257,3
2117942.4539737017,3
2118125.8578521777,3
2118309.261730654,3
2118492.66560913,3
2118676.069487606,3
2118859.4733660826,3
2119042.8772445587,3
2119226.2811230347,3
2119409.6850015107,3
2119593.0888799867,3
2119776.492758463,3
2119959.896636939,3
2120143.300515415,3
2120326.704393891,3
2120510.1082723676,3
2120693.5121508436,3
2120876.9160293196,3
2121060.3199077956,2
2121243.7237862716,2
2121427.127664748,2
2121610.531543224,3
2121793.9354217,3
2121977.339300176,3
2122160.7431786526,3
2122344.1470571286,3
2122527.5509356046,3
2122710.9548140806,3
2122894.3586925566,3
2123077.762571033,3
2123261.166449509,3
2123444.570327985,3
2123627.9742064616,3
2123811.3780849376,3
2123994.7819634136,3
2124178.1858418896,3
2124361.5897203656,3
2124544.993598842,3
2124728.397477318,3
2124911.801355794,3
2125095.20523427,3
2125278.609112746,3
2125462.0129912226,3
2125645.4168696986,3
2125828.8207481746,3
2126012.224626651,3
2126195.628505127,3
2126379.032383603,3
2126562.436262079,3
2126745.840140555,3
2126929.2440190315,3
2127112.6478975075,3
2127296.0517759835,3
2127479.4556544595,3
2127662.8595329355,3
2127846.263411412,3
2128029.667289888,3
2128213.071168364,3
2128396.4750468405,3
2128579.8789253165,3
2128763.2828037925,3
2128946.6866822685,3
2129130.0905607445,3
2129313.494439221,3
2129496.898317697,3
2129680.302196173,3
2129863.706074649,3
2130047.1099531255,3
2130230.5138316015,3
2130413.9177100775,3
2130597.3215885535,3
2130780.72546703,3
2130964.129345506,4
2131147.533223982,3
2131330.937102458,4
2131514.340980934,3
2131697.7448594104,3
2131881.1487378865,3
2132064.5526163625,3
2132247.9564948385,3
2132431.360373315,3
2132614.764251791,3
2132798.168130267,3
2132981.572008743,3
2133164.9758872194,3
2133348.3797656954,3
2133531.7836441714,3
2133715.1875226474,3
2133898.5914011234,3
2134081.9952796,3
2134265.399158076,4
2134448.803036552,4
2134632.206915028,3
2134815.6107935044,3
2134999.0146719804,3
2135182.4185504564,3
2135365.8224289324,3
2135549.226307409,3
2135732.630185885,3
2135916.034064361,3
2136099.437942837,3
2136282.841821313,3
2136466.2456997894,3
2136649.6495782654,3
2136833.0534567414,3
2137016.4573352174,3
2137199.861213694,3
2137383.26509217,3
2137566.668970646,3
2137750.072849122,3
2137933.4767275983,3
2138116.8806060744,3
2138300.2844845504,3
2138483.6883630264,3
2138667.0922415024,3
2138850.496119979,3
2139033.899998455,3
2139217.303876931,3
2139400.707755407,2
2139584.1116338833,2
2139767.5155123593,3
2139950.9193908353,3
2140134.3232693113,2
2140317.727147788,2
2140501.131026264,2
2140684.53490474,2
2140867.938783216,2
2141051.342661692,2
2141234.7465401683,2
2141418.1504186443,1
2141601.5542971203,1
2141784.958175597,1
2141968.362054073,1
2142151.765932549,1
2142335.169811025,1
2142518.573689501,1
2142701.9775679773,1
2142885.3814464533,1
2143068.7853249293,1
2143252.1892034053,1
2143435.5930818813,1
2143618.9969603578,1
2143802.400838834,1
2143985.80471731,1
2144169.208595786,1
2144352.6124742622,1
2144536.0163527383,1
2144719.4202312143,1
2144902.8241096903,1
2145086.2279881667,2
2145269.6318666427,2
2145453.0357451187,2
2145636.4396235947,2
2145819.8435020708,2
2146003.247380547,1
2146186.651259023,1
2146370.0551374992,1
2146553.4590159752,1
2146736.8628944517,1
2146920.2667729277,2
2147103.6706514037,2
2147287.0745298797,2
2147470.478408356,2
2147653.882286832,2
2147837.286165308,2
2148020.690043784,2
2148204.09392226,2
2148387.4978007367,2
2148570.9016792127,2
2148754.3055576887,2
2148937.7094361647,2
2149121.113314641,2
2149304.517193117,2
2149487.921071593,2
2149671.324950069,2
2149854.7288285457,2
2150038.1327070217,2
2150221.5365854977,2
2150404.9404639737,2
2150588.3443424497,2
2150771.748220926,2
2150955.152099402,2
2151138.555977878,2
2151321.959856354,2
2151505.3637348306,2
2151688.7676133066,2
2151872.1714917826,2
2152055.5753702587,2
2152238.979248735,2
2152422.383127211,2
2152605.787005687,2
2152789.190884163,2
2152972.594762639,2
2153155.9986411156,2
2153339.4025195916,2
2153522.8063980676,2
2153706.2102765436,2
2153889.61415502,2
2154073.018033496,2
2154256.421911972,2
2154439.825790448,2
2154623.2296689246,2
2154806.6335474006,2
2154990.0374258766,2
2155173.4413043526,2
2155356.8451828286,2
2155540.249061305,2
2155723.652939781,2
2155907.056818257,2
2156090.4606967336,2
2156273.8645752096,2
2156457.2684536856,2
2156640.6723321616,2
2156824.0762106376,2
2157007.480089114,2
2157190.88396759,2
2157374.287846066,2
2157557.691724542,2
2157741.0956030185,2
2157924.4994814945,2
2158107.9033599705,2
2158291.3072384465,2
2158474.711116923,2
2158658.114995399,2
2158841.518873875,2
2159024.922752351,2
2159208.326630827,2
2159391.7305093035,2
2159575.1343877795,2
2159758.5382662555,2
2159941.9421447315,2
2160125.346023208,2
2160308.749901684,2
2160492.15378016,2
2160675.557658636,2
2160858.961537112,2
2161042.3654155885,2
2161225.7692940645,2
2161409.1731725405,2
2161592.5770510165,2
2161775.980929493,2
2161959.384807969,2
2162142.788686445,2
2162326.192564921,2
2162509.596443397,2
2162693.0003218735,2
2162876.4042003495,2
2163059.8080788255,2
2163243.211957302,2
2163426.615835778,2
2163610.019714254,2
2163793.42359273,2
2163976.827471206,2
2164160.2313496824,2
2164343.6352281584,2
2164527.0391066344,2
2164710.4429851105,2
2164893.8468635865,2
2165077.250742063,2
2165260.654620539,2
2165444.058499015,2
2165627.4623774914,2
2165810.8662559674,2
2165994.2701344434,2
2166177.6740129194,2
2166361.0778913954,2
2166544.481769872,2
2166727.885648348,2
2166911.289526824,2
2167094.6934053004,2
2167278.097283776,2
2167461.5011622524,2
2167644.9050407284,2
2167828.3089192044,2
2168011.712797681,2
2168195.116676157,2
2168378.520554633,2
2168561.924433109,3
2168745.328311585,3
2168928.7321900614,3
2169112.1360685374,3
2169295.5399470134,2
2169478.9438254894,2
2169662.347703966,2
2169845.751582442,2
2170029.155460918,2
2170212.559339394,2
2170395.9632178703,2
2170579.3670963463,2
2170762.7709748223,2
2170946.1748532983,2
2171129.5787317744,2
2171312.982610251,2
2171496.386488727,2
2171679.790367203,2
2171863.1942456793,2
2172046.5981241553,2
2172230.0020026313,2
2172413.4058811073,2
2172596.8097595833,2
2172780.2136380593,2
2172963.617516536,2
2173147.021395012,2
2173330.425273488,2
2173513.829151964,2
2173697.2330304403,2
2173880.6369089163,2
2174064.0407873923,2
2174247.4446658688,2
2174430.848544345,2
2174614.252422821,2
2174797.656301297,2
2174981.060179773,2
2175164.4640582493,2
2175347.8679367253,2
2175531.2718152013,2
2175714.6756936773,2
2175898.0795721533,2
2176081.4834506297,2
2176264.8873291058,2
2176448.2912075818,2
2176631.6950860578,2
2176815.0989645342,2
2176998.5028430102,2
2177181.9067214862,2
2177365.3105999622,2
2177548.7144784387,2
2177732.1183569147,2
2177915.5222353907,2
2178098.9261138667,2
2178282.329992343,2
2178465.733870819,2
2178649.137749295,2
2178832.541627771,2
2179015.945506247,2
2179199.3493847237,2
2179382.7532631997,2
2179566.1571416757,2
2179749.5610201517,2
2179932.9648986277,2
2180116.368777104,2
2180299.77265558,2
2180483.176534056,2
2180666.580412532,2
2180849.9842910087,2
2181033.3881694847,2
2181216.7920479607,2
2181400.195926437,2
2181583.599804913,2
2181767.003683389,2
2181950.407561865,2
2182133.811440341,2
2182317.2153188176,2
2182500.6191972937,2
2182684.0230757697,2
2182867.4269542457,2
2183050.830832722,2
2183234.234711198,2
2183417.638589674,2
2183601.04246815,2
2183784.446346626,2
2183967.8502251026,2
2184151.2541035786,2
2184334.6579820546,2
2184518.0618605306,2
2184701.465739007,2
2184884.869617483,2
2185068.273495959,2
2185251.677374435,2
2185435.081252911,2
2185618.4851313876,2
2185801.8890098636,2
2185985.2928883396,2
2186168.696766816,2
2186352.100645292,2
2186535.504523768,2
2186718.908402244,3
2186902.31228072,3
2187085.7161591966,3
2187269.1200376726,3
2187452.5239161486,3
2187635.9277946246,3
2187819.331673101,3
2188002.735551577,3
2188186.139430053,3
2188369.543308529,3
2188552.947187005,3
2188736.3510654815,3
2188919.7549439576,3
2189103.1588224336,3
2189286.5627009096,3
2189469.966579386,3
2189653.370457862,3
2189836.774336338,2
2190020.178214814,2
2190203.58209329,2
2190386.9859717665,3
2190570.3898502425,3
2190753.7937287185,3
2190937.1976071945,3
2191120.601485671,3
2191304.005364147,3
2191487.409242623,3
2191670.813121099,3
2191854.2169995755,3
2192037.6208780515,3
2192221.0247565275,3
2192404.4286350035,3
2192587.8325134795,3
2192771.236391956,3
2192954.640270432,3
2193138.044148908,3
2193321.4480273845,3
2193504.8519058605,3
2193688.2557843365,3
2193871.6596628125,3
2194055.0635412885,3
2194238.467419765,3
2194421.871298241,3
2194605.275176717,3
2194788.679055193,3
2194972.082933669,3
2195155.4868121454,3
2195338.8906906215,3
2195522.2945690975,3
2195705.698447574,3
2195889.1023260495,3
2196072.506204526,3
2196255.910083002,3
2196439.313961478,3
2196622.7178399544,3
2196806.1217184304,3
2196989.5255969064,3
2197172.9294753824,3
2197356.3333538584,3
2197539.737232335,3
2197723.141110811,2
2197906.544989287,2
2198089.9488677634,2
2198273.3527462394,2
2198456.7566247154,3
2198640.1605031914,3
2198823.5643816674,3
2199006.968260144,3
2199190.37213862,3
2199373.776017096,2
2199557.179895572,2
2199740.583774048,2
2199923.9876525244,2
2200107.3915310004,2
2200290.7954094764,3
2200474.199287953,3
2200657.603166429,3
2200841.007044905,2
2201024.410923381,3
2201207.814801857,3
2201391.2186803333,3
2201574.6225588094,3
2201758.0264372854,3
2201941.4303157614,3
2202124.834194238,3
2202308.238072714,3
2202491.64195119,3
2202675.045829666,3
2202858.4497081423,3
2203041.8535866183,3
2203225.2574650943,3
2203408.6613435703,3
2203592.0652220463,3
2203775.469100523,3
2203958.872978999,3
2204142.276857475,3
2204325.680735951,3
2204509.084614427,3
2204692.4884929033,3
2204875.8923713793,3
2205059.2962498553,3
2205242.700128332,3
2205426.104006808,3
2205609.507885284,3
2205792.91176376,3
2205976.315642236,3
2206159.7195207123,3
2206343.1233991883,3
2206526.5272776643,3
2206709.9311561403,3
2206893.3350346168,3
2207076.7389130928,3
2207260.142791569,3
2207443.546670045,4
2207626.9505485212,3
2207810.3544269972,3
2207993.7583054733,3
2208177.1621839493,4
2208360.5660624253,3
2208543.9699409017,5
2208727.3738193777,6
2208910.7776978537,3
2209094.1815763297,3
2209277.585454806,3
2209460.989333282,3
2209644.393211758,3
2209827.7970902342,3
2210011.2009687107,3
2210194.6048471867,3
2210378.0087256627,3
2210561.4126041387,3
2210744.8164826147,3
2210928.220361091,3
2211111.624239567,3
2211295.028118043,3
2211478.4319965197,3
2211661.8358749957,4
2211845.2397534717,3
2212028.6436319477,3
2212212.0475104237,3
2212395.4513889,3
2212578.855267376,3
2212762.259145852,3
2212945.663024328,3
2213129.066902804,3
2213312.4707812807,3
2213495.8746597567,3
2213679.2785382327,3
2213862.6824167087,3
2214046.0862951847,3
2214229.490173661,3
2214412.894052137,3
2214596.297930613,3
2214779.7018090896,3
2214963.1056875656,3
2215146.5095660416,3
2215329.9134445176,3
2215513.3173229937,3
2215696.72120147,3
2215880.125079946,3
2216063.528958422,3
2216246.9328368986,3
2216430.3367153746,3
2216613.7405938506,3
2216797.1444723266,3
2216980.5483508026,3
2217163.9522292786,3
2217347.356107755,3
2217530.759986231,3
2217714.163864707,3
2217897.567743183,3
2218080.9716216596,3
2218264.3755001356,3
2218447.7793786116,3
2218631.183257088,3
2218814.587135564,3
2218997.99101404,3
2219181.394892516,3
2219364.798770992,3
2219548.2026494686,3
2219731.6065279446,3
2219915.0104064206,3
2220098.4142848966,3
2220281.8181633726,3
2220465.222041849,3
2220648.625920325,3
2220832.029798801,3
2221015.433677277,3
2221198.8375557535,3
2221382.2414342295,2
2221565.6453127055,2
2221749.0491911815,2
2221932.453069658,2
2222115.856948134,2
2222299.26082661,2
2222482.664705086,2
2222666.068583562,2
2222849.4724620385,2
2223032.8763405145,2
2223216.2802189905,2
2223399.6840974665,2
2223583.087975943,2
2223766.491854419,2
2223949.895732895,2
2224133.299611371,2
2224316.703489847,3
2224500.1073683235,2
2224683.5112467995,2
2224866.9151252755,2
2225050.3190037515,2
2225233.722882228,2
2225417.126760704,2
2225600.53063918,2
2225783.934517656,2
2225967.3383961325,2
2226150.7422746085,2
2226334.1461530845,2
2226517.5500315605,2
2226700.953910037,2
2226884.357788513,2
2227067.761666989,2
2227251.165545465,2
2227434.5694239414,2
2227617.9733024174,2
2227801.3771808934,2
2227984.7810593694,3
2228168.1849378454,2
2228351.588816322,3
2228534.992694798,3
2228718.396573274,3
2228901.80045175,2
2229085.2043302264,2
2229268.6082087024,2
2229452.0120871784,2
2229635.4159656544,2
2229818.8198441304,2
2230002.223722607,2
2230185.627601083,2
2230369.031479559,2
2230552.435358035,2
2230735.8392365114,2
2230919.2431149874,2
2231102.6469934634,2
2231286.0508719394,2
2231469.454750416,2
2231652.858628892,2
2231836.262507368,2
2232019.666385844,2
2232203.0702643204,2
2232386.4741427964,2
2232569.8780212724,2
2232753.2818997484,2
2232936.6857782244,2
2233120.089656701,3
2233303.493535177,3
2233486.897413653,2
2233670.301292129,3
2233853.7051706053,3
2234037.1090490813,3
2234220.5129275573,3
2234403.9168060333,3
2234587.3206845094,3
2234770.724562986,3
2234954.128441462,3
2235137.532319938,3
2235320.9361984143,3
2235504.3400768903,3
2235687.7439553663,3
2235871.1478338423,3
2236054.5517123183,3
2236237.955590795,3
2236421.359469271,3
2236604.763347747,3
2236788.167226223,3
2236971.571104699,3
2237154.9749831753,3
2237338.3788616513,3
2237521.7827401273,3
2237705.1866186038,3
2237888.59049708,3
2238071.994375556,3
2238255.398254032,4
2238438.802132508,4
2238622.2060109843,3
2238805.6098894603,3
2238989.0137679363,4
2239172.4176464123,4
2239355.8215248883,4
2239539.2254033647,4
2239722.6292818408,3
2239906.0331603168,3
2240089.437038793,3
2240272.8409172692,3
2240456.2447957452,3
2240639.6486742212,3
2240823.0525526972,3
2241006.4564311737,3
2241189.8603096497,4
2241373.2641881257,4
2241556.668066602,5
2241740.0719450777,4
2241923.475823554,4
2242106.87970203,3
2242290.283580506,3
2242473.687458982,4
2242657.0913374587,4
2242840.4952159347,4
2243023.8990944107,4
2243207.3029728867,4
2243390.706851363,4
2243574.110729839,3
2243757.514608315,4
2243940.9184867917,4
2244124.322365267,4
2244307.7262437437,4
2244491.1301222197,4
2244674.5340006957,4
2244857.937879172,4
2245041.341757648,3
2245224.745636124,3
2245408.1495146,4
2245591.553393076,4
2245774.9572715526,4
2245958.3611500286,4
2246141.7650285047,4
2246325.1689069807,4
2246508.572785457,4
2246691.976663933,4
2246875.380542409,4
2247058.784420885,4
2247242.1882993616,4
2247425.5921778376,4
2247608.9960563136,3
2247792.3999347896,4
2247975.8038132656,4
2248159.207691742,4
2248342.611570218,4
2248526.015448694,4
2248709.41932717,4
2248892.8232056466,4
2249076.2270841226,4
2249259.6309625986,4
2249443.0348410746,4
2249626.438719551,4
2249809.842598027,4
2249993.246476503,4
2250176.650354979,4
2250360.054233455,4
2250543.4581119316,4
2250726.8619904076,4
2250910.2658688836,4
2251093.6697473596,4
2251277.073625836,4
2251460.477504312,4
2251643.881382788,4
2251827.285261264,4
2252010.6891397405,4
2252194.0930182165,4
2252377.4968966926,4
2252560.9007751686,4
2252744.3046536446,4
2252927.708532121,4
2253111.112410597,4
2253294.516289073,4
2253477.920167549,4
2253661.324046025,4
2253844.7279245015,4
2254028.1318029775,4
2254211.5356814535,4
2254394.93955993,4
2254578.343438406,4
2254761.747316882,4
2254945.151195358,4
2255128.555073834,4
2255311.9589523105,4
2255495.3628307865,4
2255678.7667092625,4
2255862.170587739,4
2256045.574466215,4
2256228.978344691,4
2256412.382223167,4
2256595.786101643,4
2256779.1899801195,4
2256962.5938585955,4
2257145.9977370715,4
2257329.4016155475,4
2257512.805494024,4
2257696.2093725,4
2257879.613250976,4
2258063.017129452,4
2258246.421007928,4
2258429.8248864044,4
2258613.2287648804,5
2258796.6326433565,4
2258980.0365218325,4
2259163.440400309,4
2259346.844278785,4
2259530.248157261,4
2259713.652035737,4
2259897.055914213,4
2260080.4597926894,4
2260263.8636711654,4
2260447.2675496414,4
2260630.671428118,4
2260814.075306594,4
2260997.47918507,4
2261180.883063546,3
2261364.286942022,3
2261547.690820498,3
2261731.0946989744,3
2261914.4985774504,3
2262097.9024559264,3
2262281.3063344024,3
2262464.710212879,3
2262648.114091355,3
2262831.517969831,4
2263014.9218483074,4
2263198.3257267834,5
2263381.7296052594,3
2263565.1334837354,3
2263748.5373622114,4
2263931.941240688,4
2264115.345119164,4
2264298.74899764,4
2264482.152876116,4
2264665.556754592,3
2264848.9606330683,3
2265032.3645115444,3
2265215.7683900204,3
2265399.1722684964,3
2265582.576146973,3
2265765.980025449,3
2265949.383903925,3
2266132.787782401,3
2266316.1916608773,3
2266499.5955393533,3
2266682.9994178293,2
2266866.4032963053,3
2267049.8071747813,4
2267233.211053258,4
2267416.614931734,4
2267600.01881021,3
2267783.422688686,4
2267966.8265671623,3
2268150.2304456383,3
2268333.6343241143,3
2268517.0382025903,3
2268700.442081067,3
2268883.845959543,4
2269067.249838019,4
2269250.653716495,4
2269434.057594971,4
2269617.4614734473,5
2269800.8653519233,5
2269984.2692303993,5
2270167.6731088753,5
2270351.0769873518,5
2270534.4808658278,5
2270717.8847443038,5
2270901.28862278,5
2271084.6925012562,5
2271268.0963797322,5
2271451.5002582083,5
2271634.9041366843,6
2271818.3080151607,5
2272001.7118936367,5
2272185.1157721127,5
2272368.5196505887,4
2272551.923529065,4
2272735.327407541,4
2272918.731286017,4
2273102.135164493,4
2273285.5390429692,4
2273468.9429214457,4
2273652.3467999217,4
2273835.7506783977,3
2274019.1545568737,3
2274202.5584353497,3
2274385.962313826,3
2274569.366192302,3
2274752.770070778,3
2274936.1739492547,3
2275119.5778277307,3
2275302.9817062067,3
2275486.3855846827,3
2275669.7894631587,3
2275853.193341635,3
2276036.597220111,3
2276220.001098587,3
2276403.404977063,3
2276586.8088555397,3
2276770.2127340157,3
2276953.6166124917,3
2277137.0204909677,3
2277320.424369444,3
2277503.82824792,3
2277687.232126396,3
2277870.636004872,3
2278054.039883348,3
2278237.4437618246,3
2278420.8476403006,3
2278604.2515187766,3
2278787.6553972526,3
2278971.0592757287,3
2279154.463154205,3
2279337.867032681,3
2279521.270911157,3
2279704.6747896336,3
2279888.0786681096,3
2280071.4825465856,3
2280254.8864250616,3
2280438.2903035376,3
2280621.694182014,3
2280805.09806049,3
2280988.501938966,3
2281171.9058174426,3
2281355.309695918,3
2281538.7135743946,3
2281722.1174528706,3
2281905.5213313466,3
2282088.925209823,3
2282272.329088299,3
2282455.732966775,3
2282639.136845251,3
2282822.540723727,3
2283005.9446022036,3
2283189.3484806796,3
2283372.7523591556,3
2283556.1562376316,3
2283739.5601161076,3
2283922.963994584,3
2284106.36787306,3
2284289.771751536,3
2284473.1756300125,3
2284656.5795084885,3
2284839.9833869645,3
2285023.3872654405,3
2285206.7911439165,3
2285390.195022393,3
2285573.598900869,3
2285757.002779345,3
2285940.4066578215,3
2286123.8105362975,3
2286307.2144147735,3
2286490.6182932495,3
2286674.0221717255,3
2286857.4260502015,3
2287040.829928678,3
2287224.233807154,3
2287407.63768563,3
2287591.041564106,3
2287774.4454425825,3
2287957.8493210585,3
2288141.2531995345,3
2288324.657078011,3
2288508.0609564865,3
2288691.464834963,3
2288874.868713439,3
2289058.272591915,3
2289241.6764703915,3
2289425.0803488675,3
2289608.4842273435,3
2289791.8881058195,3
2289975.2919842955,3
2290158.695862772,3
2290342.099741248,3
2290525.503619724,3
2290708.9074982,3
2290892.3113766764,3
2291075.7152551524,3
2291259.1191336284,3
2291442.5230121044,3
2291625.926890581,3
2291809.330769057,3
2291992.734647533,3
2292176.138526009,3
2292359.542404485,3
2292542.9462829614,3
2292726.3501614374,3
2292909.7540399134,3
2293093.1579183894,3
2293276.561796866,3
2293459.965675342,3
2293643.369553818,3
2293826.773432294,3
2294010.1773107704,3
2294193.5811892464,3
2294376.9850677224,3
2294560.3889461984,3
2294743.7928246744,3
2294927.196703151,3
2295110.600581627,3
2295294.004460103,3
2295477.408338579,3
2295660.8122170554,3
2295844.2160955314,3
2296027.6199740074,3
2296211.0238524834,3
2296394.42773096,3
2296577.831609436,3
2296761.235487912,3
2296944.639366388,3
2297128.0432448643,3
2297311.4471233403,3
2297494.8510018163,3
2297678.2548802923,3
2297861.6587587683,3
2298045.0626372444,3
2298228.466515721,3
2298411.870394197,3
2298595.274272673,3
2298778.6781511493,3
2298962.0820296253,3
2299145.4859081013,3
2299328.8897865773,3
2299512.2936650533,3
2299695.69754353,3
2299879.101422006,3
2300062.505300482,3
2300245.909178958,3
2300429.3130574343,3
2300612.7169359103,3
2300796.1208143863,3
2300979.5246928623,3
2301162.9285713388,3
2301346.332449815,3
2301529.736328291,3
2301713.140206767,3
2301896.5440852433,3
2302079.9479637193,3
2302263.3518421953,3
2302446.7557206713,3
2302630.1595991473,3
2302813.5634776233,3
2302996.9673560997,3
2303180.3712345758,3
2303363.7751130518,3
2303547.178991528,3
2303730.5828700042,3
2303913.9867484802,3
2304097.3906269562,3
2304280.7945054322,3
2304464.1983839087,3
2304647.6022623847,3
2304831.0061408607,4
2305014.410019337,3
2305197.813897813,4
2305381.217776289,3
2305564.621654765,4
2305748.025533241,3
2305931.4294117177,3
2306114.8332901937,4
2306298.2371686697,4
2306481.6410471457,3
2306665.0449256217,3
2306848.448804098,3
2307031.852682574,3
2307215.25656105,3
2307398.6604395267,3
2307582.0643180027,3
2307765.4681964787,3
2307948.8720749547,3
2308132.2759534307,3
2308315.679831907,3
2308499.083710383,3
2308682.487588859,3
2308865.891467335,3
2309049.295345811,3
2309232.6992242876,3
2309416.1031027636,3
2309599.5069812397,3
2309782.9108597157,3
2309966.314738192,3
2310149.718616668,3
2310333.122495144,3
2310516.52637362,3
2310699.9302520966,3
2310883.3341305726,3
2311066.7380090486,3
2311250.1418875246,3
2311433.545766001,3
2311616.949644477,3
2311800.353522953,3
2311983.757401429,3
2312167.161279905,3
2312350.5651583816,3
2312533.9690368576,3
2312717.3729153336,3
2312900.7767938096,3
2313084.180672286,3
2313267.584550762,3
2313450.988429238,3
2313634.392307714,3
2313817.79618619,3
2314001.2000646666,3
2314184.6039431426,2
2314368.0078216186,2
2314551.411700095,2
2314734.815578571,2
2314918.219457047,2
2315101.623335523,2
2315285.027213999,2
2315468.4310924755,2
2315651.8349709515,3
2315835.2388494276,2
2316018.6427279036,3
2316202.04660638,3
2316385.450484856,3
2316568.854363332,3
2316752.258241808,2
2316935.6621202845,3
2317119.0659987605,4
2317302.4698772365,3
2317485.8737557125,3
2317669.2776341885,3
2317852.681512665,3
2318036.085391141,3
2318219.489269617,3
2318402.893148093,3
2318586.297026569,3
2318769.7009050455,3
2318953.1047835215,3
2319136.5086619975,3
2319319.912540474,3
2319503.31641895,3
2319686.720297426,3
2319870.124175902,3
2320053.528054378,3
2320236.9319328545,3
2320420.3358113305,3
2320603.7396898065,3
2320787.1435682825,3
2320970.547446759,3
2321153.951325235,3
2321337.355203711,3
2321520.759082187,3
2321704.1629606634,3
2321887.5668391394,3
2322070.9707176154,3
2322254.3745960915,2
2322437.7784745675,2
2322621.182353044,2
2322804.58623152,2
2322987.990109996,2
2323171.393988472,2
2323354.797866948,2
2323538.2017454244,2
2323721.6056239004,2
2323905.0095023764,2
2324088.413380853,2
2324271.817259329,2
2324455.221137805,2
2324638.625016281,2
2324822.028894757,2
2325005.4327732334,2
2325188.8366517094,2
2325372.2405301854,2
2325555.644408662,2
2325739.048287138,2
2325922.452165614,2
2326105.85604409,2
2326289.259922566,2
2326472.6638010424,2
2326656.0676795184,2
2326839.4715579944,3
2327022.8754364704,2
2327206.2793149464,2
2327389.683193423,2
2327573.087071899,2
2327756.490950375,2
2327939.894828851,2
2328123.298707327,2
2328306.7025858033,2
2328490.1064642793,2
2328673.5103427554,2
2328856.9142212314,2
2329040.318099708,2
2329223.721978184,2
2329407.12585666,2
2329590.529735136,2
2329773.9336136123,2
2329957.3374920883,2
2330140.7413705643,2
2330324.1452490403,2
2330507.5491275163,2
2330690.953005993,2
2330874.356884469,2
2331057.760762945,2
2331241.1646414213,2
2331424.568519897,2
2331607.9723983733,2
2331791.3762768493,2
2331974.7801553253,2
2332158.184033802,2
2332341.587912278,2
2332524.991790754,2
2332708.39566923,2
2332891.799547706,2
2333075.2034261823,2
2333258.6073046583,2
2333442.0111831343,2
2333625.4150616108,2
2333808.8189400868,2
2333992.2228185628,2
2334175.6266970388,2
2334359.030575515,2
2334542.4344539912,2
2334725.8383324672,2
2334909.2422109433,2
2335092.6460894197,2
2335276.0499678953,2
2335459.4538463717,2
2335642.8577248477,2
2335826.2616033237,2
2336009.6654818,2
2336193.069360276,2
2336376.473238752,2
2336559.877117228,2
2336743.2809957042,2
2336926.6848741807,2
2337110.0887526567,2
2337293.4926311327,2
2337476.896509609,2
2337660.3003880847,2
2337843.704266561,2
2338027.108145037,2
2338210.512023513,2
2338393.9159019897,2
2338577.3197804657,2
2338760.7236589417,2
2338944.1275374177,2
2339127.5314158937,2
2339310.93529437,2
2339494.339172846,2
2339677.743051322,2
2339861.1469297986,2
2340044.5508082747,2
2340227.9546867507,2
2340411.3585652267,2
2340594.7624437027,2
2340778.166322179,2
2340961.570200655,2
2341144.974079131,2
2341328.377957607,2
2341511.781836083,2
2341695.1857145596,2
2341878.5895930356,2
2342061.9934715116,2
2342245.397349988,2
2342428.801228464,2
2342612.20510694,2
2342795.608985416,2
2342979.012863892,2
2343162.4167423686,2
2343345.8206208446,2
2343529.2244993206,2
2343712.6283777966,2
2343896.0322562726,2
2344079.436134749,2
2344262.840013225,2
2344446.243891701,2
2344629.6477701776,2
2344813.0516486536,2
2344996.4555271296,2
2345179.8594056056,2
2345363.2632840816,2
2345546.667162558,2
2345730.071041034,2
2345913.47491951,2
2346096.878797986,2
2346280.282676462,2
2346463.6865549386,2
2346647.0904334146,2
2346830.4943118906,2
2347013.898190367,2
2347197.302068843,2
2347380.705947319,2
2347564.109825795,2
2347747.513704271,2
2347930.9175827475,2
2348114.3214612235,2
2348297.7253396995,2
2348481.1292181755,2
2348664.5330966515,2
2348847.936975128,2
2349031.340853604,2
2349214.74473208,2
2349398.1486105565,2
2349581.5524890325,2
2349764.9563675085,2
2349948.3602459845,2
2350131.7641244605,2
2350315.168002937,2
2350498.571881413,2
2350681.975759889,2
2350865.379638365,2
2351048.783516841,2
2351232.1873953175,2
2351415.5912737935,2
2351598.9951522695,2
2351782.399030746,2
2351965.802909222,2
2352149.206787698,2
2352332.610666174,2
2352516.01454465,2
2352699.4184231265,3
2352882.8223016025,2
2353066.2261800785,2
2353249.6300585545,2
2353433.0339370305,2
2353616.437815507,3
2353799.841693983,3
2353983.245572459,2
2354166.6494509354,2
2354350.0533294114,2
2354533.4572078874,2
2354716.8610863634,2
2354900.2649648394,3
2355083.668843316,2
2355267.072721792,2
2355450.476600268,3
2355633.880478744,3
2355817.28435722,3
2356000.6882356964,3
2356184.0921141724,3
2356367.4959926484,2
2356550.899871125,2
2356734.3037496004,3
2356917.707628077,3
2357101.111506553,3
2357284.515385029,3
2357467.9192635054,3
2357651.3231419814,2
2357834.7270204574,2
2358018.1308989334,1
2358201.5347774094,1
2358384.938655886,1
2358568.342534362,1
2358751.746412838,1
2358935.1502913143,1
2359118.5541697904,1
2359301.9580482664,1
2359485.3619267424,1
2359668.7658052184,1
2359852.169683695,1
2360035.573562171,1
2360218.977440647,1
2360402.381319123,2
2360585.785197599,2
2360769.1890760753,2
2360952.5929545513,2
2361135.9968330273,2
2361319.400711504,2
2361502.80458998,2
2361686.208468456,2
2361869.612346932,2
2362053.016225408,2
2362236.4201038843,2
2362419.8239823603,2
2362603.2278608363,1
2362786.6317393123,2
2362970.0356177883,2
2363153.439496265,2
2363336.843374741,2
2363520.247253217,2
2363703.6511316933,2
2363887.0550101693,2
2364070.4588886453,2
2364253.8627671213,2
2364437.2666455973,2
2364620.6705240738,2
2364804.07440255,2
2364987.478281026,2
2365170.882159502,2
2365354.286037978,2
2365537.6899164543,2
2365721.0937949303,2
2365904.4976734063,2
2366087.9015518827,2
2366271.3054303587,1
2366454.7093088347,1
2366638.1131873108,1
2366821.5170657868,1
2367004.920944263,1
2367188.324822739,1
2367371.7287012152,1
2367555.1325796912,1
2367738.5364581672,1
2367921.9403366437,1
2368105.3442151197,1
2368288.7480935957,1
2368472.151972072,1
2368655.555850548,1
2368838.959729024,1
2369022.3636075,1
2369205.767485976,1
2369389.1713644527,1
2369572.5752429287,1
2369755.9791214047,1
2369939.3829998807,1
2370122.7868783567,1
2370306.190756833,1
2370489.594635309,1
2370672.998513785,1
2370856.4023922617,1
2371039.8062707377,1
2371223.2101492137,1
2371406.6140276897,1
2371590.0179061657,1
2371773.421784642,1
2371956.825663118,1
2372140.229541594,1
2372323.63342007,1
2372507.037298546,1
2372690.4411770226,1
2372873.8450554986,1
2373057.2489339747,1
2373240.652812451,1
2373424.056690927,1
2373607.460569403,1
2373790.864447879,1
2373974.268326355,1
2374157.6722048316,1
2374341.0760833076,1
2374524.4799617836,1
2374707.88384026,1
2374891.2877187356,1
2375074.691597212,1
2375258.095475688,1
2375441.499354164,1
2375624.9032326406,1
2375808.307111116,1
2375991.7109895926,1
2376175.1148680686,1
2376358.5187465446,1
2376541.922625021,1
2376725.326503497,1
2376908.730381973,1
2377092.1342604496,1
2377275.538138925,1
2377458.9420174016,1
2377642.3458958776,1
2377825.7497743536,1
2378009.15365283,1
2378192.557531306,1
2378375.961409782,1
2378559.365288258,1
2378742.769166734,1
2378926.1730452105,1
2379109.5769236865,1
2379292.9808021626,1
2379476.384680639,1
2379659.788559115,1
2379843.192437591,1
2380026.596316067,1
2380210.000194543,1
2380393.4040730195,1
2380576.8079514955,1
2380760.2118299715,1
2380943.6157084475,1
2381127.0195869235,1
2381310.4234654,1
2381493.827343876,1
2381677.231222352,1
2381860.6351008285,1
2382044.038979304,1
2382227.4428577805,1
2382410.8467362565,1
2382594.2506147325,1
2382777.654493209,1
2382961.058371685,1
2383144.462250161,1
2383327.866128637,1
2383511.270007113,1
2383694.6738855895,1
2383878.0777640655,1
2384061.4816425415,1
2384244.885521018,1
2384428.289399494,1
2384611.69327797,1
2384795.097156446,1
2384978.501034922,1
2385161.9049133984,1
2385345.3087918744,1
2385528.7126703504,1
2385712.1165488265,1
2385895.5204273025,1
2386078.924305779,1
2386262.328184255,1
2386445.732062731,1
2386629.135941207,1
2386812.5398196834,1
2386995.9436981594,1
2387179.3475766354,1
2387362.7514551114,1
2387546.155333588,1
2387729.559212064,1
2387912.96309054,1
2388096.366969016,1
2388279.770847492,1
2388463.1747259684,1
2388646.5786044444,1
2388829.9824829204,1
2389013.386361397,1
2389196.790239873,1
2389380.194118349,1
2389563.597996825,1
2389747.001875301,1
2389930.4057537774,1
2390113.8096322534,1
2390297.2135107294,1
2390480.6173892054,1
2390664.0212676814,1
2390847.425146158,1
2391030.829024634,1
2391214.23290311,1
2391397.6367815863,1
2391581.0406600623,1
2391764.4445385383,1
2391947.8484170143,1
2392131.2522954904,1
2392314.656173967,1
2392498.060052443,1
2392681.463930919,1
2392864.867809395,2
2393048.271687871,2
2393231.6755663473,2
2393415.0794448233,2
2393598.4833232993,2
2393781.887201776,2
2393965.291080252,2
2394148.694958728,2
2394332.098837204,2
2394515.50271568,2
2394698.9065941563,2
2394882.310472632,2
2395065.7143511083,2
2395249.1182295843,2
2395432.5221080603,1
2395615.925986537,1
2395799.329865013,1
2395982.733743489,1
2396166.1376219653,1
2396349.5415004413,1
2396532.9453789173,1
2396716.3492573933,2
2396899.7531358693,1
2397083.1570143458,1
2397266.5608928218,1
2397449.9647712978,1
2397633.3686497738,1
2397816.77252825,1
2398000.1764067262,1
2398183.5802852022,1
2398366.9841636783,1
2398550.3880421547,1
2398733.7919206307,1
2398917.1957991067,1
2399100.5996775827,1
2399284.0035560587,1
2399467.407434535,1
2399650.811313011,1
2399834.215191487,1
2400017.619069963,1
2400201.0229484392,1
2400384.4268269157,1
2400567.8307053917,1
2400751.2345838677,1
2400934.638462344,1
2401118.04234082,1
2401301.446219296,1
2401484.850097772,1
2401668.253976248,1
2401851.6578547247,1
2402035.0617332007,1
2402218.4656116767,1
2402401.8694901527,1
2402585.2733686287,2
2402768.677247105,1
2402952.081125581,1
2403135.485004057,1
2403318.8888825336,1
2403502.2927610097,1
2403685.6966394857,1
2403869.1005179617,1
2404052.5043964377,1
2404235.908274914,1
2404419.31215339,1
2404602.716031866,1
2404786.119910342,1
2404969.523788818,1
2405152.9276672946,1
2405336.3315457706,1
2405463.6666319137,1
2405654.6692611286,1
2405845.671890343,1
2406036.674519558,1
2406227.6771487724,1
2406418.6797779873,1
2406609.6824072017,1
2406800.6850364166,1
2406991.687665631,1
2407182.690294846,1
2407373.6929240604,1
2407564.6955532753,1
2407755.6981824897,1
2407946.7008117046,1
2408137.703440919,1
2408328.706070134,1
2408519.7086993484,1
2408710.7113285633,1
2408901.7139577777,1
2409092.7165869926,1
2409283.719216207,1
2409474.721845422,1
2409665.7244746364,1
2409856.7271038513,1
2410047.7297330657,1
2410238.7323622806,1
2410429.734991495,1
2410620.73762071,1
2410811.7402499244,1
2411002.7428791393,1
2411193.7455083537,1
2411384.7481375686,1
2411575.750766783,1
2411766.753395998,1
2411957.7560252124,1
2412148.7586544272,1
2412339.7612836417,1
2412530.7639128566,1
2412721.766542071,1
2412912.769171286,1
2413103.771800501,1
2413294.7744297152,1
2413485.77705893,1
2413676.7796881446,1
2413867.7823173595,1
2414058.784946574,1
2414249.787575789,1
2414440.790205003,1
2414631.792834218,1
2414822.7954634326,1
2415013.7980926475,1
2415204.800721862,1
2415395.803351077,1
2415586.805980291,1
2415777.808609506,1
2415968.8112387205,1
2416159.8138679354,1
2416350.81649715,1
2416541.819126365,1
2416732.821755579,1
2416923.824384794,1
2417114.8270140085,1
2417305.8296432234,1
2417496.832272438,1
2417687.8349016528,1
2417878.837530867,1
2418069.840160082,1
2418260.8427892965,1
2418451.8454185114,1
2418642.848047726,1
2418833.8506769408,1
2419024.853306155,1
2419215.85593537,1
2419406.8585645845,1
2419597.8611937994,1
2419788.863823014,1
2419979.8664522287,1
2420170.869081443,1
2420361.871710658,1
2420552.874339873,1
2420743.8769690874,1
2420934.8795983023,1
2421125.8822275167,1
2421316.8848567316,1
2421507.887485946,1
2421698.890115161,1
2421889.8927443754,1
2422080.8953735903,1
2422271.8980028047,1
2422462.9006320196,1
2422653.903261234,1
2422844.905890449,1
2423035.9085196634,1
2423226.9111488783,1
2423417.9137780927,1
2423608.9164073076,1
2423799.919036522,1
2423990.921665737,1
2424181.9242949514,1
2424372.9269241663,1
2424563.9295533807,1
2424754.9321825956,1
2424945.93481181,1
2425136.937441025,1
2425327.9400702394,1
2425518.9426994543,1
2425709.9453286687,1
2425900.9479578836,1
2426091.950587098,1
2426282.953216313,1
2426473.9558455274,1
2426664.9584747422,1
2426855.9611039567,1
2427046.9637331716,1
2427237.966362386,1
2427428.968991601,1
2427619.9716208153,1
2427810.9742500302,1
2428001.9768792447,1
2428192.9795084596,1
2428383.9821376745,1
2428574.984766889,1
2428765.987396104,1
2428956.990025318,1
2429147.992654533,1
2429338.9952837476,1
2429529.9979129625,1
2429721.000542177,1
2429912.003171392,1
2430103.005800606,1
2430294.008429821,1
2430485.0110590355,1
2430676.0136882504,1
2430867.016317465,1
2431058.01894668,1
2431249.021575894,1
2431440.024205109,1
2431631.0268343235,1
2431822.0294635384,1
2432013.032092753,1
2432204.0347219678,1
2432395.037351182,1
2432586.039980397,1
2432777.0426096115,1
2432968.0452388264,1
2433159.047868041,1
2433350.0504972558,1
2433541.05312647,1
2433732.055755685,1
2433923.0583848995,1
2434114.0610141144,1
2434305.063643329,1
2434496.0662725437,1
2434687.068901758,1
2434878.071530973,1
2435069.0741601875,1
2435260.0767894024,1
2435451.079418617,1
2435642.0820478317,1
2435833.084677046,1
2436024.087306261,1
2436215.089935476,1
2436406.0925646904,1
2436597.0951939053,1
2436788.0978231197,1
2436979.1004523346,3
2437170.103081549,2
2437361.105710764,2
2437552.1083399784,1
2437743.1109691933,1
2437934.1135984077,1
2438125.1162276226,1
2438316.118856837,1
2438507.121486052,1
2438698.1241152664,2
2438889.1267444813,2
2439080.1293736957,1
2439271.1320029106,1
2439462.134632125,1
2439653.13726134,1
2439844.1398905544,1
2440035.1425197693,1
2440226.1451489837,1
2440417.1477781986,1
2440608.150407413,1
2440799.153036628,1
2440990.1556658424,1
2441181.1582950572,1
2441372.1609242717,1
2441563.1635534866,1
2441754.166182701,1
2441945.168811916,1
2442136.1714411303,1
2442327.1740703452,1
2442518.1766995597,1
2442709.1793287746,1
2442900.181957989,1
2443091.184587204,1
2443282.1872164183,1
2443473.189845633,1
2443664.192474848,1
2443855.1951040626,1
2444046.1977332775,1
2444237.200362492,1
2444428.202991707,1
2444619.205620921,1
2444810.208250136,1
2445001.2108793505,1
2445192.2135085654,1
2445383.21613778,1
2445574.218766995,1
2445765.221396209,1
2445956.224025424,1
2446147.2266546385,1
2446338.2292838534,1
2446529.231913068,1
2446720.2345422828,1
2446911.237171497,1
2447102.239800712,2
2447293.2424299265,1
2447484.2450591414,1
2447675.247688356,1
2447866.2503175708,1
2448057.252946785,2
2448248.255576,2
2448439.2582052145,2
2448630.2608344294,1
2448821.263463644,2
2449012.2660928587,2
2449203.268722073,2
2449394.271351288,3
2449585.2739805025,3
2449776.2766097174,3
2449967.279238932,3
2450158.2818681467,3
2450349.284497361,3
2450540.287126576,2
2450731.2897557905,2
2450922.2923850054,2
2451113.29501422,2
2451304.2976434347,2
2451495.3002726496,2
2451686.302901864,3
2451877.305531079,2
2452068.3081602934,2
2452259.3107895083,3
2452450.3134187227,3
2452641.3160479376,2
2452832.318677152,2
2453023.321306367,2
2453214.3239355814,2
2453405.3265647963,2
2453596.3291940107,2
2453787.3318232256,2
2453978.33445244,2
2454169.337081655,2
2454360.3397108694,2
2454551.3423400843,2
2454742.3449692987,2
2454933.3475985136,2
2455124.350227728,2
2455315.352856943,2
2455506.3554861574,2
2455697.3581153722,2
2455888.3607445867,2
2456079.3633738016,2
2456270.366003016,2
2456461.368632231,2
2456652.3712614453,2
2456843.3738906602,2
2457034.3765198747,2
2457225.3791490896,2
2457416.381778304,2
2457607.384407519,2
2457798.3870367333,2
2457989.389665948,2
2458180.3922951627,2
2458371.3949243776,2
2458562.397553592,2
2458753.400182807,2
2458944.402812022,2
2459135.405441236,2
2459326.408070451,2
2459517.4106996655,2
2459708.4133288804,2
2459899.415958095,2
2460090.41858731,2
2460281.421216524,2
2460472.423845739,2
2460663.4264749535,2
2460854.4291041684,2
2461045.431733383,2
2461236.4343625978,2
2461427.436991812,2
2461618.439621027,2
2461809.4422502415,2
2462000.4448794564,2
2462191.447508671,2
2462382.4501378858,2
2462573.4527671,2
2462764.455396315,2
2462955.4580255295,2
2463146.4606547444,2
2463337.463283959,2
2463528.4659131737,2
2463719.468542388,2
2463910.471171603,2
2464101.4738008175,2
2464292.4764300324,2
2464483.479059247,2
2464674.4816884617,2
2464865.484317676,2
2465056.486946891,2
2465247.4895761055,2
2465438.4922053204,2
2465629.494834535,2
2465820.4974637497,2
2466011.5000929646,2
2466202.502722179,2
2466393.5053513935,2
2466584.5079806084,2
2466775.5106098233,1
2466966.5132390377,1
2467157.5158682526,1
2467348.518497467,1
2467539.521126682,1
2467730.5237558964,1
2467921.5263851113,1
2468112.5290143257,1
2468303.5316435406,1
2468494.534272755,1
2468685.53690197,1
2468876.5395311844,1
2469067.5421603993,1
2469258.5447896137,1
2469449.5474188286,1
2469640.550048043,1
2469831.552677258,1
2470022.5553064723,1
2470213.5579356872,1
2470404.5605649017,1
2470595.5631941166,1
2470786.565823331,1
2470977.568452546,1
2471168.5710817603,1
2471359.5737109752,2
2471550.5763401897,2
2471741.5789694046,2
2471932.581598619,2
2472123.584227834,2
2472314.5868570483,2
2472505.589486263,2
2472696.5921154777,2
2472887.5947446926,2
2473078.597373907,2
2473269.600003122,2
2473460.6026323363,2
2473651.605261551,2
2473842.607890766,2
2474033.6105199805,2
2474224.6131491954,2
2474415.61577841,2
2474606.618407625,2
2474797.621036839,2
2474988.623666054,2
2475179.6262952685,2
2475370.6289244834,2
2475561.631553698,2
2475752.6341829128,2
2475943.636812127,2
2476134.639441342,2
2476325.6420705565,2
2476516.6446997714,2
2476707.647328986,2
2476898.6499582008,2
2477089.652587415,2
2477280.65521663,2
2477471.6578458445,2
2477662.6604750594,2
2477853.663104274,2
2478044.6657334887,2
2478235.668362703,2
2478426.670991918,2
2478617.6736211325,2
2478808.6762503474,2
2478999.678879562,2
2479190.6815087767,2
2479381.684137991,1
2479572.686767206,1
2479763.6893964205,2
2479954.6920256354,1
2480145.69465485,2
2480336.6972840647,2
2480527.699913279,2
2480718.702542494,2
2480909.705171709,1
2481100.7078009234,1
2481291.710430138,1
2481482.7130593527,2
2481673.7156885676,3
2481864.718317782,2
2482055.720946997,2
2482246.7235762114,2
2482437.7262054263,3
2482628.7288346407,2
2482819.7314638556,2
2483010.73409307,2
2483201.736722285,2
2483392.7393514994,2
2483583.7419807143,2
2483774.7446099287,2
2483965.7472391436,2
2484156.749868358,2
2484347.752497573,2
2484538.7551267873,2
2484729.7577560022,2
2484920.7603852167,2
2485111.7630144316,2
2485302.765643646,2
2485493.768272861,2
2485684.7709020753,2
2485875.7735312902,2
2486066.7761605047,2
2486257.7787897196,2
2486448.781418934,2
2486639.784048149,2
2486830.7866773633,2
2487021.789306578,2
2487212.7919357927,2
2487403.7945650076,2
2487594.797194222,2
2487785.799823437,2
2487976.8024526513,2
2488167.805081866,2
2488358.8077110806,2
2488549.8103402955,2
2488740.81296951,2
2488931.815598725,2
2489122.8182279393,2
2489313.820857154,2
2489504.823486369,2
2489695.8261155835,2
2489886.8287447984,2
2490077.831374013,2
2490268.8340032278,2
2490459.836632442,2
2490650.839261657,2
2490841.8418908715,2
2491032.8445200864,2
2491223.847149301,2
2491414.8497785158,2
2491605.85240773,2
2491796.855036945,2
2491987.8576661595,2
2492178.8602953744,3
2492369.862924589,2
2492560.8655538037,3
2492751.868183018,2
2492942.870812233,2
2493133.8734414475,2
2493324.8760706624,2
2493515.878699877,2
2493706.8813290917,2
2493897.883958306,2
2494088.886587521,2
2494279.8892167355,2
2494470.8918459504,2
2494661.894475165,2
2494852.8971043797,1
2495043.899733594,1
2495234.902362809,1
2495425.9049920235,1
2495616.9076212384,1
2495807.910250453,1
2495998.9128796677,1
2496189.915508882,1
2496380.918138097,1
2496571.920767312,1
2496762.9233965264,1
2496953.926025741,1
2497144.9286549557,1
2497335.9312841706,1
2497526.933913385,1
2497717.9365426,1
2497908.9391718144,1
2498099.9418010293,1
2498290.9444302437,1
2498481.9470594586,1
2498672.949688673,1
2498863.952317888,1
2499054.9549471023,2
2499245.9575763172,2
2499436.9602055317,2
2499627.9628347466,2
2499818.965463961,2
2500009.968093176,2
2500200.9707223903,2
2500391.9733516052,2
2500582.9759808197,2
2500773.9786100346,2
2500964.981239249,2
2501155.983868464,2
2501346.9864976783,2
2501537.989126893,2
2501728.9917561077,2
2501919.9943853226,2
2502110.997014537,2
2502301.999643752,2
2502493.0022729663,2
2502684.004902181,2
2502875.0075313956,2
2503066.0101606105,1
2503257.012789825,1
2503448.01541904,2
2503639.0180482543,2
2503830.020677469,2
2504021.0233066836,2
2504212.0259358985,2
2504403.028565113,2
2504594.031194328,2
2504785.0338235428,1
2504976.036452757,2
2505167.039081972,2
2505358.0417111865,1
2505549.0443404014,1
2505740.046969616,1
2505931.0495988308,1
2506122.052228045,1
2506313.05485726,1
2506504.0574864745,2
2506695.0601156894,2
2506886.062744904,2
2507077.0653741187,1
2507268.068003333,1
2507459.070632548,1
2507650.0732617625,1
2507841.0758909774,1
2508032.078520192,1
2508223.0811494067,1
2508414.083778621,2
2508605.086407836,2
2508796.0890370505,1
2508987.0916662654,1
2509178.09429548,2
2509369.0969246947,2
2509560.099553909,2
2509751.102183124,1
2509942.1048123385,2
2510133.1074415534,2
2510324.110070768,1
2510515.1126999827,1
2510706.115329197,1
2510897.117958412,1
2511088.1205876265,1
2511279.1232168414,1
2511470.125846056,1
2511661.1284752707,1
2511852.131104485,1
2512043.1337337,1
2512234.136362915,1
2512425.1389921294,2
2512616.1416213443,2
2512807.1442505587,2
2512998.1468797736,1
2513189.149508988,1
2513380.152138203,1
2513571.1547674173,1
2513762.1573966322,1
2513953.1600258467,1
2514144.1626550616,1
2514335.165284276,1
2514526.167913491,1
2514717.1705427053,1
2514908.1731719202,1
2515099.1758011347,1
2515290.1784303496,1
2515481.181059564,1
2515672.183688779,1
2515863.1863179933,2
2516054.188947208,2
2516245.1915764227,1
2516436.1942056376,1
2516627.196834852,2
2516818.199464067,2
2517009.2020932813,2
2517200.204722496,2
2517391.2073517106,2
2517582.2099809255,2
2517773.21261014,2
2517964.215239355,2
2518155.2178685693,2
2518346.220497784,2
2518537.2231269986,2
2518728.2257562135,1
2518919.228385428,2
2519110.231014643,2
2519301.2336438573,2
2519492.236273072,2
2519683.238902287,2
2519874.2415315015,2
2520065.244160716,1
2520256.246789931,1
2520447.2494191458,2
2520638.25204836,2
2520829.254677575,1
2521020.2573067895,2
2521211.2599360044,2
2521402.262565219,2
2521593.2651944337,1
2521784.267823648,1
2521975.270452863,1
2522166.2730820775,1
2522357.2757112924,1
2522548.278340507,2
2522739.2809697217,2
2522930.283598936,2
2523121.286228151,2
2523312.2888573655,2
2523503.2914865804,2
2523694.294115795,2
2523885.2967450097,2
2524076.299374224,2
2524267.302003439,2
2524458.3046326535,2
2524649.3072618684,2
2524840.309891083,2
2525031.3125202977,2
2525222.315149512,2
2525413.317778727,2
2525604.3204079415,2
2525795.3230371564,2
2525986.325666371,2
2526177.3282955857,2
2526368.3309248,2
2526559.333554015,2
2526750.3361832295,2
2526941.3388124444,2
2527132.3414416593,2
2527323.3440708737,2
2527514.3467000886,1
2527705.349329303,1
2527896.351958518,1
2528087.3545877323,1
2528278.3572169472,1
2528469.3598461617,1
2528660.3624753766,1
2528851.365104591,1
2529042.367733806,1
2529233.3703630203,1
2529424.3729922352,1
2529615.3756214497,1
2529806.3782506646,1
2529997.380879879,1
2530188.383509094,1
2530379.3861383083,1
2530570.388767523,1
2530761.3913967377,1
2530952.3940259526,1
2531143.396655167,1
2531334.399284382,1
2531525.4019135963,1
2531716.404542811,1
2531907.4071720256,1
2532098.4098012405,1
2532289.412430455,1
2532480.41505967,1
2532671.4176888843,1
2532862.420318099,1
2533053.4229473136,1
2533244.4255765285,1
2533435.428205743,1
2533626.430834958,1
2533817.4334641723,1
2534008.436093387,1
2534199.4387226016,1
2534390.4413518165,1
2534581.443981031,1
2534772.446610246,1
2534963.4492394608,1
2535154.451868675,1
2535345.45449789,1
2535536.4571271045,1
2535727.4597563194,1
2535918.462385534,1
2536109.4650147487,1
2536300.467643963,1
2536491.470273178,1
2536682.4729023925,1
2536873.4755316074,1
2537064.478160822,1
2537255.4807900367,1
2537446.483419251,1
2537637.486048466,1
2537828.4886776805,1
2538019.4913068954,1
2538210.49393611,1
2538401.4965653247,1
2538592.499194539,1
2538783.501823754,1
2538974.5044529685,1
2539165.5070821834,1
2539356.509711398,1
2539547.5123406127,1
2539738.514969827,1
2539929.517599042,1
2540120.5202282565,1
2540311.5228574714,1
2540502.525486686,1
2540693.5281159007,1
2540884.530745115,1
2541075.53337433,1
2541266.5360035445,1
2541457.5386327594,1
2541648.541261974,1
2541839.5438911887,1
2542030.546520403,1
2542221.549149618,1
2542412.5517788325,1
2542603.5544080473,1
2542794.5570372622,1
2542985.5596664767,1
2543176.5622956916,1
2543367.564924906,1
2543558.567554121,1
2543749.5701833353,1
2543940.5728125502,1
2544131.5754417647,1
2544322.5780709796,1
2544513.580700194,1
2544704.583329409,1
2544895.5859586233,1
2545086.588587838,1
2545277.5912170527,1
2545468.5938462676,1
2545659.596475482,1
2545850.599104697,1
2546041.6017339113,2
2546232.604363126,2
2546423.6069923406,2
2546614.6096215555,2
2546805.61225077,2
2546996.614879985,2
2547187.6175091993,2
2547378.620138414,2
2547569.6227676286,2
2547760.6253968435,2
2547951.628026058,2
2548142.630655273,2
2548333.6332844873,2
2548524.635913702,2
2548715.6385429166,2
2548906.6411721315,2
2549097.643801346,3
2549288.646430561,2
2549479.6490597753,2
2549670.65168899,2
2549861.6543182046,2
2550052.6569474195,2
2550243.659576634,3
2550434.662205849,3
2550625.6648350637,3
2550816.667464278,3
2551007.670093493,3
2551198.6727227075,3
2551389.6753519224,3
2551580.677981137,3
2551771.6806103517,3
2551962.683239566,3
2552153.685868781,3
2552344.6884979955,2
2552535.6911272104,3
2552726.693756425,2
2552917.6963856397,2
2553108.699014854,2
2553299.701644069,2
2553490.7042732835,2
2553681.7069024984,2
2553872.709531713,2
2554063.7121609277,2
2554254.714790142,2
2554445.717419357,2
2554636.7200485715,2
2554827.7226777864,2
2555018.725307001,2
2555209.7279362157,2
2555400.73056543,2
2555591.733194645,2
2555782.7358238595,2
2555973.7384530744,2
2556164.741082289,2
2556355.7437115037,2
2556546.746340718,2
2556737.748969933,2
2556928.7515991475,2
2557119.7542283623,2
2557310.756857577,2
2557501.7594867917,3
2557692.7621160066,3
2557883.764745221,2
2558074.767374436,2
2558265.7700036503,2
2558456.7726328652,2
2558647.7752620797,2
2558838.7778912946,2
2559029.780520509,2
2559220.783149724,2
2559411.7857789383,2
2559602.788408153,2
2559793.7910373677,2
2559984.7936665826,2
2560175.796295797,2
2560366.798925012,2
2560557.8015542263,2
2560748.804183441,2
2560939.8068126556,2
2561130.8094418705,2
2561321.812071085,2
2561512.8147003,2
2561703.8173295143,2
2561894.819958729,2
2562085.8225879436,2
2562276.8252171585,2
2562467.827846373,2
2562658.830475588,2
2562849.8331048023,2
2563040.835734017,2
2563231.8383632316,2
2563422.8409924465,2
2563613.843621661,3
2563804.846250876,2
2563995.8488800903,2
2564186.851509305,2
2564377.8541385196,2
2564568.8567677345,2
2564759.859396949,2
2564950.862026164,2
2565141.8646553783,2
2565332.867284593,2
2565523.869913808,2
2565714.8725430225,2
2565905.875172237,2
2566096.877801452,2
2566287.8804306667,2
2566478.883059881,2
2566669.885689096,2
2566860.8883183105,2
2567051.8909475254,2
2567242.89357674,2
2567433.8962059547,2
2567624.898835169,2
2567815.901464384,2
2568006.9040935985,2
2568197.9067228134,2
2568388.909352028,3
2568579.9119812427,2
2568770.914610457,2
2568961.917239672,2
2569152.9198688865,2
2569343.9224981014,2
2569534.925127316,2
2569725.9277565307,2
2569916.930385745,2
2570107.93301496,2
2570298.9356441745,2
2570489.9382733894,2
2570680.940902604,2
2570871.9435318187,2
2571062.946161033,2
2571253.948790248,2
2571444.9514194624,2
2571635.9540486773,2
2571826.956677892,2
2572017.9593071067,2
2572208.961936321,2
2572399.964565536,2
2572590.967194751,2
2572781.9698239653,2
2572972.97245318,2
2573163.9750823947,2
2573354.9777116096,2
2573545.980340824,2
2573736.982970039,2
2573927.9855992533,2
2574118.988228468,2
2574309.9908576827,2
2574500.9934868976,2
2574691.996116112,2
2574882.998745327,2
2575074.0013745413,2
2575265.004003756,2
2575456.0066329706,2
2575647.0092621855,2
2575838.0118914,2
2576029.014520615,2
2576220.0171498293,2
2576411.019779044,2
2576602.0224082586,2
2576793.0250374735,2
2576984.027666688,2
2577175.030295903,2
2577366.0329251173,2
2577557.035554332,2
2577748.0381835466,2
2577939.0408127615,2
2578130.043441976,2
2578321.046071191,2
2578512.0487004053,2
2578703.05132962,2
2578894.0539588346,2
2579085.0565880495,2
2579276.059217264,2
2579467.061846479,2
2579658.0644756933,2
2579849.067104908,2
2580040.0697341226,2
2580231.0723633375,2
2580422.0749925524,2
2580613.077621767,2
2580804.0802509813,2
2580995.082880196,2
2581186.085509411,2
2581377.0881386255,2
2581568.09076784,2
2581759.093397055,2
2581950.0960262697,2
2582141.098655484,2
2582332.101284699,2
2582523.1039139135,2
2582714.1065431284,2
2582905.109172343,2
2583096.1118015577,2
2583287.114430772,2
2583478.117059987,2
2583669.1196892015,2
2583860.1223184164,2
2584051.124947631,2
2584242.1275768457,2
2584433.13020606,2
2584624.132835275,2
2584815.1354644895,2
2585006.1380937044,2
2585197.140722919,2
2585388.1433521337,2
2585579.145981348,2
2585770.148610563,2
2585961.1512397774,2
2586152.1538689923,2
2586343.156498207,2
2586534.1591274217,2
2586725.161756636,2
2586916.164385851,2
2587107.1670150654,2
2587298.1696442803,2
2587489.172273495,2
2587680.1749027097,2
2587871.177531924,2
2588062.180161139,2
2588253.182790354,2
2588444.1854195683,2
2588635.188048783,2
2588826.1906779977,2
2589017.1933072126,2
2589208.195936427,2
2589399.198565642,2
2589590.2011948563,2
2589781.203824071,2
2589972.2064532856,2
2590163.2090825005,1
2590354.211711715,1
2590545.21434093,1
2590736.2169701443,1
2590927.219599359,1
2591118.2222285736,1
2591309.2248577885,1
2591500.227487003,1
2591691.230116218,1
2591882.2327454323,1
2592073.235374647,1
2592264.2380038616,1
2592455.2406330765,1
2592646.243262291,1
2592837.245891506,1
2593028.2485207203,1
2593219.251149935,1
2593410.2537791496,2
2593601.2564083645,2
2593792.259037579,2
2593983.261666794,2
2594174.2642960083,2
2594365.266925223,2
2594556.2695544376,2
2594747.2721836525,2
2594938.274812867,2
2595129.277442082,2
2595320.2800712967,2
2595511.282700511,2
2595702.2853297256,2
2595893.2879589405,2
2596084.290588155,2
2596275.29321737,2
2596466.2958465847,2
2596657.298475799,2
2596848.301105014,2
2597039.3037342285,2
2597230.3063634434,3
2597421.308992658,3
2597612.3116218727,3
2597803.314251087,3
2597994.316880302,4
2598185.3195095165,4
2598376.3221387314,4
2598567.324767946,4
2598758.3273971607,4
2598949.330026375,4
2599140.33265559,4
2599331.3352848045,4
2599522.3379140194,4
2599713.340543234,4
2599904.3431724487,4
2600095.345801663,4
2600286.348430878,3
2600477.3510600924,2
2600668.3536893073,2
2600859.356318522,2
2601050.3589477367,2
2601241.361576951,1
2601432.364206166,1
2601623.3668353804,2
2601814.3694645953,2
2602005.37209381,2
2602196.3747230247,2
2602387.377352239,2
2602578.379981454,2
2602769.3826106684,2
2602960.3852398833,2
2603151.387869098,3
2603342.3904983127,3
2603533.3931275276,3
2603724.395756742,3
2603915.398385957,3
2604106.4010151713,3
2604297.4036443857,3
2604488.4062736006,3
2604679.4089028155,3
2604870.41153203,3
2605061.414161245,3
2605252.4167904593,3
2605443.419419674,3
2605634.4220488886,8
2605825.4246781035,5
2606016.427307318,3
2606207.429936533,3
2606398.4325657473,2
2606589.435194962,3
2606780.4378241766,3
2606971.4404533915,3
2607162.443082606,3
2607353.445711821,3
2607544.4483410353,3
2607735.45097025,3
2607926.4535994646,3
2608117.4562286795,3
2608308.458857894,3
2608499.461487109,3
2608690.4641163233,3
2608881.466745538,4
2609072.4693747526,3
2609263.4720039675,3
2609454.474633182,3
2609645.477262397,3
2609836.4798916113,4
2610027.482520826,5
2610218.4851500406,4
2610409.4877792555,3
2610600.49040847,3
2610791.493037685,4
2610982.4956668997,4
2611173.498296114,4
2611364.5009253286,3
2611555.5035545435,4
2611746.5061837584,4
2611937.508812973,4
2612128.5114421877,3
2612319.514071402,3
2612510.516700617,3
2612701.5193298315,3
2612892.5219590464,3
2613083.524588261,3
2613274.5272174757,3
2613465.52984669,3
2613656.532475905,3
2613847.5351051195,3
2614038.5377343344,3
2614229.540363549,2
2614420.5429927637,3
2614611.545621978,4
2614802.548251193,4
2614993.5508804074,4
2615184.5535096223,4
2615375.556138837,4
2615566.5587680517,4
2615757.561397266,4
2615948.564026481,4
2616139.5666556954,4
2616330.5692849103,4
2616521.571914125,4
2616712.5745433397,4
2616903.577172554,4
2617094.579801769,4
2617285.5824309834,5
2617476.5850601983,4
2617667.5876894128,4
2617858.5903186277,4
2618049.5929478426,4
2618240.595577057,5
2618431.598206272,5
2618622.6008354863,5
2618813.603464701,5
2619004.6060939156,5
2619195.60872313,5
2619386.611352345,5
2619577.61398156,5
2619768.6166107743,5
2619959.619239989,5
2620150.6218692036,5
2620341.6244984185,5
2620532.627127633,5
2620723.629756848,5
2620914.6323860623,5
2621105.635015277,5
2621296.6376444916,5
2621487.6402737065,6
2621678.642902921,6
2621869.645532136,6
2622060.6481613503,6
2622251.650790565,6
2622442.6534197796,5
2622633.6560489945,6
2622824.658678209,5
2623015.661307424,5
2623206.6639366383,5
2623397.666565853,5
2623588.6691950676,5
2623779.6718242825,5
2623970.674453497,5
2624161.677082712,5
2624352.6797119263,5
2624543.682341141,3
2624734.6849703556,4
2624925.6875995705,3
2625116.690228785,3
2625307.692858,3
2625498.6954872147,3
2625689.698116429,3
2625880.7007456436,3
2626071.7033748585,3
2626262.706004073,3
2626453.708633288,3
2626644.7112625027,3
2626835.713891717,3
2627026.716520932,4
2627217.7191501465,4
2627408.7217793614,4
2627599.724408576,4
2627790.72703779,5
2627981.729667005,4
2628172.73229622,5
2628363.7349254345,4
2628554.7375546494,4
2628745.740183864,4
2628936.7428130787,6
2629127.745442293,4
2629318.748071508,4
2629509.7507007224,5
2629700.7533299373,5
2629891.755959152,5
2630082.7585883667,5
2630273.761217581,5
2630464.763846796,5
2630655.7664760104,5
2630846.7691052253,5
2631037.77173444,5
2631228.7743636547,5
2631419.776992869,5
2631610.779622084,4
2631801.7822512984,4
2631992.7848805133,5
2632183.7875097278,4
2632374.7901389427,4
2632565.792768157,4
2632756.795397372,4
2632947.798026587,4
2633138.8006558013,4
2633329.8032850157,4
2633520.8059142306,4
2633711.8085434455,5
2633902.81117266,4
2634093.8138018744,4
2634284.8164310893,4
2634475.8190603037,4
2634666.8216895186,4
2634857.8243187335,4
2635048.826947948,4
2635239.829577163,4
2635430.8322063773,4
2635621.834835592,3
2635812.8374648066,4
2636003.8400940215,3
2636194.842723236,3
2636385.845352451,3
2636576.8479816653,3
2636767.85061088,3
2636958.8532400946,3
2637149.8558693095,3
2637340.858498524,3
2637531.861127739,3
2637722.8637569533,3
2637913.866386168,3
2638104.8690153826,4
2638295.8716445975,4
2638486.874273812,3
2638677.876903027,4
2638868.8795322413,4
2639059.882161456,4
2639250.8847906706,3
2639441.8874198855,3
2639632.8900491,3
2639823.892678315,4
2640014.8953075293,3
2640205.897936744,3
2640396.9005659586,4
2640587.9031951735,3
2640778.9058243884,3
2640969.908453603,3
2641160.9110828172,3
2641351.913712032,4
2641542.9163412466,2
2641733.9189704615,2
2641924.921599676,2
2642115.924228891,2
2642306.9268581057,2
2642497.92948732,2
2642688.932116535,2
2642879.9347457495,3
2643070.9373749644,2
2643261.940004179,2
2643452.9426333937,2
2643643.945262608,3
2643834.947891823,3
2644025.9505210374,3
2644216.9531502523,4
2644407.955779467,3
2644598.9584086817,6
2644789.961037896,4
2644980.963667111,4
2645171.9662963254,3
2645362.9689255403,3
2645553.971554755,3
2645744.9741839697,3
2645935.976813184,3
2646126.979442399,4
2646317.9820716134,4
2646508.9847008283,5
2646699.9873300428,4
2646890.9899592577,5
2647081.992588472,5
2647272.995217687,4
2647463.9978469014,4
2647655.0004761163,4
2647846.0031053307,4
2648037.0057345456,4
2648228.00836376,4
2648419.010992975,4
2648610.0136221894,4
2648801.0162514043,4
2648992.018880619,4
2649183.0215098336,4
2649374.0241390485,4
2649565.026768263,4
2649756.029397478,4
2649947.0320266923,4
2650138.034655907,4
2650329.0372851216,4
2650520.0399143365,4
2650711.042543551,4
2650902.045172766,4
2651093.0478019803,4
2651284.050431195,4
2651475.0530604096,5
2651666.0556896245,5
2651857.058318839,5
2652048.060948054,5
2652239.0635772683,5
2652430.066206483,5
2652621.0688356976,5
2652812.0714649125,5
2653003.074094127,5
2653194.076723342,5
2653385.0793525563,5
2653576.081981771,5
2653767.0846109856,5
2653958.0872402005,5
2654149.089869415,5
2654340.09249863,5
2654531.0951278443,5
2654722.097757059,5
2654913.1003862736,4
2655104.1030154885,4
2655295.105644703,5
2655486.108273918,4
2655677.1109031322,4
2655868.113532347,4
2656059.1161615616,4
2656250.1187907765,5
2656441.1214199914,4
2656632.124049206,4
2656823.12667842,4
2657014.129307635,4
2657205.13193685,4
2657396.1345660645,4
2657587.1371952794,3
2657778.139824494,4
2657969.1424537087,4
2658160.145082923,4
2658351.147712138,4
2658542.1503413524,4
2658733.1529705673,4
2658924.155599782,4
2659115.1582289967,4
2659306.160858211,5
2659497.163487426,5
2659688.1661166404,5
2659879.1687458553,6
2660070.17137507,6
2660261.1740042847,6
2660452.176633499,6
2660643.179262714,6
2660834.1818919284,6
2661025.1845211433,6
2661216.1871503578,7
2661407.1897795727,6
2661598.192408787,6
2661789.195038002,6
2661980.1976672164,6
2662171.2002964313,6
2662362.2029256457,6
2662553.2055548606,6
2662744.208184075,6
2662935.21081329,5
2663126.2134425044,5
2663317.2160717193,5
2663508.2187009337,5
2663699.2213301486,5
2663890.223959363,4
2664081.226588578,4
2664272.229217793,4
2664463.2318470073,4
2664654.2344762217,4
2664845.2371054366,4
2665036.2397346515,4
2665227.242363866,5
2665418.244993081,4
2665609.2476222953,5
2665800.2502515097,5
2665991.2528807246,5
2666182.2555099395,5
2666373.258139154,6
2666564.260768369,6
2666755.2633975833,6
2666946.266026798,5
2667137.2686560126,5
2667328.2712852275,6
2667519.273914442,5
2667710.276543657,5
2667901.2791728713,4
2668092.281802086,5
2668283.2844313006,5
2668474.2870605155,5
2668665.28968973,5
2668856.292318945,5
2669047.2949481593,5
2669238.297577374,4
2669429.3002065886,4
2669620.3028358035,4
2669811.305465018,4
2670002.308094233,5
2670193.3107234472,5
2670384.313352662,4
2670575.3159818766,4
2670766.3186110915,4
2670957.321240306,4
2671148.323869521,3
2671339.3264987357,3
2671530.32912795,4
2671721.3317571646,4
2671912.3343863795,4
2672103.3370155944,3
2672294.339644809,5
2672485.342274023,5
2672676.344903238,5
2672867.3475324525,4
2673058.3501616674,5
2673249.3527908823,5
2673440.355420097,5
2673631.3580493117,4
2673822.360678526,3
2674013.363307741,3
2674204.3659369554,3
2674395.3685661703,4
2674586.3711953848,4
2674777.3738245997,4
2674968.376453814,4
2675159.379083029,4
2675350.3817122434,4
2675541.3843414583,4
2675732.3869706728,4
2675923.3895998877,4
2676114.392229102,4
2676305.394858317,5
2676496.3974875314,5
2676687.4001167463,5
2676878.4027459607,5
2677069.4053751756,6
2677260.40800439,6
2677451.410633605,6
2677642.4132628194,5
2677833.4158920343,5
2678024.4185212487,5
2678215.4211504636,5
2678406.423779678,5
2678597.426408893,5
2678788.4290381074,5
2678979.4316673223,5
2679170.4342965367,5
2679361.4369257516,4
2679552.439554966,5
2679743.442184181,4
2679934.444813396,5
2680125.4474426103,4
2680316.4500718247,5
2680507.4527010396,5
2680698.4553302545,5
2680889.457959469,5
2681080.460588684,6
2681271.4632178983,4
2681462.465847113,4
2681653.4684763276,4
2681844.4711055425,5
2682035.473734757,5
2682226.476363972,5
2682417.4789931863,5
2682608.481622401,5
2682799.4842516156,4
2682990.4868808305,4
2683181.489510045,4
2683372.49213926,4
2683563.4947684743,3
2683754.497397689,3
2683945.5000269036,3
2684136.5026561185,4
2684327.505285333,4
2684518.507914548,4
2684709.5105437622,4
2684900.513172977,5
2685091.5158021916,4
2685282.5184314065,4
2685473.521060621,5
2685664.523689836,5
2685855.52631905,5
2686046.528948265,5
2686237.5315774796,5
2686428.5342066945,5
2686619.536835909,5
2686810.539465124,5
2687001.5420943387,4
2687192.544723553,4
2687383.5473527675,4
2687574.5499819824,3
2687765.5526111973,4
2687956.555240412,5
2688147.557869626,5
2688338.560498841,5
2688529.563128056,5
2688720.5657572704,5
2688911.568386485,5
2689102.5710156998,5
2689293.5736449147,5
2689484.576274129,5
2689675.578903344,4
2689866.5815325584,3
2690057.5841617733,3
2690248.5867909878,3
2690439.5894202027,5
2690630.592049417,4
2690821.594678632,3
2691012.5973078464,3
2691203.5999370613,3
2691394.6025662757,3
2691585.6051954906,3
2691776.607824705,3
2691967.61045392,3
2692158.6130831344,3
2692349.6157123493,3
2692540.6183415637,3
2692731.6209707786,3
2692922.623599993,3
2693113.626229208,3
2693304.6288584224,3
2693495.6314876373,3
2693686.6341168517,3
2693877.6367460666,3
2694068.6393752815,3
2694259.642004496,3
2694450.6446337104,4
2694641.6472629253,4
2694832.64989214,4
2695023.6525213546,4
2695214.655150569,5
2695405.657779784,4
2695596.660408999,4
2695787.6630382133,4
2695978.665667428,4
2696169.6682966426,4
2696360.6709258575,4
2696551.673555072,4
2696742.676184287,4
2696933.6788135013,4
2697124.681442716,4
2697315.6840719306,4
2697506.6867011455,4
2697697.68933036,4
2697888.691959575,4
2698079.6945887893,4
2698270.697218004,4
2698461.6998472186,3
2698652.7024764335,3
2698843.705105648,3
2699034.707734863,3
2699225.7103640772,3
2699416.712993292,3
2699607.7156225066,3
2699798.7182517215,3
2699989.720880936,3
2700180.723510151,4
2700371.7261393657,5
2700562.72876858,4
2700753.7313977946,4
2700944.7340270095,3
2701135.736656224,3
2701326.739285439,3
2701517.741914653,3
2701708.744543868,3
2701899.7471730825,3
2702090.7498022974,3
2702281.752431512,4
2702472.755060727,4
2702663.7576899417,4
2702854.760319156,4
2703045.7629483705,4
2703236.7655775854,3
2703427.7682068003,5
2703618.7708360148,4
2703809.7734652297,4
2704000.776094444,4
2704191.778723659,5
2704382.7813528734,6
2704573.7839820883,5
2704764.7866113028,5
2704955.7892405177,5
2705146.791869732,5
2705337.794498947,6
2705528.7971281614,6
2705719.7997573763,6
2705910.8023865907,6
2706101.8050158056,6
2706292.80764502,5
2706483.810274235,4
2706674.8129034494,4
2706865.8155326643,4
2707056.8181618787,4
2707247.8207910936,4
2707438.823420308,4
2707629.826049523,4
2707820.8286787374,5
2708011.8313079523,3
2708202.8339371667,3
2708393.8365663816,5
2708584.839195596,4
2708775.841824811,4
2708966.8444540254,4
2709157.8470832403,3
2709348.8497124547,3
2709539.8523416696,3
2709730.8549708845,4
2709921.857600099,4
2710112.860229314,4
2710303.8628585283,4
2710494.865487743,4
2710685.8681169576,4
2710876.870746172,5
2711067.873375387,5
2711258.876004602,5
2711449.8786338163,5
2711640.881263031,5
2711831.8838922456,7
2712022.8865214605,5
2712213.889150675,5
2712404.89177989,5
2712595.8944091043,5
2712786.897038319,5
2712977.8996675336,5
2713168.9022967485,5
2713359.904925963,5
2713550.907555178,5
2713741.9101843922,5
2713932.912813607,5
2714123.9154428216,5
2714314.9180720365,5
2714505.920701251,5
2714696.923330466,5
2714887.92595968,6
2715078.928588895,6
2715269.9312181096,5
2715460.9338473245,5
2715651.936476539,5
2715842.939105754,5
2716033.941734968,5
2716224.944364183,5
2716415.9469933975,5
2716606.9496226124,6
2716797.952251827,5
2716988.954881042,5
2717179.957510256,5
2717370.960139471,5
2717561.962768686,6
2717752.9653979004,5
2717943.968027115,5
2718134.9706563298,6
2718325.9732855447,5
2718516.975914759,5
2718707.9785439735,6
2718898.9811731884,6
2719089.9838024033,6
2719280.9864316178,5
2719471.9890608327,6
2719662.991690047,6
2719853.994319262,5
2720044.9969484764,5
2720235.9995776913,5
2720427.0022069057,5
2720618.0048361206,6
2720809.007465335,6
2721000.01009455,5
2721191.0127237644,4
2721382.0153529793,4
2721573.0179821937,4
2721764.0206114086,4
2721955.023240623,6
2722146.025869838,5
2722337.0284990524,5
2722528.0311282673,5
2722719.0337574817,5
2722910.0363866966,5
2723101.039015911,5
2723292.041645126,5
2723483.0442743404,5
2723674.0469035553,5
2723865.0495327697,5
2724056.0521619846,6
2724247.054791199,5
2724438.057420414,5
2724629.060049629,5
2724820.0626788433,5
2725011.0653080577,6
2725202.0679372726,5
2725393.0705664875,5
2725584.073195702,5
2725775.075824917,5
2725966.0784541313,5
2726157.081083346,5
2726348.0837125606,5
2726539.0863417755,7
2726730.08897099,5
2726921.091600205,5
2727112.0942294193,5
2727303.0968586337,6
2727494.0994878486,5
2727685.1021170635,5
2727876.104746278,5
2728067.107375493,5
2728258.1100047072,6
2728449.112633922,5
2728640.1152631366,4
2728831.1178923515,4
2729022.120521566,4
2729213.123150781,4
2729404.125779995,4
2729595.12840921,4
2729786.1310384246,4
2729977.1336676395,4
2730168.136296854,7
2730359.138926069,5
2730550.141555283,4
2730741.144184498,4
2730932.1468137125,5
2731123.1494429274,4
2731314.152072142,4
2731505.154701357,4
2731696.157330571,5
2731887.159959786,5
2732078.1625890005,5
2732269.1652182154,6
2732460.1678474303,6
2732651.1704766448,5
2732842.173105859,6
2733033.175735074,5
2733224.1783642885,5
2733415.1809935034,5
2733606.183622718,5
2733797.1862519328,5
2733988.1888811477,5
2734179.191510362,6
2734370.194139577,6
2734561.1967687914,5
2734752.1993980063,6
2734943.2020272207,7
2735134.2046564356,7
2735325.20728565,5
2735516.209914865,5
2735707.2125440794,5
2735898.2151732943,5
2736089.2178025087,5
2736280.2204317236,5
2736471.223060938,5
2736662.225690153,5
2736853.2283193674,5
2737044.2309485823,5
2737235.2335777967,5
2737426.2362070116,5
2737617.238836226,5
2737808.241465441,5
2737999.2440946554,5
2738190.2467238703,5
2738381.2493530847,5
2738572.2519822996,5
2738763.254611514,5
2738954.257240729,5
2739145.2598699434,5
2739336.2624991583,5
2739527.2651283727,5
2739718.2677575876,5
2739909.270386802,5
2740100.273016017,5
2740291.275645232,5
2740482.2782744463,5
2740673.2809036607,5
2740864.2835328756,5
2741055.2861620905,5
2741246.288791305,5
2741437.2914205194,5
2741628.2940497342,5
2741819.296678949,5
2742010.2993081636,5
2742201.3019373785,5
2742392.304566593,5
2742583.307195808,5
2742774.3098250222,5
2742965.3124542367,5
2743156.3150834516,5
2743347.3177126665,5
2743538.320341881,5
2743729.322971096,5
2743920.32560031,5
2744111.328229525,5
2744302.3308587396,5
2744493.3334879545,5
2744684.336117169,5
2744875.338746384,5
2745066.341375598,5
2745257.344004813,5
2745448.3466340275,5
2745639.3492632424,5
2745830.351892457,5
2746021.354521672,5
2746212.357150886,5
2746403.359780101,5
2746594.362409316,5
2746785.3650385304,5
2746976.367667745,5
2747167.3702969598,5
2747358.372926174,5
2747549.375555389,5
2747740.3781846035,5
2747931.3808138184,5
2748122.3834430333,5
2748313.3860722478,5
2748504.388701462,5
2748695.391330677,5
2748886.393959892,5
2749077.3965891064,5
2749268.399218321,5
2749459.4018475357,5
2749650.4044767506,4
2749841.407105965,5
2750032.40973518,4
2750223.4123643944,5
2750414.4149936093,5
2750605.4176228237,5
2750796.4202520386,5
2750987.422881253,5
2751178.425510468,5
2751369.4281396824,5
2751560.4307688973,5
2751751.4333981117,5
2751942.4360273266,4
2752133.438656541,5
2752324.441285756,5
2752515.4439149704,5
2752706.4465441853,5
2752897.4491733997,5
2753088.4518026146,5
2753279.454431829,5
2753470.457061044,5
2753661.4596902584,5
2753852.4623194733,5
2754043.4649486877,4
2754234.4675779026,4
2754425.470207117,4
2754616.472836332,4
2754807.4754655464,6
2754998.4780947613,4
2755189.480723976,4
2755380.4833531906,4
2755571.485982405,4
2755762.48861162,4
2755953.491240835,4
2756144.4938700492,4
2756335.4964992637,5
2756526.4991284786,4
2756717.5017576935,4
2756908.504386908,4
2757099.507016123,4
2757290.5096453372,4
2757481.512274552,4
2757672.5149037666,4
2757863.517532981,4
2758054.520162196,4
2758245.522791411,4
2758436.525420625,3
2758627.52804984,3
2758818.5306790546,3
2759009.5333082695,4
2759200.535937484,6
2759391.538566699,4
2759582.541195913,4
2759773.543825128,4
2759964.5464543425,4
2760155.5490835574,4
2760346.551712772,5
2760537.554341987,5
2760728.5569712017,5
2760919.559600416,5
2761110.5622296305,5
2761301.5648588454,5
2761492.56748806,5
2761683.5701172748,5
2761874.572746489,5
2762065.575375704,5
2762256.578004919,5
2762447.5806341334,5
2762638.583263348,5
2762829.5858925628,5
2763020.5885217777,5
2763211.591150992,5
2763402.5937802065,5
2763593.5964094214,6
2763784.5990386363,5
2763975.6016678507,5
2764166.604297065,5
2764357.60692628,5
2764548.609555495,5
2764739.6121847094,5
2764930.6148139243,5
2765121.6174431387,5
2765312.6200723536,5
2765503.622701568,5
2765694.625330783,5
2765885.6279599974,4
2766076.6305892123,4
2766267.6332184267,4
2766458.6358476416,4
2766649.638476856,4
2766840.641106071,5
2767031.6437352854,4
2767222.6463645003,4
2767413.6489937147,4
2767604.6516229296,4
2767795.654252144,4
2767986.656881359,4
2768177.6595105734,4
2768368.6621397883,4
2768559.6647690027,4
2768750.6673982176,4
2768941.670027432,4
2769132.672656647,4
2769323.675285862,4
2769514.6779150763,4
2769705.6805442907,3
2769896.6831735056,4
2770087.6858027205,5
2770278.688431935,5
2770469.69106115,5
2770660.6936903642,5
2770851.696319579,5
2771042.6989487936,5
2771233.701578008,5
2771424.704207223,5
2771615.7068364373,5
2771806.7094656522,5
2771997.7120948667,5
2772188.7147240816,5
2772379.7173532965,5
2772570.719982511,5
2772761.722611726,5
2772952.72524094,4
2773143.727870155,4
2773334.7304993696,4
2773525.7331285845,4
2773716.735757799,4
2773907.738387014,4
2774098.741016228,4
2774289.743645443,4
2774480.7462746575,4
2774671.7489038724,4
2774862.751533087,4
2775053.754162302,4
2775244.756791516,4
2775435.759420731,3
2775626.7620499455,3
2775817.7646791604,3
2776008.767308375,3
2776199.7699375898,3
2776390.772566804,3
2776581.775196019,3
2776772.7778252335,3
2776963.7804544484,3
2777154.783083663,3
2777345.7857128778,3
2777536.788342092,3
2777727.790971307,3
2777918.793600522,3
2778109.7962297364,3
2778300.798858951,3
2778491.8014881657,3
2778682.8041173806,3
2778873.806746595,3
2779064.8093758095,3
2779255.8120050244,3
2779446.8146342393,3
2779637.8172634537,3
2779828.8198926686,3
2780019.822521883,3
2780210.825151098,3
2780401.8277803124,3
2780592.8304095273,3
2780783.8330387417,3
2780974.8356679566,3
2781165.838297171,3
2781356.840926386,3
2781547.8435556004,3
2781738.8461848153,3
2781929.8488140297,3
2782120.8514432446,3
2782311.854072459,3
2782502.856701674,3
2782693.8593308884,3
2782884.8619601033,3
2783075.8645893177,3
2783266.8672185326,3
2783457.869847747,3
2783648.872476962,3
2783839.8751061764,3
2784030.8777353913,3
2784221.8803646057,3
2784412.8829938206,3
2784603.885623035,3
2784794.88825225,3
2784985.8908814644,3
2785176.8935106792,3
2785367.8961398937,3
2785558.8987691086,3
2785749.901398323,3
2785940.904027538,3
2786131.9066567523,3
2786322.9092859672,3
2786513.911915182,3
2786704.9145443966,3
2786895.917173611,3
2787086.919802826,3
2787277.922432041,3
2787468.925061255,3
2787659.92769047,3
2787850.9303196846,3
2788041.9329488995,3
2788232.935578114,3
2788423.938207329,3
2788614.940836543,3
2788805.943465758,3
2788996.9460949725,3
2789187.9487241874,3
2789378.951353402,3
2789569.953982617,3
2789760.956611831,3
2789951.959241046,3
2790142.9618702605,3
2790333.9644994754,3
2790524.96712869,3
2790715.9697579048,3
2790906.972387119,3
2791097.975016334,3
2791288.977645549,3
2791479.9802747634,3
2791670.982903978,3
2791861.9855331928,3
2792052.988162407,3
2792243.990791622,3
2792434.9934208365,3
2792625.9960500514,3
2792816.998679266,3
2793008.0013084807,3
2793199.003937695,3
2793390.00656691,3
2793581.0091961245,3
2793772.0118253394,3
2793963.014454554,3
2794154.0170837687,3
2794345.0197129836,3
2794536.022342198,3
2794727.0249714125,3
2794918.0276006274,3
2795109.0302298423,3
2795300.0328590567,3
2795491.035488271,3
2795682.038117486,3
2795873.040746701,3
2796064.0433759154,3
2796255.0460051303,3
2796446.0486343447,3
2796637.0512635596,3
2796828.053892774,3
2797019.056521989,3
2797210.0591512034,3
2797401.0617804183,3
2797592.0644096327,3
2797783.0670388476,3
2797974.069668062,3
2798165.072297277,3
2798356.0749264914,3
2798547.0775557063,3
2798738.0801849207,3
2798929.0828141356,3
2799120.0854433505,3
2799311.088072565,3
2799502.0907017794,3
2799693.0933309942,3
2799884.0959602087,3
2800075.0985894236,3
2800266.101218638,3
2800457.103847853,4
2800648.1064770673,4
2800839.1091062822,4
2801030.111735497,4
2801221.1143647116,4
2801412.1169939265,4
2801603.119623141,4
2801794.1222523553,4
2801985.12488157,5
2802176.127510785,5
2802367.1301399996,4
2802558.132769214,5
2802749.135398429,5
2802940.138027644,5
2803131.140656858,4
2803322.1432860726,3
2803513.1459152875,3
2803704.1485445024,3
2803895.151173717,3
2804086.153802932,3
2804277.156432146,4
2804468.159061361,3
2804659.1616905755,3
2804850.1643197904,3
2805041.166949005,3
2805232.1695782198,3
2805423.172207434,3
2805614.174836649,3
2805805.1774658635,4
2805996.1800950784,5
2806187.182724293,4
2806378.1853535078,3
2806569.187982722,5
2806760.190611937,5
2806951.1932411515,5
2807142.1958703664,5
2807333.198499581,5
2807524.2011287957,5
2807715.20375801,5
2807906.206387225,5
2808097.2090164395,5
2808288.2116456544,5
2808479.2142748693,5
2808670.2169040837,5
2808861.219533298,4
2809052.222162513,4
2809243.224791728,4
2809434.2274209424,4
2809625.230050157,4
2809816.2326793717,4
2810007.2353085866,4
2810198.237937801,4
2810389.2405670155,4
2810580.2431962304,3
2810771.2458254453,4
2810962.2484546597,3
2811153.2510838746,3
2811344.253713089,3
2811535.256342304,4
2811726.2589715184,3
2811917.2616007333,2
2812108.2642299477,2
2812299.2668591626,3
2812490.269488377,2
2812681.272117592,2
2812872.2747468064,2
2813063.2773760213,3
2813254.2800052357,3
2813445.2826344506,2
2813636.285263665,2
2813827.28789288,2
2814018.2905220944,2
2814209.2931513092,2
2814400.2957805237,2
2814591.2984097386,2
2814782.301038953,2
2814973.303668168,2
2815164.3062973823,2
2815355.3089265972,2
2815546.3115558117,2
2815737.3141850266,2
2815928.316814241,2
2816119.319443456,2
2816310.322072671,2
2816501.324701885,2
2816692.3273311,3
2816883.3299603146,2
2817074.3325895295,2
2817265.335218744,3
2817456.3378479583,2
2817647.340477173,2
2817838.343106388,2
2818029.3457356025,3
2818220.348364817,2
2818411.350994032,4
2818602.353623247,3
2818793.356252461,3
2818984.358881676,5
2819175.3615108905,5
2819366.3641401054,3
2819557.36676932,4
2819748.3693985348,3
2819939.372027749,4
2820130.374656964,4
2820321.3772861785,3
2820512.3799153934,4
2820703.382544608,5
2820894.3851738228,4
2821085.387803037,6
2821276.390432252,5
2821467.3930614665,4
2821658.3956906814,4
2821849.398319896,4
2822040.4009491107,4
2822231.403578325,3
2822422.40620754,3
2822613.4088367545,5
2822804.4114659694,4
2822995.414095184,5
2823186.4167243987,4
2823377.4193536136,4
2823568.421982828,3
2823759.4246120425,3
2823950.4272412574,3
2824141.4298704723,3
2824332.4324996867,3
2824523.435128901,4
2824714.437758116,4
2824905.440387331,5
2825096.4430165454,5
2825287.44564576,5
2825478.4482749747,5
2825669.4509041896,5
2825860.453533404,5
2826051.456162619,4
2826242.4587918334,4
2826433.4614210483,4
2826624.4640502627,4
2826815.4666794776,4
2827006.469308692,4
2827197.471937907,4
2827388.4745671214,4
2827579.4771963363,4
2827770.4798255507,4
2827961.4824547656,4
2828152.48508398,4
2828343.487713195,4
2828534.4903424093,5
2828725.4929716242,5
2828916.4956008387,5
2829107.4982300536,5
2829298.500859268,5
2829489.503488483,4
2829680.5061176973,4
2829871.5087469122,4
2830062.5113761267,4
2830253.5140053416,4
2830444.5166345565,4
2830635.519263771,4
2830826.5218929853,4
2831017.5245222,4
2831208.5271514147,4
2831399.5297806296,4
2831590.532409844,4
2831781.535039059,4
2831972.537668274,4
2832163.540297488,4
2832354.5429267026,4
2832545.5455559175,4
2832736.5481851324,4
2832927.550814347,4
2833118.553443562,4
2833309.556072776,4
2833500.558701991,4
2833691.5613312055,4
2833882.5639604204,5
2834073.566589635,5
2834264.5692188498,6
2834455.571848064,5
2834646.574477279,5
2834837.5771064935,5
2835028.5797357084,5
2835219.582364923,6
2835410.5849941378,5
2835601.587623352,5
2835792.590252567,5
2835983.5928817815,4
2836174.5955109964,5
2836365.598140211,4
2836556.6007694257,5
2836747.60339864,4
2836938.606027855,4
2837129.6086570695,5
2837320.6112862844,5
2837511.6139154993,5
2837702.6165447137,4
2837893.619173928,4
2838084.621803143,4
2838275.6244323575,4
2838466.6270615724,4
2838657.629690787,5
2838848.6323200017,4
2839039.6349492166,4
2839230.637578431,4
2839421.6402076455,4
2839612.6428368604,4
2839803.645466075,5
2839994.6480952897,5
2840185.650724504,5
2840376.653353719,4
2840567.655982934,4
2840758.6586121484,4
2840949.6612413633,4
2841140.6638705777,4
2841331.6664997926,4
2841522.669129007,4
2841713.671758222,4
2841904.6743874364,4
2842095.6770166513,5
2842286.6796458657,5
2842477.6822750806,5
2842668.684904295,5
2842859.68753351,4
2843050.6901627243,4
2843241.6927919392,5
2843432.6954211537,5
2843623.6980503686,5
2843814.700679583,5
2844005.703308798,5
2844196.7059380123,5
2844387.7085672272,5
2844578.7111964417,5
2844769.7138256566,4
2844960.716454871,4
2845151.719084086,4
2845342.7217133003,5
2845533.724342515,4
2845724.7269717297,4
2845915.7296009446,4
2846106.732230159,4
2846297.734859374,4
2846488.7374885883,4
2846679.740117803,4
2846870.742747018,4
2847061.7453762325,4
2847252.748005447,4
2847443.750634662,4
2847634.753263877,4
2847825.755893091,5
2848016.7585223056,5
2848207.7611515205,4
2848398.7637807354,4
2848589.76640995,5
2848780.7690391648,5
2848971.771668379,5
2849162.774297594,5
2849353.7769268085,5
2849544.779556023,5
2849735.782185238,5
2849926.7848144528,5
2850117.787443667,5
2850308.790072882,5
2850499.7927020965,5
2850690.7953313114,5
2850881.797960526,5
2851072.8005897407,4
2851263.803218955,4
2851454.80584817,4
2851645.8084773845,4
2851836.8111065994,4
2852027.813735814,4
2852218.8163650287,4
2852409.8189942436,4
2852600.821623458,4
2852791.8242526725,4
2852982.8268818874,4
2853173.829511102,4
2853364.8321403167,4
2853555.834769531,4
2853746.837398746,4
2853937.8400279605,4
2854128.8426571754,4
2854319.84528639,4
2854510.8479156047,4
2854701.8505448196,4
2854892.853174034,4
2855083.855803249,4
2855274.8584324634,4
2855465.8610616783,5
2855656.8636908927,4
2855847.866320107,4
2856038.868949322,4
2856229.871578537,5
2856420.8742077514,5
2856611.876836966,5
2856802.8794661807,5
2856993.8820953956,5
2857184.88472461,5
2857375.8873538245,5
2857566.8899830393,5
2857757.8926122542,5
2857948.8952414687,5
2858139.8978706836,5
2858330.900499898,4
2858521.903129113,4
2858712.9057583273,5
2858903.9083875422,6
2859094.9110167567,4
2859285.9136459716,5
2859476.916275186,5
2859667.918904401,5
2859858.9215336153,5
2860049.92416283,4
2860240.9267920447,4
2860431.9294212596,5
2860622.932050474,5
2860813.934679689,5
2861004.937308904,5
2861195.939938118,6
2861386.9425673326,5
2861577.9451965475,5
2861768.9478257624,5
2861959.950454977,5
2862150.953084192,5
2862341.955713406,6
2862532.958342621,5
2862723.9609718355,5
2862914.9636010504,5
2863105.966230265,6
2863296.9688594798,5
2863487.971488694,5
2863678.974117909,5
2863869.9767471235,5
2864060.9793763384,5
2864251.982005553,5
2864442.9846347678,5
2864633.987263982,5
2864824.989893197,5
2865015.9925224115,5
2865206.9951516264,5
2865397.997780841,5
2865589.0004100557,5
2865780.00303927,5
2865971.005668485,5
2866162.0082976995,5
2866353.0109269144,5
2866544.013556129,5
2866735.0161853437,5
2866926.018814558,5
2867117.021443773,5
2867308.0240729875,5
2867499.0267022024,5
2867690.029331417,5
2867881.0319606317,5
2868072.034589846,6
2868263.037219061,6
2868454.0398482755,5
2868645.0424774904,5
2868836.045106705,5
2869027.0477359197,5
2869218.050365134,5
2869409.052994349,5
2869600.055623564,6
2869791.0582527784,5
2869982.060881993,5
2870173.0635112077,5
2870364.0661404226,5
2870555.068769637,5
2870746.0713988515,5
2870937.0740280664,5
2871128.0766572813,5
2871319.0792864957,5
2871510.0819157106,5
2871701.084544925,5
2871892.08717414,5
2872083.0898033543,5
2872274.0924325692,5
2872465.0950617837,6
2872656.0976909986,5
2872847.100320213,5
2873038.102949428,5
2873229.1055786423,5
2873420.1082078572,5
2873611.1108370717,5
2873802.1134662866,5
2873993.116095501,5
2874184.118724716,5
2874375.1213539303,5
2874566.123983145,5
2874757.1266123597,5
2874948.1292415746,5
2875139.131870789,5
2875330.134500004,5
2875521.1371292183,5
2875712.139758433,5
2875903.1423876476,5
2876094.1450168625,5
2876285.147646077,7
2876476.150275292,7
2876667.152904507,5
2876858.155533721,5
2877049.158162936,5
2877240.1607921505,5
2877431.1634213654,5
2877622.16605058,5
2877813.1686797943,5
2878004.171309009,5
2878195.173938224,5
2878386.1765674385,5
2878577.179196653,5
2878768.181825868,5
2878959.1844550828,5
2879150.187084297,5
2879341.189713512,5
2879532.1923427265,5
2879723.1949719414,5
2879914.197601156,5
2880105.2002303707,5
2880296.202859585,5
2880487.2054888,5
2880678.2081180145,5
2880869.2107472294,5
2881060.213376444,5
2881251.2160056587,5
2881442.218634873,4
2881633.221264088,4
2881824.2238933025,4
2882015.2265225174,4
2882206.229151732,4
2882397.2317809467,4
2882588.234410161,5
2882779.237039376,4
2882970.2396685905,3
2883161.2422978054,4
2883352.24492702,4
2883543.2475562347,4
2883734.250185449,5
2883925.252814664,4
2884116.2554438785,4
2884307.2580730934,4
2884498.260702308,4
2884689.2633315227,4
2884880.265960737,4
2885071.268589952,4
2885262.271219167,3
2885453.2738483814,3
2885644.276477596,3
2885835.2791068107,3
2886026.281736025,3
2886217.28436524,3
2886408.2869944545,3
2886599.2896236693,3
2886790.2922528842,3
2886981.2948820987,3
2887172.2975113136,3
2887363.300140528,3
2887554.302769743,3
2887745.3053989573,3
2887936.3080281722,3
2888127.3106573867,3
2888318.3132866016,4
2888509.315915816,4
2888700.318545031,4
2888891.3211742453,4
2889082.32380346,4
2889273.3264326747,3
2889464.3290618896,4
2889655.331691104,4
2889846.334320319,3
2890037.3369495333,3
2890228.339578748,3
2890419.3422079626,3
2890610.3448371775,3
2890801.347466392,3
2890992.350095607,3
2891183.352724822,3
2891374.355354036,3
2891565.357983251,3
2891756.3606124655,3
2891947.36324168,3
2892138.365870895,3
2892329.3685001098,3
2892520.371129324,3
2892711.3737585386,3
2892902.3763877535,3
2893093.3790169684,3
2893284.381646183,3
2893475.3842753973,3
2893666.386904612,3
2893857.3895338266,3
2894048.3921630415,3
2894239.3947922564,4
2894430.397421471,4
2894621.4000506857,4
2894812.4026799,3
2895003.4053091146,3
2895194.4079383295,3
2895385.4105675444,3
2895576.413196759,4
2895767.4158259733,4
2895958.418455188,4
2896149.421084403,4
2896340.4237136175,4
2896531.4263428324,4
2896722.428972047,4
2896913.4316012617,4
2897104.434230476,4
2897295.436859691,4
2897486.4394889055,3
2897677.4421181204,3
2897868.444747335,3
2898059.4473765497,3
2898250.450005764,3
2898441.452634979,3
2898632.4552641935,3
2898823.4578934084,3
2899014.460522623,3
2899205.4631518377,3
2899396.4657810526,3
2899587.468410267,3
2899778.4710394815,3
2899969.4736686964,3
2900160.4762979113,3
2900351.4789271257,4
2900542.48155634,4
2900733.484185555,4
2900924.48681477,3
2901115.4894439843,4
2901306.4920731992,4
2901497.4947024137,4
2901688.4973316286,4
2901879.499960843,4
2902070.502590058,5
2902261.5052192723,4
2902452.5078484872,4
2902643.5104777017,4
2902834.5131069166,4
2903025.515736131,4
2903216.518365346,5
2903407.5209945603,4
2903598.5236237748,4
2903789.5262529897,4
2903980.5288822046,4
2904171.531511419,5
2904362.534140634,5
2904553.5367698483,5
2904744.539399063,6
2904935.5420282776,5
2905126.5446574925,6
2905317.547286707,5
2905508.549915922,5
2905699.5525451363,5
2905890.555174351,6
2906081.5578035656,5
2906272.5604327805,6
2906463.563061995,6
2906654.56569121,7
2906845.5683204243,7
2907036.570949639,6
2907227.573578854,6
2907418.5762080685,6
2907609.578837283,5
2907800.581466498,4
2907991.5840957128,7
2908182.586724927,7
2908373.5893541416,5
2908564.5919833565,4
2908755.594612571,5
2908946.597241786,4
2909137.5998710007,4
2909328.602500215,4
2909519.60512943,5
2909710.6077586445,5
2909901.6103878594,6
2910092.613017074,7
2910283.6156462887,5
2910474.618275503,4
2910665.620904718,4
2910856.6235339325,5
2911047.6261631474,4
2911238.628792362,4
2911429.6314215767,4
2911620.634050791,4
2911811.636680006,4
2912002.6393092205,4
2912193.6419384354,4
2912384.64456765,4
2912575.6471968647,4
2912766.649826079,4
2912957.652455294,5
2913148.6550845085,5
2913339.6577137234,5
2913530.6603429383,4
2913721.6629721527,4
2913912.665601367,5
2914103.668230582,5
2914294.6708597965,4
2914485.6734890114,4
2914676.676118226,4
2914867.6787474407,4
2915058.681376655,4
2915249.68400587,5
2915440.6866350845,5
2915631.6892642993,4
2915822.6918935142,4
2916013.6945227287,4
2916204.697151943,4
2916395.699781158,5
2916586.702410373,7
2916777.7050395873,6
2916968.7076688022,6
2917159.7102980167,6
2917350.7129272316,6
2917541.715556446,5
2917732.718185661,5
2917923.7208148753,7
2918114.72344409,6
2918305.7260733047,6
2918496.7287025196,6
2918687.731331734,6
2918878.733960949,6
2919069.7365901633,6
2919260.739219378,7
2919451.7418485926,7
2919642.7444778075,6
2919833.747107022,6
2920024.749736237,6
2920215.7523654513,7
2920406.754994666,7
2920597.7576238806,5
2920788.7602530955,6
2920979.76288231,8
2921170.765511525,7
2921361.7681407393,7
2921552.770769954,7
2921743.7733991686,7
2921934.7760283835,7
2922125.778657598,6
2922316.781286813,6
2922507.7839160273,6
2922698.786545242,8
2922889.7891744566,6
2923080.7918036715,6
2923271.794432886,6
2923462.797062101,5
2923653.7996913157,7
2923844.80232053,8
2924035.8049497446,5
2924226.8075789595,5
2924417.8102081744,5
2924608.812837389,6
2924799.8154666033,5
2924990.818095818,5
2925181.820725033,5
2925372.8233542475,5
2925563.8259834624,6
2925754.828612677,6
2925945.8312418917,6
2926136.833871106,6
2926327.836500321,5
2926518.8391295355,6
2926709.8417587504,6
2926900.844387965,5
2927091.8470171797,5
2927282.849646394,6
2927473.852275609,6
2927664.8549048235,4
2927855.8575340384,4
2928046.860163253,4
2928237.8627924677,4
2928428.8654216826,4
2928619.868050897,4
2928810.8706801115,4
2929001.8733093264,4
2929192.875938541,4
2929383.8785677557,4
2929574.88119697,4
2929765.883826185,4
2929956.8864553994,4
2930147.8890846143,4
2930338.8917138292,4
2930529.8943430437,4
2930720.8969722586,4
2930911.899601473,4
2931102.9022306874,4
2931293.9048599023,4
2931484.9074891172,4
2931675.9101183317,4
2931866.912747546,4
2932057.915376761,4
2932248.918005976,4
2932439.9206351903,4
2932630.9232644048,4
2932821.9258936197,4
2933012.9285228346,4
2933203.931152049,4
2933394.933781264,4
2933585.9364104783,4
2933776.939039693,4
2933967.9416689076,4
2934158.9442981225,4
2934349.946927337,4
2934540.949556552,4
2934731.9521857663,4
2934922.954814981,4
2935113.9574441956,5
2935304.9600734105,4
2935495.962702625,4
2935686.96533184,4
2935877.9679610543,4
2936068.970590269,4
2936259.9732194836,5
2936450.9758486985,4
2936641.978477913,4
2936832.981107128,3
2937023.9837363428,4
2937214.986365557,4
2937405.9889947716,4
2937596.9916239865,4
2937787.994253201,4
2937978.996882416,5
2938169.9995116303,5
2938361.002140845,5
2938552.00477006,4
2938743.0073992745,4
2938934.010028489,4
2939125.012657704,4
2939316.0152869187,4
2939507.017916133,4
2939698.0205453476,4
2939889.0231745625,4
2940080.0258037774,3
2940271.028432992,3
2940462.0310622067,4
2940653.033691421,5
2940844.036320636,4
2941035.0389498505,5
2941226.0415790654,5
2941417.04420828,5
2941608.0468374947,5
2941799.049466709,5
2941990.052095924,6
2942181.0547251385,8
2942372.0573543534,6
2942563.059983568,6
2942754.0626127827,6
2942945.065241997,6
2943136.067871212,6
2943327.070500427,5
2943518.0731296414,5
2943709.075758856,5
2943900.0783880707,5
2944091.081017285,4
2944282.0836465,4
2944473.0862757144,4
2944664.0889049293,3
2944855.0915341442,3
2945046.0941633587,4
2945237.096792573,4
2945428.099421788,3
2945619.102051003,3
2945810.1046802173,4
2946001.107309432,4
2946192.1099386467,3
2946383.1125678616,4
2946574.115197076,4
2946765.1178262904,4
2946956.1204555053,4
2947147.12308472,5
2947338.1257139347,4
2947529.128343149,4
2947720.130972364,3
2947911.133601579,4
2948102.1362307933,4
2948293.1388600077,4
2948484.1414892226,4
2948675.1441184375,4
2948866.146747652,4
2949057.149376867,4
2949248.1520060813,4
2949439.154635296,4
2949630.1572645106,4
2949821.1598937255,4
2950012.16252294,4
2950203.165152155,4
2950394.1677813693,4
2950585.170410584,4
2950776.1730397986,4
2950967.1756690135,4
2951158.178298228,4
2951349.180927443,4
2951540.1835566573,4
2951731.186185872,3
2951922.1888150866,3
2952113.1914443015,3
2952304.194073516,4
2952495.196702731,4
2952686.1993319457,4
2952877.20196116,4
2953068.2045903746,4
2953259.2072195895,4
2953450.2098488044,4
2953641.212478019,4
2953832.2151072333,4
2954023.217736448,4
2954214.220365663,4
2954405.2229948775,4
2954596.225624092,4
2954787.228253307,4
2954978.2308825217,4
2955169.233511736,4
2955360.2361409506,4
2955551.2387701655,4
2955742.2413993804,4
2955933.244028595,4
2956124.2466578097,4
2956315.249287024,4
2956506.251916239,4
2956697.2545454535,4
2956888.2571746684,4
2957079.259803883,4
2957270.2624330977,4
2957461.265062312,4
2957652.267691527,4
2957843.2703207415,4
2958034.2729499564,4
2958225.275579171,4
2958416.2782083857,4
2958607.2808376,4
2958798.283466815,4
2958989.2860960294,4
2959180.2887252443,4
2959371.291354459,4
2959562.2939836737,5
2959753.296612888,4
2959944.299242103,4
2960135.3018713174,4
2960326.3045005323,4
2960517.3071297472,4
2960708.3097589617,4
2960899.312388176,3
2961090.315017391,4
2961281.317646606,3
2961472.3202758203,4
2961663.3229050348,4
2961854.3255342497,4
2962045.3281634646,4
2962236.330792679,3
2962427.3334218934,3
2962618.3360511083,3
2962809.3386803227,3
2963000.3413095376,3
2963191.343938752,4
2963382.346567967,4
2963573.349197182,4
2963764.3518263963,4
2963955.354455611,4
2964146.3570848256,4
2964337.3597140405,4
2964528.362343255,4
2964719.36497247,4
2964910.3676016843,4
2965101.370230899,6
2965292.3728601136,4
2965483.3754893285,4
2965674.378118543,4
2965865.380747758,4
2966056.3833769723,4
2966247.386006187,4
2966438.3886354016,4
2966629.3912646165,4
2966820.393893831,4
2967011.396523046,4
2967202.3991522603,4
2967393.401781475,4
2967584.40441069,4
2967775.4070399045,4
2967966.409669119,4
2968157.412298334,4
2968348.4149275487,4
2968539.417556763,4
2968730.4201859776,3
2968921.4228151925,3
2969112.4254444074,4
2969303.428073622,4
2969494.4307028367,4
2969685.433332051,4
2969876.435961266,4
2970067.4385904805,4
2970258.441219695,4
2970449.44384891,4
2970640.4464781247,4
2970831.449107339,4
2971022.4517365536,4
2971213.4543657685,4
2971404.4569949834,4
2971595.459624198,3
2971786.4622534127,4
2971977.464882627,4
2972168.467511842,4
2972359.470141057,4
2972550.4727702714,5
2972741.475399486,5
2972932.4780287007,4
2973123.480657915,4
2973314.48328713,5
2973505.4859163444,5
2973696.4885455593,5
2973887.491174774,5
2974078.4938039887,5
2974269.496433203,5
2974460.499062418,5
2974651.5016916324,3
2974842.5043208473,4
2975033.506950062,4
2975224.5095792767,4
2975415.5122084916,4
2975606.514837706,5
2975797.5174669204,3
2975988.5200961353,3
2976179.52272535,4
2976370.5253545647,3
2976561.527983779,3
2976752.530612994,4
2976943.533242209,4
2977134.5358714233,3
2977325.5385006377,4
2977516.5411298526,4
2977707.5437590675,4
2977898.546388282,4
2978089.5490174964,4
2978280.5516467113,4
2978471.554275926,4
2978662.5569051406,4
2978853.559534355,4
2979044.56216357,4
2979235.564792785,4
2979426.5674219993,4
2979617.570051214,4
2979808.5726804286,4
2979999.5753096435,4
2980190.577938858,4
2980381.580568073,4
2980572.5831972873,4
2980763.585826502,3
2980954.5884557166,4
2981145.5910849315,5
2981336.593714146,5
2981527.596343361,6
2981718.5989725753,5
2981909.60160179,5
2982100.6042310046,5
2982291.6068602195,5
2982482.609489434,5
2982673.612118649,5
2982864.6147478633,5
2983055.617377078,5
2983246.620006293,4
2983437.6226355075,4
2983628.625264722,5
2983819.627893937,5
2984010.6305231517,5
2984201.633152366,5
2984392.6357815806,5
2984583.6384107955,6
2984774.6410400104,5
2984965.643669225,6
2985156.6462984392,5
2985347.648927654,5
2985538.651556869,5
2985729.6541860835,5
2985920.656815298,4
2986111.659444513,4
2986302.6620737277,4
2986493.664702942,5
2986684.667332157,4
2986875.6699613715,4
2987066.6725905864,4
2987257.675219801,4
2987448.6778490157,5
2987639.68047823,3
2987830.683107445,4
2988021.6857366594,4
2988212.6883658743,4
2988403.690995089,3
2988594.6936243037,3
2988785.696253518,4
2988976.698882733,4
2989167.7015119474,3
2989358.7041411623,3
2989549.7067703772,3
2989740.7093995917,4
2989931.712028806,4
2990122.714658021,4
2990313.7172872354,5
2990504.7199164503,4
2990695.7225456648,4
2990886.7251748797,4
2991077.7278040946,4
2991268.730433309,4
2991459.7330625234,5
2991650.7356917383,4
2991841.7383209527,5
2992032.7409501676,5
2992223.743579382,5
2992414.746208597,5
2992605.748837812,5
2992796.7514670263,5
2992987.7540962407,5
2993178.7567254556,5
2993369.7593546705,5
2993560.761983885,6
2993751.7646130994,5
2993942.7672423143,6
2994133.769871529,4
2994324.7725007436,6
2994515.7751299585,4
2994706.777759173,6
2994897.780388388,5
2995088.7830176023,6
2995279.785646817,5
2995470.7882760316,5
2995661.7909052465,7
2995852.793534461,5
2996043.796163676,5
2996234.7987928903,6
2996425.801422105,5
2996616.8040513196,5
2996807.8066805345,6
2996998.809309749,5
2997189.811938964,5
2997380.8145681783,5
2997571.817197393,4
2997762.8198266076,4
2997953.8224558225,4
2998144.8250850374,4
2998335.827714252,4
2998526.8303434667,4
2998717.832972681,4
2998908.835601896,3
2999099.8382311105,4
2999290.840860325,4
2999481.84348954,4
2999672.8461187547,4
2999863.848747969,4
3000054.8513771836,4
3000245.8540063985,3
3000436.8566356134,4
3000627.859264828,3
3000818.861894042,5
3001009.864523257,3
3001200.867152472,3
3001391.8697816865,5
3001582.872410901,5
3001773.875040116,5
3001964.8776693307,5
3002155.880298545,4
3002346.88292776,5
3002537.8855569744,5
3002728.8881861893,6
3002919.890815404,4
3003110.8934446187,5
3003301.896073833,4
3003492.898703048,5
3003683.9013322624,4
3003874.9039614773,5
3004065.906590692,5
3004256.9092199067,4
3004447.911849121,4
3004638.914478336,4
3004829.9171075504,5
3005020.9197367653,4
3005211.9223659798,5
3005402.9249951947,5
3005593.927624409,6
3005784.930253624,5
3005975.932882839,5
3006166.9355120533,5
3006357.9381412677,5
3006548.9407704826,6
3006739.9433996975,5
3006930.946028912,5
3007121.9486581264,5
3007312.9512873413,5
3007503.953916556,5
3007694.9565457706,4
3007808.9651778773,5
3007979.9781260374,5
3008150.9910741975,6
3008322.0040223575,5
3008493.0169705176,5
3008664.0299186776,5
3008835.0428668377,5
3009006.0558149978,6
3009177.068763158,5
3009348.081711318,5
3009519.094659478,5
3009690.107607638,5
3009861.120555798,5
3010032.133503958,5
3010203.146452118,5
3010374.1594002782,4
3010545.1723484383,5
3010716.1852965984,4
3010887.1982447584,4
3011058.2111929185,4
3011229.2241410785,4
3011400.2370892386,4
3011571.2500373987,3
3011742.2629855587,3
3011913.275933719,3
3012084.288881879,3
3012255.301830039,3
3012426.314778199,3
3012597.327726359,3
3012768.340674519,3
3012939.353622679,3
3013110.366570839,3
3013281.3795189993,3
3013452.3924671593,3
3013623.4054153194,3
3013794.4183634794,3
3013965.4313116395,3
3014136.4442597996,3
3014307.4572079596,3
3014478.4701561197,3
3014649.4831042797,4
3014820.49605244,5
3014991.5090006,4
3015162.52194876,3
3015333.53489692,3
3015504.54784508,4
3015675.56079324,5
3015846.5737414,4
3016017.58668956,4
3016188.5996377203,4
3016359.6125858803,5
3016530.6255340404,5
3016701.6384822004,5
3016872.6514303605,4
3017043.6643785206,5
3017214.6773266806,4
3017385.6902748407,4
3017556.7032230007,4
3017727.716171161,4
3017898.729119321,4
3018069.742067481,4
3018240.755015641,4
3018411.767963801,4
3018582.780911961,3
3018753.793860121,4
3018924.806808281,4
3019095.8197564413,4
3019266.8327046013,4
3019437.8456527614,3
3019608.8586009215,4
3019779.8715490815,4
3019950.8844972416,4
3020121.8974454016,3
3020292.9103935617,3
3020463.9233417218,3
3020634.936289882,3
3020805.949238042,3
3020976.962186202,3
3021147.975134362,4
3021318.988082522,5
3021490.001030682,4
3021661.013978842,3
3021832.0269270022,4
3022003.0398751623,4
3022174.0528233224,5
3022345.0657714824,5
3022516.0787196425,5
3022687.0916678025,5
3022858.1046159626,5
3023029.1175641227,5
3023200.1305122827,6
3023371.143460443,5
3023542.156408603,5
3023713.169356763,5
3023884.182304923,5
3024055.195253083,5
3024226.208201243,5
3024397.221149403,5
3024568.234097563,5
3024739.2470457233,5
3024910.2599938833,4
3025081.2729420434,4
3025252.2858902034,4
3025423.2988383635,4
3025594.3117865236,5
3025765.3247346836,4
3025936.3376828437,4
3026107.3506310037,4
3026278.363579164,4
3026449.376527324,4
3026620.389475484,4
3026791.402423644,4
3026962.415371804,4
3027133.428319964,4
3027304.441268124,4
3027475.454216284,4
3027646.4671644443,4
3027817.4801126043,4
3027988.4930607644,4
3028159.5060089245,4
3028330.5189570845,5
3028501.5319052446,4
3028672.5448534046,2
3028843.5578015647,1
3029014.5707497247,1
3029185.583697885,4
3029356.596646045,2
3029527.609594205,2
3029698.622542365,3
3029869.635490525,2
3030040.648438685,3
3030211.661386845,3
3030382.674335005,5
3030553.6872831653,4
3030724.7002313253,4
3030895.7131794854,4
3031066.7261276455,5
3031237.7390758055,5
3031408.7520239656,4
3031579.7649721256,5
3031750.7779202857,5
3031921.7908684458,4
3032092.803816606,4
3032263.816764766,4
3032434.829712926,4
3032605.842661086,4
3032776.855609246,4
3032947.868557406,3
3033118.881505566,5
3033289.8944537262,4
3033460.9074018863,5
3033631.9203500464,5
3033802.9332982064,5
3033973.9462463665,4
3034144.9591945265,5
3034315.9721426866,4
3034486.9850908467,4
3034657.9980390067,4
3034829.010987167,4
3035000.023935327,5
3035171.036883487,5
3035342.049831647,5
3035513.062779807,6
3035684.075727967,5
3035855.088676127,5
3036026.101624287,5
3036197.1145724473,5
3036368.1275206073,5
3036539.1404687674,7
3036710.1534169274,6
3036881.1663650875,6
3037052.1793132476,5
3037223.1922614076,6
3037394.2052095677,5
3037565.2181577277,5
3037736.231105888,5
3037907.244054048,5
3038078.257002208,5
3038249.269950368,5
3038420.282898528,5
3038591.295846688,6
3038762.308794848,6
3038933.321743008,6
3039104.3346911683,6
3039275.3476393283,6
3039446.3605874884,5
3039617.3735356485,5
3039788.3864838085,5
3039959.3994319686,5
3040130.4123801286,5
3040301.4253282887,5
3040472.4382764488,5
3040643.451224609,5
3040814.464172769,5
3040985.477120929,5
3041156.490069089,5
3041327.503017249,5
3041498.515965409,5
3041669.528913569,5
3041840.541861729,5
3042011.5548098893,5
3042182.5677580494,5
3042353.5807062094,5
3042524.5936543695,5
3042695.6066025295,5
3042866.6195506896,5
3043037.6324988496,5
3043208.6454470097,5
3043379.65839517,5
3043550.67134333,5
3043721.68429149,5
3043892.69723965,3
3044063.71018781,5
3044234.72313597,5
3044405.73608413,5
3044576.74903229,5
3044747.7619804502,5
3044918.7749286103,5
3045089.7878767704,5
3045260.8008249304,5
3045431.8137730905,8
3045602.8267212505,5
3045773.8396694106,5
3045944.8526175707,5
3046115.8655657307,6
3046286.878513891,6
3046457.891462051,5
3046628.904410211,6
3046799.917358371,5
3046970.930306531,4
3047141.943254691,4
3047312.956202851,4
3047483.969151011,4
3047654.9820991713,4
3047825.9950473313,4
3047997.0079954914,5
3048168.0209436514,5
3048339.0338918115,5
3048510.0468399716,6
3048681.0597881316,5
3048852.0727362917,5
3049023.0856844517,4
3049194.098632612,7
3049365.111580772,2
3049536.124528932,4
3049707.137477092,5
3049878.150425252,3
3050049.163373412,3
3050220.176321572,3
3050391.189269732,4
3050562.2022178923,3
3050733.2151660523,3
3050904.2281142124,2
3051075.2410623725,2
3051246.2540105325,5
3051417.2669586926,5
3051588.2799068526,3
3051759.2928550127,3
3051930.3058031728,6
3052101.318751333,4
3052272.331699493,4
3052443.344647653,4
3052614.357595813,4
3052785.370543973,3
3052956.383492133,3
3053127.396440293,3
3053298.4093884532,4
3053469.4223366133,4
3053640.4352847734,6
3053811.4482329334,6
3053982.4611810935,6
3054153.4741292535,5
3054324.4870774136,2
3054495.5000255737,3
3054666.5129737337,3
3054837.525921894,4
3055008.538870054,6
3055179.551818214,5
3055350.564766374,6
3055521.577714534,5
3055692.590662694,5
3055863.603610854,5
3056034.616559014,5
3056205.6295071742,4
3056376.6424553343,4
3056547.655403495,4
3056718.6683516544,3
3056889.6812998145,3
3057060.6942479745,3
3057231.7071961346,3
3057402.7201442947,4
3057573.7330924547,3
3057744.7460406153,3
3057915.758988775,3
3058086.771936935,4
3058257.7848850954,4
3058428.7978332555,4
3058599.8107814156,4
3058770.8237295756,4
3058941.8366777357,4
3059112.8496258957,4
3059283.862574056,6
3059454.875522216,4
3059625.888470376,5
3059796.901418536,4
3059967.914366696,4
3060138.927314856,4
3060309.940263016,4
3060480.953211176,4
3060651.9661593363,4
3060822.9791074963,4
3060993.9920556564,4
3061165.0050038164,4
3061336.0179519765,4
3061507.0309001366,4
3061678.0438482966,3
3061849.0567964567,3
3062020.0697446167,3
3062191.082692777,4
3062362.095640937,4
3062533.108589097,4
3062704.121537257,4
3062875.134485417,4
3063046.147433577,3
3063217.160381737,3
3063388.173329897,3
3063559.1862780573,3
3063730.1992262173,3
3063901.2121743774,3
3064072.2251225375,4
3064243.2380706975,5
3064414.2510188576,5
3064585.2639670176,4
3064756.2769151777,4
3064927.2898633378,4
3065098.302811498,4
3065269.315759658,4
3065440.328707818,5
3065611.341655978,5
3065782.354604138,5
3065953.367552298,5
3066124.380500458,5
3066295.3934486182,5
3066466.4063967783,4
3066637.4193449384,4
3066808.4322930984,5
3066979.4452412585,4
3067150.4581894185,4
3067321.4711375786,4
3067492.4840857387,4
3067663.4970338987,4
3067834.509982059,4
3068005.522930219,4
3068176.535878379,4
3068347.548826539,4
3068518.561774699,4
3068689.574722859,4
3068860.587671019,4
3069031.600619179,4
3069202.6135673393,4
3069373.6265154993,5
3069544.6394636594,5
3069715.6524118194,5
3069886.6653599795,5
3070057.6783081396,5
3070228.6912562996,5
3070399.7042044597,5
3070570.7171526197,6
3070741.73010078,6
3070912.74304894,6
3071083.7559971,6
3071254.76894526,6
3071425.78189342,6
3071596.79484158,6
3071767.80778974,5
3071938.8207379,5
3072109.8336860603,6
3072280.8466342203,6
3072451.8595823804,6
3072622.8725305405,6
3072793.8854787005,6
3072964.8984268606,6
3073135.9113750206,6
3073306.9243231807,6
3073477.9372713408,7
3073648.950219501,6
3073819.963167661,5
3073990.976115821,6
3074161.989063981,6
3074333.002012141,6
3074504.014960301,6
3074675.027908461,6
3074846.040856621,5
3075017.0538047813,5
3075188.0667529413,5
3075359.0797011014,5
3075530.0926492615,7
3075701.1055974215,6
3075872.1185455816,5
3076043.1314937416,5
3076214.1444419017,5
3076385.1573900618,5
3076556.170338222,6
3076727.183286382,5
3076898.196234542,5
3077069.209182702,4
3077240.222130862,4
3077411.235079022,4
3077582.248027182,5
3077753.2609753422,6
3077924.2739235023,5
3078095.2868716624,6
3078266.2998198224,6
3078437.3127679825,7
3078608.3257161425,5
3078779.3386643026,5
3078950.3516124627,7
3079121.3645606227,6
3079292.377508783,5
3079463.390456943,5
3079634.403405103,6
3079805.416353263,5
3079976.429301423,5
3080147.442249583,5
3080318.455197743,6
3080489.468145903,6
3080660.4810940633,4
3080831.4940422233,4
3081002.5069903834,5
3081173.5199385434,5
3081344.5328867035,5
3081515.5458348636,5
3081686.5587830236,5
3081857.5717311837,4
3082028.5846793437,4
3082199.597627504,5
3082370.610575664,6
3082541.623523824,6
3082712.636471984,7
3082883.649420144,8
3083054.662368304,7
3083225.675316464,6
3083396.688264624,5
3083567.7012127843,5
3083738.7141609443,4
3083909.7271091044,5
3084080.7400572645,6
3084251.7530054245,6
3084422.7659535846,6
3084593.7789017446,7
3084764.7918499047,7
3084935.8047980648,7
3085106.817746225,7
3085277.830694385,7
3085448.843642545,6
3085619.856590705,5
3085790.869538865,5
3085961.882487025,5
3086132.895435185,4
3086303.908383345,4
3086474.9213315053,5
3086645.9342796654,5
3086816.9472278254,4
3086987.9601759855,4
3087158.9731241455,4
3087329.9860723056,5
3087500.9990204656,3
3087672.0119686257,4
3087843.024916786,4
3088014.037864946,4
3088185.050813106,3
3088356.063761266,3
3088527.076709426,3
3088698.089657586,5
3088869.102605746,4
3089040.115553906,5
3089211.1285020662,4
3089382.1414502263,5
3089553.1543983864,5
3089724.1673465464,5
3089895.1802947065,5
3090066.1932428665,4
3090237.2061910266,4
3090408.2191391867,4
3090579.2320873467,4
3090750.245035507,4
3090921.257983667,4
3091092.270931827,4
3091263.283879987,4
3091434.296828147,4
3091605.309776307,4
3091776.322724467,4
3091947.335672627,4
3092118.3486207873,4
3092289.3615689473,5
3092460.3745171074,4
3092631.3874652674,4
3092802.4004134275,4
3092973.4133615876,4
3093144.4263097476,4
3093315.4392579077,6
3093486.4522060677,4
3093657.465154228,4
3093828.478102388,5
3093999.491050548,5
3094170.503998708,5
3094341.516946868,5
3094512.529895028,5
3094683.542843188,4
3094854.555791348,4
3095025.5687395083,4
3095196.5816876683,3
3095367.5946358284,4
3095538.6075839885,4
3095709.6205321485,6
3095880.6334803086,7
3096051.6464284686,4
3096222.6593766287,4
3096393.6723247888,4
3096564.685272949,5
3096735.698221109,6
3096906.711169269,6
3097077.724117429,6
3097248.737065589,5
3097419.750013749,5
3097590.762961909,5
3097761.7759100692,5
3097932.7888582293,5
3098103.8018063894,5
3098274.8147545494,5
3098445.8277027095,5
3098616.8406508695,5
3098787.8535990296,5
3098958.8665471897,5
3099129.8794953497,5
3099300.89244351,5
3099471.90539167,5
3099642.91833983,5
3099813.93128799,5
3099984.94423615,6
3100155.95718431,5
3100326.97013247,5
3100497.98308063,5
3100668.9960287903,5
3100840.0089769503,6
3101011.0219251104,5
3101182.0348732704,6
3101353.0478214305,6
3101524.0607695905,5
3101695.0737177506,5
3101866.0866659107,5
3102037.0996140707,5
3102208.112562231,5
3102379.125510391,5
3102550.138458551,5
3102721.151406711,5
3102892.164354871,5
3103063.177303031,5
3103234.190251191,5
3103405.203199351,5
3103576.2161475113,6
3103747.2290956713,6
3103918.2420438314,6
3104089.2549919914,7
3104260.2679401515,8
3104431.2808883116,7
3104602.2938364716,7
3104773.3067846317,7
3104944.3197327917,8
3105115.332680952,7
3105286.345629112,7
3105457.358577272,6
3105628.371525432,6
3105799.384473592,6
3105970.397421752,5
3106141.410369912,6
3106312.423318072,6
3106483.4362662323,6
3106654.4492143923,6
3106825.4621625524,6
3106996.4751107125,5
3107167.4880588725,6
3107338.5010070326,5
3107509.5139551926,5
3107680.5269033527,6
3107851.5398515128,6
3108022.552799673,5
3108193.565747833,5
3108364.578695993,5
3108535.591644153,5
3108706.604592313,5
3108877.617540473,5
3109048.630488633,5
3109219.6434367932,5
3109390.6563849533,5
3109561.6693331134,5
3109732.6822812734,5
3109903.6952294335,5
3110074.7081775935,5
3110245.7211257536,5
3110416.7340739137,6
3110587.7470220737,6
3110758.759970234,6
3110929.772918394,6
3111100.785866554,6
3111271.798814714,6
3111442.811762874,6
3111613.824711034,6
3111784.837659194,6
3111955.850607354,6
3112126.8635555143,6
3112297.8765036743,7
3112468.8894518344,6
3112639.9023999944,6
3112810.9153481545,6
3112981.9282963146,6
3113152.9412444746,6
3113323.9541926347,6
3113494.9671407947,6
3113665.980088955,6
3113836.993037115,6
3114008.005985275,6
3114179.018933435,6
3114350.031881595,6
3114521.044829755,6
3114692.057777915,6
3114863.070726075,6
3115034.0836742353,6
3115205.0966223953,6
3115376.1095705554,6
3115547.1225187154,6
3115718.1354668755,6
3115889.1484150356,6
3116060.1613631956,6
3116231.1743113557,6
3116402.1872595157,6
3116573.200207676,5
3116744.213155836,5
3116915.226103996,5
3117086.239052156,6
3117257.252000316,6
3117428.264948476,6
3117599.277896636,6
3117770.290844796,6
3117941.3037929563,6
3118112.3167411163,6
3118283.3296892764,7
3118454.3426374365,6
3118625.3555855965,6
3118796.3685337566,6
3118967.3814819166,6
3119138.3944300767,6
3119309.4073782368,6
3119480.420326397,6
3119651.433274557,5
3119822.446222717,7
3119993.459170877,5
3120164.472119037,6
3120335.485067197,6
3120506.498015357,6
3120677.5109635172,6
3120848.5239116773,6
3121019.5368598374,6
3121190.5498079974,6
3121361.5627561575,6
3121532.5757043175,6
3121703.5886524776,6
3121874.6016006377,7
3122045.6145487977,7
3122216.627496958,7
3122387.640445118,6
3122558.653393278,6
3122729.666341438,6
3122900.679289598,6
3123071.692237758,6
3123242.705185918,6
3123413.718134078,6
3123584.7310822383,6
3123755.7440303983,6
3123926.7569785584,6
3124097.7699267184,6
3124268.7828748785,6
3124439.7958230386,6
3124610.8087711986,6
3124781.8217193587,6
3124952.8346675187,6
3125123.847615679,6
3125294.860563839,6
3125465.873511999,5
3125636.886460159,5
3125807.899408319,6
3125978.912356479,6
3126149.925304639,6
3126320.938252799,6
3126491.9512009593,5
3126662.9641491193,5
3126833.9770972794,5
3127004.9900454395,6
3127176.0029935995,5
3127347.0159417596,5
3127518.0288899196,5
3127689.0418380797,5
3127860.0547862398,6
3128031.0677344,5
3128202.08068256,5
3128373.09363072,5
3128544.10657888,5
3128715.11952704,5
3128886.1324752,6
3129057.14542336,5
3129228.15837152,5
3129399.1713196803,5
3129570.1842678403,5
3129741.1972160004,5
3129912.2101641605,5
3130083.2231123205,5
3130254.2360604806,5
3130425.2490086406,5
3130596.2619568007,6
3130767.2749049608,4
3130938.287853121,5
3131109.300801281,5
3131280.313749441,6
3131451.326697601,6
3131622.339645761,4
3131793.352593921,4
3131964.365542081,4
3132135.3784902412,4
3132306.3914384013,4
3132477.4043865614,4
3132648.4173347214,4
3132819.4302828815,4
3132990.4432310415,4
3133161.4561792016,4
3133332.4691273617,4
3133503.4820755217,4
3133674.495023682,4
3133845.507971842,4
3134016.520920002,4
3134187.533868162,4
3134358.546816322,4
3134529.559764482,4
3134700.572712642,4
3134871.585660802,4
3135042.5986089623,4
3135213.6115571223,4
3135384.6245052824,4
3135555.6374534424,4
3135726.6504016025,4
3135897.6633497626,4
3136068.6762979226,4
3136239.6892460827,4
3136410.7021942427,4
3136581.715142403,4
3136752.728090563,4
3136923.741038723,4
3137094.753986883,4
3137265.766935043,4
3137436.779883203,5
3137607.792831363,6
3137778.805779523,4
3137949.8187276833,4
3138120.8316758433,4
3138291.8446240034,5
3138462.8575721635,6
3138633.8705203235,4
3138804.8834684836,4
3138975.8964166436,4
3139146.9093648037,4
3139317.9223129638,4
3139488.935261124,4
3139659.948209284,4
3139830.961157444,4
3140001.974105604,6
3140172.987053764,5
3140344.000001924,4
3140515.012950084,4
3140686.025898244,4
3140857.0388464043,4
3141028.0517945644,4
3141199.0647427244,5
3141370.0776908845,5
3141541.0906390445,5
3141712.1035872046,5
3141883.1165353647,4
3142054.1294835247,5
3142225.142431685,5
3142396.155379845,5
3142567.168328005,4
3142738.181276165,4
3142909.194224325,4
3143080.207172485,5
3143251.220120645,4
3143422.233068805,4
3143593.2460169652,4
3143764.2589651253,3
3143935.2719132854,3
3144106.2848614454,3
3144277.2978096055,4
3144448.3107577655,4
3144619.3237059256,6
3144790.3366540857,5
3144961.3496022457,4
3145132.362550406,6
3145303.375498566,4
3145474.388446726,5
3145645.401394886,5
3145816.414343046,5
3145987.427291206,5
3146158.440239366,5
3146329.453187526,5
3146500.4661356863,5
3146671.4790838463,5
3146842.4920320064,6
3147013.5049801664,4
3147184.5179283265,6
3147355.5308764866,4
3147526.5438246466,6
3147697.5567728067,4
3147868.5697209667,4
3148039.582669127,4
3148210.595617287,4
3148381.608565447,5
3148552.621513607,5
3148723.634461767,5
3148894.647409927,5
3149065.660358087,5
3149236.673306247,5
3149407.6862544073,5
3149578.6992025673,5
3149749.7121507274,5
3149920.7250988875,5
3150091.7380470475,5
3150262.7509952076,5
3150433.7639433676,6
3150604.7768915277,5
3150775.7898396878,4
3150946.802787848,4
3151117.815736008,4
3151288.828684168,4
3151459.841632328,4
3151630.854580488,4
3151801.867528648,3
3151972.880476808,3
3152143.8934249682,3
3152314.9063731283,3
3152485.9193212884,3
3152656.9322694484,3
3152827.9452176085,4
3152998.9581657685,4
3153169.9711139286,3
3153340.9840620887,5
3153511.9970102487,4
3153683.009958409,4
3153854.022906569,4
3154025.035854729,4
3154196.048802889,4
3154367.061751049,4
3154538.074699209,4
3154709.087647369,4
3154880.100595529,3
3155051.1135436893,3
3155222.1264918493,4
3155393.1394400094,4
3155564.1523881694,3
3155735.1653363295,3
3155906.1782844895,3
3156077.1912326496,3
3156248.2041808097,5
3156419.2171289697,4
3156590.23007713,5
3156761.24302529,5
3156932.25597345,5
3157103.26892161,5
3157274.28186977,5
3157445.29481793,5
3157616.30776609,5
3157787.32071425,5
3157958.3336624107,5
3158129.3466105703,5
3158300.359558731,5
3158471.3725068904,5
3158642.3854550505,5
3158813.3984032106,5
3158984.4113513706,5
3159155.4242995307,5
3159326.4372476907,5
3159497.450195851,5
3159668.463144011,5
3159839.476092171,5
3160010.489040331,5
3160181.501988491,5
3160352.514936651,5
3160523.527884811,5
3160694.540832971,5
3160865.5537811313,6
3161036.566729292,5
3161207.5796774514,5
3161378.5926256115,5
3161549.6055737715,5
3161720.6185219316,5
3161891.6314700916,5
3162062.6444182517,5
3162233.6573664118,5
3162404.670314572,5
3162575.683262732,5
3162746.696210892,5
3162917.709159052,5
3163088.722107212,5
3163259.735055372,5
3163430.748003532,5
3163601.7609516927,5
3163772.7738998523,5
3163943.7868480124,5
3164114.799796173,5
3164285.812744333,5
3164456.8256924925,5
3164627.838640653,5
3164798.8515888127,5
3164969.864536973,5
3165140.8774851332,5
3165311.890433293,6
3165482.9033814534,5
3165653.9163296134,5
3165824.9292777735,5
3165995.9422259335,5
3166166.9551740936,5
3166337.9681222537,5
3166508.9810704137,5
3166679.994018574,5
3166851.006966734,5
3167022.019914894,5
3167193.032863054,5
3167364.045811214,5
3167535.058759374,5
3167706.071707534,5
3167877.084655694,5
3168048.0976038543,5
3168219.1105520143,5
3168390.1235001744,4
3168561.1364483344,4
3168732.1493964945,4
3168903.1623446546,4
3169074.1752928146,4
3169245.1882409747,4
3169416.2011891347,4
3169587.214137295,4
3169758.227085455,4
3169929.240033615,4
3170100.252981775,5
3170271.265929935,5
3170442.278878095,5
3170613.291826255,5
3170784.304774415,5
3170955.3177225753,5
3171126.3306707353,5
3171297.3436188954,5
3171468.3565670555,5
3171639.3695152155,5
3171810.3824633756,4
3171981.3954115356,6
3172152.4083596957,5
3172323.4213078558,5
3172494.434256016,5
3172665.447204176,6
3172836.460152336,5
3173007.473100496,5
3173178.486048656,5
3173349.498996816,5
3173520.511944976,5
3173691.524893136,5
3173862.5378412963,5
3174033.5507894563,5
3174204.5637376164,5
3174375.5766857765,5
3174546.5896339365,5
3174717.6025820966,5
3174888.6155302566,5
3175059.6284784167,5
3175230.6414265768,5
3175401.654374737,5
3175572.667322897,5
3175743.680271057,5
3175914.693219217,5
3176085.706167377,5
3176256.719115537,5
3176427.732063697,5
3176598.7450118572,5
3176769.7579600173,5
3176940.7709081774,5
3177111.7838563374,5
3177282.7968044975,5
3177453.8097526575,6
3177624.8227008176,5
3177795.8356489777,5
3177966.8485971377,5
3178137.861545298,5
3178308.874493458,5
3178479.887441618,5
3178650.900389778,4
3178821.913337938,5
3178992.926286098,5
3179163.939234258,6
3179334.952182418,4
3179505.9651305783,4
3179676.9780787383,3
3179847.9910268984,3
3180019.0039750584,4
3180190.0169232185,4
3180361.0298713786,5
3180532.0428195386,5
3180703.0557676987,4
3180874.0687158587,4
3181045.081664019,5
3181216.094612179,5
3181387.107560339,5
3181558.120508499,5
3181729.133456659,5
3181900.146404819,5
3182071.159352979,5
3182242.172301139,5
3182413.1852492993,5
3182584.1981974593,5
3182755.2111456194,5
3182926.2240937795,5
3183097.2370419395,5
3183268.2499900996,5
3183439.2629382596,6
3183610.2758864197,5
3183781.2888345798,5
3183952.30178274,5
3184123.3147309,5
3184294.32767906,5
3184465.34062722,5
3184636.35357538,5
3184807.36652354,5
3184978.3794717,5
3185149.39241986,5
3185320.4053680203,5
3185491.4183161804,5
3185662.4312643404,5
3185833.4442125005,5
3186004.4571606605,5
3186175.4701088206,5
3186346.4830569807,5
3186517.4960051407,6
3186688.508953301,6
3186859.521901461,5
3187030.534849621,6
3187201.547797781,5
3187372.560745941,5
3187543.573694101,5
3187714.586642261,5
3187885.599590421,5
3188056.6125385812,6
3188227.6254867413,5
3188398.6384349014,5
3188569.6513830614,5
3188740.6643312215,5
3188911.6772793815,5
3189082.6902275416,6
3189253.7031757017,7
3189424.7161238617,6
3189595.729072022,6
3189766.742020182,5
3189937.754968342,5
3190108.767916502,5
3190279.780864662,5
3190450.793812822,6
3190621.806760982,6
3190792.819709142,6
3190963.8326573023,6
3191134.8456054623,5
3191305.8585536224,5
3191476.8715017824,5
3191647.8844499425,5
3191818.8973981026,6
3191989.9103462626,5
3192160.9232944227,6
3192331.9362425827,5
3192502.949190743,5
3192673.962138903,6
3192844.975087063,5
3193015.988035223,4
3193187.000983383,5
3193358.013931543,4
3193529.026879703,5
3193700.039827863,5
3193871.0527760233,5
3194042.0657241833,5
3194213.0786723434,4
3194384.0916205035,3
3194555.1045686635,4
3194726.1175168236,3
3194897.1304649836,4
3195068.1434131437,4
3195239.1563613038,4
3195410.169309464,5
3195581.182257624,5
3195752.195205784,5
3195923.208153944,6
3196094.221102104,6
3196265.234050264,6
3196436.246998424,6
3196607.2599465842,6
3196778.2728947443,5
3196949.2858429044,5
3197120.2987910644,5
3197291.3117392245,6
3197462.3246873845,5
3197633.3376355446,5
3197804.3505837047,5
3197975.3635318647,4
3198146.376480025,4
3198317.389428185,4
3198488.402376345,5
3198659.415324505,5
3198830.428272665,5
3199001.441220825,5
3199172.454168985,5
3199343.467117145,6
3199514.4800653053,6
3199685.4930134653,6
3199856.5059616254,6
3200027.5189097854,6
3200198.5318579455,6
3200369.5448061056,6
3200540.5577542656,5
3200711.5707024257,6
3200882.5836505857,6
3201053.596598746,6
3201224.609546906,6
3201395.622495066,6
3201566.635443226,7
3201737.648391386,6
3201908.661339546,5
3202079.674287706,5
3202250.687235866,5
3202421.7001840263,5
3202592.7131321863,5
3202763.7260803464,5
3202934.7390285064,5
3203105.7519766665,5
3203276.7649248266,5
3203447.7778729866,7
3203618.7908211467,5
3203789.8037693067,5
3203960.816717467,3
3204131.829665627,3
3204302.842613787,5
3204473.855561947,3
3204644.868510107,4
3204815.881458267,3
3204986.894406427,4
3205157.907354587,4
3205328.9203027473,4
3205499.9332509073,3
3205670.9461990674,3
3205841.9591472275,4
3206012.9720953875,5
3206183.9850435476,4
3206354.9979917076,4
3206526.0109398677,4
3206697.0238880278,4
3206868.036836188,4
3207039.049784348,5
3207210.062732508,5
3207381.075680668,5
3207552.088628828,5
3207723.101576988,4
3207894.114525148,5
3208065.1274733082,4
3208236.1404214683,4
3208407.1533696284,3
3208578.1663177884,3
3208749.1792659485,3
3208920.1922141085,3
3209091.2051622686,3
3209262.2181104287,3
3209433.2310585887,3
3209604.244006749,3
3209775.256954909,3
3209946.269903069,4
3210117.282851229,4
3210288.295799389,3
3210459.308747549,4
3210630.321695709,4
3210801.334643869,3
3210972.3475920293,4
3211143.3605401893,3
3211314.3734883494,3
3211485.3864365094,3
3211656.3993846695,3
3211827.4123328296,3
3211998.4252809896,4
3212169.4382291497,4
3212340.4511773097,3
3212511.46412547,3
3212682.47707363,4
3212853.49002179,4
3213024.50296995,5
3213195.51591811,5
3213366.52886627,4
3213537.54181443,7
3213708.55476259,5
3213879.5677107503,7
3214050.5806589103,5
3214221.5936070704,5
3214392.6065552304,5
3214563.6195033905,5
3214734.6324515506,5
3214905.6453997106,5
3215076.6583478707,5
3215247.6712960307,5
3215418.684244191,5
3215589.697192351,4
3215760.710140511,4
3215931.723088671,4
3216102.736036831,4
3216273.748984991,4
3216444.761933151,4
3216615.774881311,4
3216786.7878294713,4
3216957.8007776313,4
3217128.8137257914,4
3217299.8266739515,4
3217470.8396221115,4
3217641.8525702716,4
3217812.8655184316,5
3217983.8784665917,5
3218154.8914147518,5
3218325.904362912,5
3218496.917311072,5
3218667.930259232,5
3218838.943207392,5
3219009.956155552,5
3219180.969103712,5
3219351.982051872,5
3219522.9950000322,6
3219694.0079481923,5
3219865.0208963524,5
3220036.0338445124,5
3220207.0467926725,5
3220378.0597408325,5
3220549.0726889926,5
3220720.0856371527,5
3220891.0985853127,5
3221062.111533473,5
3221233.124481633,4
3221404.137429793,4
3221575.150377953,4
3221746.163326113,5
3221917.176274273,5
3222088.189222433,5
3222259.202170593,5
3222430.2151187533,5
3222601.2280669133,5
3222772.2410150734,5
3222943.2539632334,5
3223114.2669113935,5
3223285.2798595536,5
3223456.2928077136,4
3223627.3057558737,5
3223798.3187040337,4
3223969.331652194,4
3224140.344600354,5
3224311.357548514,5
3224482.370496674,4
3224653.383444834,4
3224824.396392994,4
3224995.409341154,4
3225166.422289314,4
3225337.4352374743,4
3225508.4481856343,4
3225679.4611337944,4
3225850.4740819545,4
3226021.4870301145,4
3226192.4999782746,4
3226363.5129264346,4
3226534.5258745947,4
3226705.5388227548,4
3226876.551770915,4
3227047.564719075,4
3227218.577667235,4
3227389.590615395,4
3227560.603563555,4
3227731.616511715,5
3227902.629459875,4
3228073.642408035,4
3228244.6553561953,4
3228415.6683043553,4
3228586.6812525154,4
3228757.6942006755,4
3228928.7071488355,4
3229099.7200969956,5
3229270.7330451556,4
3229441.7459933157,4
3229612.758941476,3
3229783.771889636,4
3229954.784837796,3
3230125.797785956,3
3230296.810734116,3
3230467.823682276,3
3230638.836630436,3
3230809.849578596,3
3230980.8625267562,3
3231151.8754749163,3
3231322.8884230764,3
3231493.9013712364,3
3231664.9143193965,3
3231835.9272675565,3
3232006.9402157166,3
3232177.9531638767,3
3232348.9661120367,3
3232519.979060197,3
3232690.992008357,3
3232862.004956517,3
3233033.017904677,3
3233204.030852837,3
3233375.043800997,3
3233546.056749157,4
3233717.069697317,3
3233888.0826454773,3
3234059.0955936373,3
3234230.1085417974,3
3234401.1214899574,3
3234572.1344381175,4
3234743.1473862776,3
3234914.1603344376,3
3235085.1732825977,3
3235256.1862307577,3
3235427.199178918,3
3235598.212127078,3
3235769.225075238,4
3235940.238023398,4
3236111.250971558,4
3236282.263919718,4
3236453.276867878,4
3236624.289816038,4
3236795.3027641983,4
3236966.3157123583,5
3237137.3286605184,4
3237308.3416086785,4
3237479.3545568385,4
3237650.3675049986,3
3237821.3804531586,4
3237992.3934013187,3
3238163.4063494788,3
3238334.419297639,3
3238505.432245799,3
3238676.445193959,3
3238847.458142119,3
3239018.471090279,3
3239189.484038439,3
3239360.496986599,3
3239531.5099347592,3
3239702.5228829193,3
3239873.5358310794,3
3240044.5487792394,3
3240215.5617273995,3
3240386.5746755595,6
3240557.5876237196,5
3240728.6005718797,7
3240899.6135200397,4
3241070.6264682,4
3241241.63941636,4
3241412.65236452,4
3241583.66531268,4
3241754.67826084,5
3241925.691209,4
3242096.70415716,4
3242267.71710532,4
3242438.7300534802,4
3242609.7430016403,4
3242780.7559498004,5
3242951.7688979604,4
3243122.7818461205,5
3243293.7947942805,5
3243464.8077424406,5
3243635.8206906007,5
3243806.8336387607,8
3243977.846586921,6
3244148.859535081,7
3244319.872483241,6
3244490.885431401,5
3244661.898379561,3
3244832.911327721,4
3245003.924275881,5
3245174.937224041,4
3245345.9501722013,4
3245516.9631203613,4
3245687.9760685214,4
3245858.9890166814,3
3246030.0019648415,3
3246201.0149130016,4
3246372.0278611616,4
3246543.0408093217,5
3246714.0537574817,5
3246885.066705642,5
3247056.079653802,4
3247227.092601962,4
3247398.105550122,4
3247569.118498282,4
3247740.131446442,4
3247911.144394602,7
3248082.157342762,4
3248253.1702909223,4
3248424.1832390823,5
3248595.1961872424,5
3248766.2091354025,5
3248937.222083563,4
3249108.2350317226,4
3249279.2479798826,5
3249450.2609280427,5
3249621.2738762028,3
3249792.286824363,5
3249963.299772523,6
3250134.312720683,6
3250305.325668843,6
3250476.338617003,6
3250647.351565163,6
3250818.364513323,6
3250989.3774614832,8
3251160.3904096433,6
3251331.4033578034,7
3251502.4163059634,6
3251673.4292541235,7
3251844.4422022835,8
3252015.4551504436,8
3252186.4680986037,8
3252357.4810467637,7
3252528.493994924,6
3252699.506943084,5
3252870.519891244,5
3253041.532839404,5
3253212.545787564,6
3253383.558735724,6
3253554.571683884,6
3253725.584632044,6
3253896.5975802047,6
3254067.610528365,6
3254238.6234765244,6
3254409.6364246844,8
3254580.649372845,8
3254751.6623210046,8
3254922.6752691646,11
3255093.688217325,8
3255264.7011654847,8
3255435.7141136453,9
3255606.727061805,7
3255777.740009965,7
3255948.752958125,7
3256119.765906285,7
3256290.778854445,7
3256461.791802605,7
3256632.8047507657,7
3256803.8176989253,8
3256974.8306470853,7
3257145.8435952454,7
3257316.856543406,6
3257487.869491566,6
3257658.882439726,6
3257829.8953878856,7
3258000.908336046,7
3258171.9212842057,7
3258342.934232366,6
3258513.9471805263,7
3258684.960128686,7
3258855.973076846,6
3259026.986025006,6
3259197.9989731666,6
3259369.011921326,6
3259540.024869486,6
3259711.0378176463,7
3259882.0507658063,6
3260053.063713967,5
3260224.076662127,5
3260395.0896102865,5
3260566.1025584466,6
3260737.115506607,5
3260908.128454767,6
3261079.141402927,6
3261250.1543510873,6
3261421.1672992473,6
3261592.180247407,6
3261763.1931955675,5
3261934.206143727,5
3262105.2190918876,5
3262276.2320400476,5
3262447.2449882077,5
3262618.2579363678,5
3262789.270884528,5
3262960.283832688,6
3263131.296780848,6
3263302.309729008,6
3263473.322677168,6
3263644.335625328,6
3263815.348573488,6
3263986.361521648,6
3264157.3744698083,6
3264328.3874179684,5
3264499.4003661284,5
3264670.4133142885,5
3264841.4262624485,4
3265012.439210608,4
3265183.4521587687,4
3265354.4651069287,4
3265525.4780550883,5
3265696.491003249,4
3265867.503951409,4
3266038.516899569,3
3266209.5298477286,3
3266380.542795889,3
3266551.555744049,4
3266722.568692209,5
3266893.5816403693,5
3267064.5945885293,5
3267235.6075366894,4
3267406.6204848494,5
3267577.6334330095,5
3267748.6463811696,4
3267919.6593293296,4
3268090.6722774897,5
3268261.6852256497,5
3268432.69817381,4
3268603.71112197,4
3268774.72407013,4
3268945.73701829,4
3269116.74996645,4
3269287.76291461,4
3269458.77586277,5
3269629.78881093,6
3269800.8017590903,6
3269971.8147072503,5
3270142.8276554104,6
3270313.8406035705,6
3270484.8535517305,6
3270655.8664998906,5
3270826.8794480506,5
3270997.8923962107,5
3271168.9053443708,4
3271339.918292531,4
3271510.931240691,5
3271681.944188851,4
3271852.957137011,4
3272023.970085171,5
3272194.983033331,6
3272365.995981491,6
3272537.008929651,5
3272708.0218778113,7
3272879.0348259714,5
3273050.0477741314,5
3273221.0607222915,5
3273392.0736704515,4
3273563.0866186116,4
3273734.0995667716,3
3273905.1125149317,5
3274076.125463092,6
3274247.138411252,7
3274418.151359412,6
3274589.164307572,6
3274760.177255732,5
3274931.190203892,6
3275102.203152052,7
3275273.216100212,7
3275444.2290483722,7
3275615.2419965323,7
3275786.2549446924,8
3275957.2678928524,8
3276128.2808410125,8
3276299.2937891725,7
3276470.3067373326,8
3276641.3196854927,7
3276812.3326336527,8
3276983.345581813,8
3277154.358529973,6
3277325.371478133,7
3277496.384426293,8
3277667.397374453,8
3277838.410322613,7
3278009.423270773,7
3278180.436218933,7
3278351.4491670933,7
3278522.4621152533,7
3278693.4750634134,7
3278864.4880115734,7
3279035.5009597335,7
3279206.5139078936,7
3279377.5268560536,8
3279548.5398042137,8
3279719.5527523737,8
3279890.565700534,8
3280061.578648694,8
3280232.591596854,8
3280403.604545014,8
3280574.617493174,8
3280745.630441334,8
3280916.643389494,7
3281087.656337654,6
3281258.6692858143,6
3281429.6822339743,6
3281600.6951821344,6
3281771.7081302945,8
3281942.7210784545,8
3282113.7340266146,8
3282284.7469747746,8
3282455.7599229347,9
3282626.7728710948,8
3282797.785819255,9
3282968.798767415,8
3283139.811715575,6
3283310.824663735,6
3283481.837611895,7
3283652.850560055,8
3283823.863508215,7
3283994.8764563752,8
3284165.8894045353,7
3284336.9023526954,7
3284507.9153008554,7
3284678.9282490155,7
3284849.9411971755,8
3285020.9541453356,8
3285191.9670934957,7
3285362.9800416557,7
3285533.992989816,7
3285705.005937976,6
3285876.018886136,6
3286047.031834296,8
3286218.044782456,8
3286389.057730616,9
3286560.070678776,8
3286731.083626936,7
3286902.0965750962,8
3287073.1095232563,7
3287244.1224714164,7
3287415.1354195764,8
3287586.1483677365,7
3287757.1613158965,6
3287928.1742640566,7
3288099.1872122167,7
3288270.2001603767,6
3288441.213108537,6
3288612.226056697,5
3288783.239004857,6
3288954.251953017,6
3289125.264901177,7
3289296.277849337,6
3289467.290797497,6
3289638.303745657,6
3289809.3166938173,6
3289980.3296419773,5
3290151.3425901374,6
3290322.3555382974,6
3290493.3684864575,6
3290664.3814346176,6
3290835.3943827776,5
3291006.4073309377,7
3291177.4202790977,6
3291348.433227258,6
3291519.446175418,6
3291690.459123578,6
3291861.472071738,7
3292032.485019898,7
3292203.497968058,6
3292374.510916218,6
3292545.523864378,5
3292716.5368125383,7
3292887.5497606983,6
3293058.5627088584,4
3293229.5756570185,4
3293400.5886051785,4
3293571.6015533386,5
3293742.6145014986,5
3293913.6274496587,4
3294084.6403978188,4
3294255.653345979,4
3294426.666294139,4
3294597.679242299,3
3294768.692190459,3
3294939.705138619,3
3295110.718086779,3
3295281.731034939,3
3295452.7439830992,3
3295623.7569312593,3
3295794.7698794194,3
3295965.7828275794,4
3296136.7957757395,3
3296307.8087238995,3
3296478.8216720596,3
3296649.8346202197,3
3296820.8475683797,3
3296991.86051654,3
3297162.8734647,4
3297333.88641286,4
3297504.89936102,4
3297675.91230918,3
3297846.92525734,3
3298017.9382055,3
3298188.95115366,3
3298359.9641018203,3
3298530.9770499803,3
3298701.9899981404,3
3298873.0029463004,3
3299044.0158944605,3
3299215.0288426206,3
3299386.0417907806,3
3299557.0547389407,3
3299728.0676871007,3
3299899.080635261,3
3300070.093583421,3
3300241.106531581,4
3300412.119479741,4
3300583.132427901,3
3300754.145376061,3
3300925.158324221,3
3301096.171272381,4
3301267.1842205413,4
3301438.1971687013,3
3301609.2101168614,4
3301780.2230650214,3
3301951.2360131815,4
3302122.2489613416,4
3302293.2619095016,4
3302464.2748576617,4
3302635.2878058217,4
3302806.300753982,4
3302977.313702142,4
3303148.326650302,4
3303319.339598462,4
3303490.352546622,4
3303661.365494782,7
3303832.378442942,7
3304003.391391102,9
3304174.4043392623,5
3304345.4172874223,8
3304516.4302355824,5
3304687.4431837425,8
3304858.4561319025,6
3305029.4690800626,4
3305200.4820282226,5
3305371.4949763827,6
3305542.5079245428,5
3305713.520872703,5
3305884.533820863,5
3306055.546769023,5
3306226.559717183,5
3306397.572665343,5
3306568.585613503,5
3306739.598561663,5
3306910.6115098232,5
3307081.6244579833,5
3307252.6374061434,5
3307423.6503543034,5
3307594.6633024635,5
3307765.6762506235,5
3307936.6891987836,5
3308107.7021469437,5
3308278.7150951037,5
3308449.728043264,5
3308620.740991424,5
3308791.753939584,5
3308962.766887744,5
3309133.779835904,5
3309304.792784064,5
3309475.805732224,4
3309646.818680384,4
3309817.8316285443,4
3309988.8445767043,4
3310159.8575248644,4
3310330.8704730244,4
3310501.8834211845,4
3310672.8963693446,4
3310843.9093175046,4
3311014.9222656647,4
3311185.9352138247,4
3311356.948161985,4
3311527.961110145,4
3311698.974058305,4
3311869.987006465,4
3312040.999954625,4
3312212.012902785,4
3312383.025850945,4
3312554.038799105,5
3312725.0517472653,5
3312896.0646954253,5
3313067.0776435854,5
3313238.0905917455,5
3313409.1035399055,5
3313580.1164880656,5
3313751.1294362256,5
3313922.1423843857,4
3314093.1553325457,4
3314264.168280706,4
3314435.181228866,4
3314606.194177026,4
3314777.207125186,4
3314948.220073346,4
3315119.233021506,4
3315290.245969666,4
3315461.258917826,4
3315632.2718659863,4
3315803.2848141463,4
3315974.2977623064,4
3316145.3107104665,4
3316316.3236586265,4
3316487.3366067866,4
3316658.3495549466,4
3316829.3625031067,3
3317000.3754512668,3
3317171.388399427,3
3317342.401347587,3
3317513.414295747,3
3317684.427243907,3
3317855.440192067,3
3318026.453140227,2
3318197.466088387,3
3318368.4790365472,3
3318539.4919847073,3
3318710.5049328674,3
3318881.5178810274,3
3319052.5308291875,3
3319223.5437773475,3
3319394.5567255076,3
3319565.5696736677,3
3319736.5826218277,3
3319907.595569988,4
3320078.608518148,4
3320249.621466308,4
3320420.634414468,4
3320591.647362628,4
3320762.660310788,4
3320933.673258948,4
3321104.686207108,4
3321275.6991552683,5
3321446.7121034283,5
3321617.7250515884,5
3321788.7379997484,5
3321959.7509479085,5
3322130.7638960686,5
3322301.7768442286,5
3322472.7897923887,5
3322643.8027405487,5
3322814.815688709,5
3322985.828636869,5
3323156.841585029,5
3323327.854533189,5
3323498.867481349,5
3323669.880429509,5
3323840.893377669,5
3324011.906325829,5
3324182.9192739893,5
3324353.9322221493,6
3324524.9451703094,5
3324695.9581184695,5
3324866.9710666295,5
3325037.9840147896,5
3325208.9969629496,5
3325380.0099111097,5
3325551.0228592698,5
3325722.03580743,5
3325893.04875559,5
3326064.06170375,5
3326235.07465191,6
3326406.08760007,6
3326577.10054823,6
3326748.11349639,6
3326919.12644455,6
3327090.1393927103,6
3327261.1523408704,6
3327432.1652890304,7
3327603.1782371905,7
3327774.1911853505,7
3327945.2041335106,7
3328116.2170816706,6
3328287.2300298307,6
3328458.242977991,8
3328629.255926151,8
3328800.268874311,8
3328971.281822471,8
3329142.294770631,8
3329313.307718791,8
3329484.320666951,8
3329655.333615111,8
3329826.3465632712,8
3329997.3595114313,7
3330168.3724595914,7
3330339.3854077514,7
3330510.3983559115,8
3330681.4113040715,7
3330852.4242522316,8
3331023.4372003917,8
3331194.4501485517,8
3331365.463096712,8
3331536.476044872,8
3331707.488993032,8
3331878.501941192,7
3332049.514889352,7
3332220.527837512,6
3332391.540785672,6
3332562.553733832,7
3332733.5666819923,7
3332904.5796301523,7
3333075.5925783124,7
3333246.6055264724,8
3333417.6184746325,7
3333588.6314227926,6
3333759.6443709526,7
3333930.6573191127,6
3334101.6702672727,6
3334272.683215433,5
3334443.696163593,5
3334614.709111753,6
3334785.722059913,6
3334956.735008073,6
3335127.747956233,6
3335298.760904393,6
3335469.773852553,6
3335640.7868007133,5
3335811.7997488733,6
3335982.8126970334,6
3336153.8256451935,6
3336324.8385933535,6
3336495.8515415136,7
3336666.8644896736,6
3336837.8774378337,6
3337008.8903859938,6
3337179.903334154,6
3337350.916282314,6
3337521.929230474,6
3337692.942178634,6
3337863.955126794,6
3338034.968074954,6
3338205.981023114,6
3338376.9939712742,5
3338548.0069194343,5
3338719.0198675944,5
3338890.0328157544,5
3339061.0457639145,5
3339232.0587120745,5
3339403.0716602346,5
3339574.0846083947,4
3339745.0975565547,4
3339916.110504715,5
3340087.123452875,5
3340258.136401035,5
3340429.149349195,5
3340600.162297355,5
3340771.175245515,5
3340942.188193675,5
3341113.201141835,5
3341284.2140899953,6
3341455.2270381553,6
3341626.2399863154,5
3341797.2529344754,6
3341968.2658826355,6
3342139.2788307955,6
3342310.2917789556,6
3342481.3047271157,6
3342652.3176752757,6
3342823.330623436,6
3342994.343571596,6
3343165.356519756,6
3343336.369467916,6
3343507.382416076,6
3343678.395364236,6
3343849.408312396,6
3344020.421260556,7
3344191.4342087163,7
3344362.4471568763,7
3344533.4601050364,7
3344704.4730531964,7
3344875.4860013565,7
3345046.4989495166,7
3345217.5118976766,7
3345388.5248458367,7
3345559.5377939967,7
3345730.550742157,7
3345901.563690317,8
3346072.576638477,8
3346243.589586637,7
3346414.602534797,7
3346585.615482957,6
3346756.628431117,7
3346927.641379277,6
3347098.6543274373,8
3347269.6672755973,7
3347440.6802237574,9
3347611.6931719175,7
3347782.7061200775,8
3347953.7190682376,6
3348124.7320163976,6
3348295.7449645577,6
3348466.7579127178,7
3348637.770860878,6
3348808.783809038,5
3348979.796757198,5
3349150.809705358,5
3349321.822653518,6
3349492.835601678,8
3349663.848549838,8
3349834.8614979982,6
3350005.8744461583,6
3350176.8873943184,8
3350347.9003424784,7
3350518.9132906385,7
3350689.9262387985,6
3350860.9391869586,5
3351031.9521351187,5
3351202.9650832787,5
3351373.978031439,6
3351544.990979599,6
3351716.003927759,5
3351887.016875919,5
3352058.029824079,5
3352229.042772239,5
3352400.055720399,5
3352571.068668559,4
3352742.0816167193,4
3352913.0945648793,5
3353084.1075130394,4
3353255.1204611994,4
3353426.1334093595,4
3353597.1463575196,5
3353768.1593056796,5
3353939.1722538397,6
3354110.1852019997,5
3354281.19815016,5
3354452.21109832,5
3354623.22404648,5
3354794.23699464,5
3354965.2499428,5
3355136.26289096,5
3355307.27583912,5
3355478.28878728,5
3355649.3017354403,6
3355820.3146836003,6
3355991.3276317604,6
3356162.3405799204,6
3356333.3535280805,6
3356504.3664762406,6
3356675.3794244006,7
3356846.3923725607,6
3357017.4053207207,6
3357188.418268881,6
3357359.431217041,6
3357530.444165201,5
3357701.457113361,6
3357872.470061521,6
3358043.483009681,6
3358214.495957841,7
3358385.508906001,6
3358556.5218541613,7
3358727.5348023213,6
3358898.5477504814,6
3359069.5606986415,6
3359240.5736468015,7
3359411.5865949616,6
3359582.5995431216,7
3359753.6124912817,7
3359924.6254394418,7
3360095.638387602,7
3360266.651335762,7
3360437.664283922,7
3360608.677232082,7
3360779.6901802425,7
3360950.703128402,5
3361121.716076562,6
3361292.7290247227,5
3361463.7419728823,5
3361634.754921043,5
3361805.7678692024,5
3361976.780817363,5
3362147.7937655225,5
3362318.8067136826,5
3362489.8196618427,6
3362660.8326100027,5
3362831.8455581632,6
3363002.858506323,7
3363173.871454483,8
3363344.884402643,8
3363515.897350803,8
3363686.9102989635,8
3363857.923247123,7
3364028.936195283,7
3364199.9491434437,6
3364370.9620916033,6
3364541.9750397634,6
3364712.9879879234,6
3364884.000936084,8
3365055.0138842436,7
3365226.0268324036,7
3365397.0397805637,8
3365568.0527287237,7
3365739.0656768843,7
3365910.078625044,7
3366081.091573204,7
3366252.104521364,7
3366423.1174695245,7
3366594.130417684,6
3366765.143365844,8
3366936.156314004,7
3367107.1692621647,7
3367278.182210325,8
3367449.1951584844,7
3367620.2081066445,7
3367791.2210548045,6
3367962.2340029646,7
3368133.2469511246,9
3368304.2598992847,6
3368475.2728474448,6
3368646.285795605,7
3368817.2987437653,7
3368988.311691925,6
3369159.324640085,6
3369330.3375882455,6
3369501.350536405,6
3369672.363484565,6
3369843.376432725,7
3370014.3893808858,7
3370185.4023290453,6
3370356.4152772054,7
3370527.4282253655,6
3370698.4411735255,5
3370869.454121686,6
3371040.467069846,6
3371211.4800180057,6
3371382.4929661658,6
3371553.505914326,5
3371724.518862486,5
3371895.531810646,5
3372066.5447588065,5
3372237.5577069665,5
3372408.5706551266,3
3372579.5836032867,5
3372750.5965514467,5
3372921.609499607,6
3373092.622447767,5
3373263.635395927,6
3373434.648344087,5
3373605.661292247,5
3373776.674240407,5
3373947.687188567,5
3374118.700136727,5
3374289.7130848872,5
3374460.7260330473,5
3374631.7389812074,4
3374802.751929367,4
3374973.7648775275,4
3375144.7778256875,6
3375315.7907738476,5
3375486.8037220077,5
3375657.8166701673,5
3375828.829618328,5
3375999.8425664874,5
3376170.855514648,5
3376341.868462808,5
3376512.881410968,5
3376683.894359128,5
3376854.9073072877,3
3377025.920255448,4
3377196.9332036083,4
3377367.9461517683,4
3377538.9590999284,4
3377709.972048088,3
3377880.9849962485,3
3378051.9979444086,3
3378223.0108925686,3
3378394.0238407287,3
3378565.0367888883,3
3378736.049737049,3
3378907.062685209,3
3379078.075633369,3
3379249.088581529,3
3379420.101529689,3
3379591.114477849,3
3379762.127426009,3
3379933.140374169,3
3380104.1533223293,3
3380275.1662704893,3
3380446.1792186494,3
3380617.1921668095,3
3380788.205114969,3
3380959.2180631296,3
3381130.2310112896,3
3381301.2439594497,3
3381472.2569076098,3
3381643.26985577,3
3381814.28280393,3
3381985.2957520895,3
3382156.30870025,3
3382327.32164841,3
3382498.33459657,3
3382669.34754473,3
3382840.36049289,3
3383011.3734410503,3
3383182.3863892104,3
3383353.3993373704,3
3383524.4122855305,3
3383695.42523369,3
3383866.4381818506,3
3384037.4511300107,3
3384208.4640781707,3
3384379.477026331,3
3384550.489974491,3
3384721.502922651,3
3384892.515870811,3
3385063.528818971,3
3385234.541767131,3
3385405.554715291,3
3385576.567663451,3
3385747.5806116113,3
3385918.5935597713,3
3386089.6065079314,3
3386260.6194560914,3
3386431.6324042515,3
3386602.6453524115,3
3386773.6583005716,3
3386944.6712487317,3
3387115.6841968917,3
3387286.6971450513,3
3387457.710093212,3
3387628.723041372,3
3387799.735989532,3
3387970.748937692,4
3388141.761885852,4
3388312.774834012,4
3388483.787782172,4
3388654.8007303323,4
3388825.8136784923,4
3388996.8266266524,4
3389167.8395748124,4
3389338.8525229725,4
3389509.8654711326,4
3389680.8784192926,4
3389851.8913674527,4
3390022.9043156127,3
3390193.917263773,3
3390364.930211933,3
3390535.943160093,2
3390706.956108253,2
3390877.969056413,2
3391048.982004573,2
3391219.994952733,3
3391391.007900893,5
3391562.0208490533,3
3391733.0337972133,5
3391904.0467453734,6
3392075.0596935335,4
3392246.0726416935,4
3392417.0855898536,5
3392588.0985380136,5
3392759.1114861737,5
3392930.1244343338,4
3393101.137382494,4
3393272.150330654,4
3393443.163278814,3
3393614.176226974,3
3393785.189175134,3
3393956.202123294,3
3394127.215071454,3
3394298.2280196142,3
3394469.2409677743,3
3394640.2539159344,2
3394811.2668640944,2
3394982.2798122545,3
3395153.2927604145,3
3395324.3057085746,3
3395495.3186567347,2
3395666.3316048947,3
3395837.344553055,3
3396008.357501215,4
3396179.370449375,3
3396350.383397535,3
3396521.396345695,3
3396692.409293855,3
3396863.422242015,3
3397034.435190175,3
3397205.4481383353,4
3397376.4610864953,4
3397547.4740346554,4
3397718.4869828154,5
3397889.4999309755,4
3398060.5128791356,4
3398231.5258272956,4
3398402.5387754557,4
3398573.5517236157,5
3398744.564671776,3
3398915.577619936,3
3399086.590568096,3
3399257.603516256,3
3399428.616464416,3
3399599.629412576,3
3399770.642360736,4
3399941.655308896,4
3400112.6682570563,4
3400283.6812052163,4
3400454.6941533764,4
3400625.7071015364,4
3400796.7200496965,5
3400967.7329978566,5
3401138.7459460166,4
3401309.7588941767,5
3401480.7718423367,5
3401651.784790497,5
3401822.797738657,5
3401993.810686817,4
3402164.823634977,3
3402335.836583137,3
3402506.849531297,3
3402677.862479457,5
3402848.875427617,5
3403019.8883757773,5
3403190.9013239373,5
3403361.9142720974,5
3403532.9272202575,5
3403703.9401684175,5
3403874.9531165776,5
3404045.9660647376,5
3404216.9790128977,5
3404387.9919610578,4
3404559.004909218,4
3404730.017857378,4
3404901.030805538,3
3405072.043753698,3
3405243.056701858,3
3405414.069650018,3
3405585.082598178,3
3405756.0955463382,5
3405927.1084944983,4
3406098.1214426584,4
3406269.1343908184,5
3406440.1473389785,4
3406611.1602871385,4
3406782.1732352986,4
3406953.1861834587,5
3407124.1991316187,4
3407295.212079779,4
3407466.225027939,5
3407637.237976099,4
3407808.250924259,4
3407979.263872419,5
3408150.276820579,5
3408321.289768739,4
3408492.302716899,4
3408663.3156650593,6
3408834.3286132193,5
3409005.3415613794,3
3409176.3545095394,4
3409347.3674576995,5
3409518.3804058596,2
3409689.3933540196,4
3409860.4063021797,4
3410031.4192503397,3
3410202.4321985,2
3410373.44514666,3
3410544.45809482,3
3410715.47104298,3
3410886.48399114,4
3411057.4969393,3
3411228.50988746,3
3411399.52283562,4
3411570.5357837803,5
3411741.5487319403,5
3411912.5616801004,6
3412083.5746282605,6
3412254.5875764205,5
3412425.6005245806,4
3412596.6134727406,4
3412767.6264209007,4
3412938.6393690608,3
3413109.652317221,4
3413280.665265381,5
3413451.678213541,4
3413622.691161701,4
3413793.704109861,4
3413964.717058021,4
3414135.730006181,4
3414306.742954341,4
3414477.7559025013,4
3414648.7688506613,4
3414819.7817988214,4
3414990.7947469815,4
3415161.8076951415,4
3415332.8206433016,4
3415503.8335914616,5
3415674.8465396217,3
3415845.8594877818,3
3416016.872435942,3
3416187.885384102,3
3416358.898332262,3
3416529.911280422,3
3416700.924228582,3
3416871.937176742,4
3417042.950124902,3
3417213.9630730622,3
3417384.9760212223,3
3417555.9889693824,3
3417727.0019175424,3
3417898.0148657025,3
3418069.0278138625,3
3418240.0407620226,3
3418411.0537101827,3
3418582.0666583427,3
3418753.079606503,3
3418924.092554663,3
3419095.105502823,3
3419266.118450983,3
3419437.131399143,3
3419608.144347303,3
3419779.157295463,3
3419950.170243623,3
3420121.1831917833,3
3420292.1961399433,3
3420463.2090881034,3
3420634.2220362634,3
3420805.2349844235,3
3420976.2479325836,3
3421147.2608807436,3
3421318.2738289037,3
3421489.2867770637,3
3421660.299725224,3
3421831.312673384,3
3422002.325621544,3
3422173.338569704,3
3422344.351517864,3
3422515.364466024,3
3422686.377414184,3
3422857.390362344,3
3423028.4033105043,3
3423199.4162586643,3
3423370.4292068244,3
3423541.4421549845,3
3423712.4551031445,3
3423883.4680513046,3
3424054.4809994646,3
3424225.4939476247,3
3424396.5068957848,3
3424567.519843945,3
3424738.532792105,3
3424909.545740265,3
3425080.558688425,3
3425251.571636585,3
3425422.584584745,3
3425593.597532905,3
3425764.610481065,3
3425935.6234292253,3
3426106.6363773854,3
3426277.6493255454,3
3426448.6622737055,3
3426619.6752218655,3
3426790.6881700256,3
3426961.7011181857,3
3427132.7140663457,3
3427303.727014506,3
3427474.739962666,3
3427645.752910826,3
3427816.765858986,3
3427987.778807146,3
3428158.791755306,3
3428329.804703466,3
3428500.817651626,3
3428671.8305997862,3
3428842.8435479463,3
3429013.8564961064,3
3429184.8694442664,3
3429355.8823924265,3
3429526.8953405865,3
3429697.9082887466,3
3429868.9212369067,3
3430039.9341850667,3
3430210.947133227,3
3430381.960081387,3
3430552.973029547,3
3430723.985977707,3
3430894.998925867,3
3431066.011874027,3
3431237.024822187,3
3431408.037770347,3
3431579.0507185073,3
3431750.0636666673,3
3431921.0766148274,3
3432092.0895629874,3
3432263.1025111475,3
3432434.1154593076,3
3432605.1284074676,3
3432776.1413556277,3
3432947.1543037877,3
3433118.167251948,3
3433289.180200108,3
3433460.193148268,3
3433631.206096428,3
3433802.219044588,3
3433973.231992748,3
3434144.244940908,3
3434315.257889068,3
3434486.2708372283,4
3434657.2837853883,3
3434828.2967335484,3
3434999.3096817085,3
3435170.3226298685,3
3435341.3355780286,3
3435512.3485261886,3
3435683.3614743487,3
3435854.3744225088,3
3436025.387370669,3
3436196.400318829,3
3436367.413266989,3
3436538.426215149,3
3436709.439163309,3
3436880.452111469,3
3437051.465059629,3
3437222.4780077892,3
3437393.4909559493,3
3437564.5039041094,3
3437735.5168522694,3
3437906.5298004295,3
3438077.5427485895,3
3438248.5556967496,3
3438419.5686449097,3
3438590.5815930697,3
3438761.59454123,4
3438932.60748939,5
3439103.62043755,4
3439274.63338571,5
3439445.64633387,4
3439616.65928203,4
3439787.67223019,3
3439958.68517835,3
3440129.6981265103,3
3440300.7110746703,3
3440471.7240228304,3
3440642.7369709904,3
3440813.7499191505,3
3440984.7628673106,3
3441155.7758154706,3
3441326.7887636307,3
3441497.8017117907,3
3441668.814659951,3
3441839.827608111,3
3442010.840556271,3
3442181.853504431,3
3442352.866452591,3
3442523.879400751,3
3442694.892348911,3
3442865.905297071,3
3443036.9182452313,3
3443207.9311933913,3
3443378.9441415514,3
3443549.9570897114,3
3443720.9700378715,3
3443891.9829860316,3
3444062.9959341916,3
3444234.0088823517,3
3444405.0218305117,3
3444576.034778672,3
3444747.047726832,3
3444918.060674992,3
3445089.073623152,3
3445260.086571312,3
3445431.099519472,3
3445602.112467632,3
3445773.125415792,3
3445944.1383639523,3
3446115.1513121123,3
3446286.1642602724,3
3446457.1772084325,3
3446628.1901565925,3
3446799.2031047526,3
3446970.2160529126,3
3447141.2290010727,3
3447312.2419492328,3
3447483.254897393,3
3447654.267845553,3
3447825.280793713,3
3447996.293741873,3
3448167.306690033,3
3448338.319638193,3
3448509.332586353,3
3448680.3455345137,3
3448851.3584826738,3
3449022.3714308334,3
3449193.3843789934,3
3449364.3973271535,3
3449535.410275314,3
3449706.423223474,3
3449877.4361716337,3
3450048.4491197937,3
3450219.462067954,4
3450390.4750161143,3
3450561.487964274,4
3450732.500912434,3
3450903.5138605945,3
3451074.526808754,3
3451245.539756914,3
3451416.552705074,3
3451587.5656532347,3
3451758.578601395,3
3451929.5915495544,3
3452100.6044977144,3
3452271.6174458745,3
3452442.6303940346,3
3452613.6433421946,3
3452784.6562903547,3
3452955.6692385147,3
3453126.682186675,3
3453297.695134835,3
3453468.7080829954,3
3453639.721031155,3
3453810.7339793155,3
3453981.7469274756,3
3454152.759875635,3
3454323.772823795,3
3454494.7857719553,3
3454665.798720116,3
3454836.8116682754,3
3455007.8246164354,3
3455178.8375645955,3
3455349.8505127556,3
3455520.863460916,3
3455691.8764090757,3
3455862.8893572357,3
3456033.902305396,3
3456204.915253556,3
3456375.928201716,3
3456546.941149876,4
3456717.9540980365,3
3456888.9670461966,3
3457059.979994356,3
3457230.992942516,3
3457402.0058906763,3
3457573.018838837,3
3457744.031786997,3
3457915.0447351565,3
3458086.0576833165,3
3458257.0706314766,3
3458428.0835796366,3
3458599.0965277967,3
3458770.1094759568,3
3458941.1224241173,3
3459112.135372277,3
3459283.148320437,3
3459454.161268597,3
3459625.174216757,3
3459796.187164917,3
3459967.200113077,3
3460138.2130612372,3
3460309.226009398,3
3460480.2389575574,3
3460651.251905718,3
3460822.2648538775,3
3460993.2778020375,3
3461164.290750198,3
3461335.3036983577,3
3461506.3166465177,3
3461677.3295946782,3
3461848.3425428383,3
3462019.3554909984,3
3462190.3684391584,3
3462361.381387318,3
3462532.3943354785,3
3462703.4072836386,3
3462874.4202317987,3
3463045.4331799587,3
3463216.446128119,3
3463387.459076279,3
3463558.4720244384,3
3463729.484972599,3
3463900.497920759,3
3464071.510868919,3
3464242.523817079,3
3464413.5367652387,3
3464584.5497133993,3
3464755.5626615593,3
3464926.5756097194,3
3465097.5885578794,3
3465268.601506039,3
3465439.6144541996,3
3465610.6274023596,3
3465781.6403505197,3
3465952.6532986797,3
3466123.66624684,3
3466294.679195,3
3466465.6921431595,3
3466636.7050913195,3
3466807.71803948,3
3466978.73098764,4
3467149.7439358,3
3467320.75688396,3
3467491.76983212,3
3467662.7827802803,4
3467833.7957284404,4
3468004.8086766005,3
3468175.8216247605,3
3468346.8345729206,3
3468517.8475210806,3
3468688.86046924,3
3468859.8734174008,3
3469030.886365561,3
3469201.899313721,3
3469372.912261881,3
3469543.9252100405,3
3469714.938158201,3
3469885.951106361,3
3470056.964054521,3
3470227.9770026812,3
3470398.989950841,3
3470570.0028990014,3
3470741.0158471614,3
3470912.0287953215,3
3471083.041743481,3
3471254.0546916416,3
3471425.0676398017,3
3471596.0805879617,3
3471767.093536122,3
3471938.106484282,3
3472109.119432442,3
3472280.132380602,3
3472451.145328762,3
3472622.1582769216,3
3472793.171225082,3
3472964.184173242,3
3473135.1971214022,3
3473306.210069562,3
3473477.2230177224,3
3473648.2359658824,3
3473819.248914042,3
3473990.2618622025,3
3474161.2748103626,3
3474332.2877585227,3
3474503.3007066827,3
3474674.313654843,3
3474845.326603003,3
3475016.339551163,3
3475187.352499323,3
3475358.365447483,4
3475529.378395643,4
3475700.391343803,4
3475871.404291963,4
3476042.4172401233,4
3476213.4301882833,4
3476384.4431364434,4
3476555.4560846034,4
3476726.4690327635,4
3476897.4819809236,4
3477068.4949290836,4
3477239.5078772437,4
3477410.5208254037,4
3477581.533773564,4
3477752.546721724,4
3477923.559669884,4
3478094.572618044,4
3478265.585566204,4
3478436.598514364,4
3478607.611462524,4
3478778.624410684,4
3478949.6373588443,4
3479120.6503070043,3
3479291.6632551644,4
3479462.6762033245,4
3479633.6891514845,3
3479804.7020996446,3
3479975.7150478046,3
3480146.7279959647,3
3480317.7409441248,3
3480488.753892285,3
3480659.766840445,3
3480830.779788605,3
3481001.792736765,3
3481172.805684925,3
3481343.818633085,3
3481514.831581245,3
3481685.8445294052,3
3481856.8574775653,3
3482027.8704257254,4
3482198.8833738854,3
3482369.8963220455,3
3482540.9092702055,3
3482711.9222183656,3
3482882.9351665257,3
3483053.9481146857,4
3483224.961062846,5
3483395.974011006,4
3483566.986959166,4
3483737.999907326,4
3483909.012855486,3
3484080.025803646,4
3484251.038751806,4
3484422.051699966,4
3484593.0646481263,3
3484764.0775962863,3
3484935.0905444464,3
3485106.1034926064,3
3485277.1164407665,3
3485448.1293889266,3
3485619.1423370866,3
3485790.1552852467,3
3485961.1682334067,3
3486132.181181567,3
3486303.194129727,3
3486474.207077887,3
3486645.220026047,3
3486816.232974207,3
3486987.245922367,3
3487158.258870527,3
3487329.271818687,3
3487500.2847668473,3
3487671.2977150073,3
3487842.3106631674,3
3488013.3236113274,3
3488184.3365594875,3
3488355.3495076476,3
3488526.3624558076,3
3488697.3754039677,3
3488868.3883521277,3
3489039.401300288,3
3489210.414248448,3
3489381.427196608,3
3489552.440144768,3
3489723.453092928,3
3489894.466041088,3
3490065.478989248,3
3490236.491937408,3
3490407.5048855683,3
3490578.5178337283,3
3490749.5307818884,3
3490920.5437300485,3
3491091.5566782085,3
3491262.5696263686,3
3491433.5825745286,3
3491604.5955226887,3
3491775.6084708488,3
3491946.621419009,3
3492117.634367169,3
3492288.647315329,3
3492459.660263489,3
3492630.673211649,3
3492801.686159809,3
3492972.699107969,3
3493143.7120561292,3
3493314.7250042893,3
3493485.7379524494,3
3493656.7509006094,3
3493827.7638487695,3
3493998.7767969295,3
3494169.7897450896,3
3494340.8026932497,3
3494511.8156414097,3
3494682.82858957,3
3494853.84153773,3
3495024.85448589,3
3495195.86743405,3
3495366.88038221,3
3495537.89333037,3
3495708.90627853,3
3495879.91922669,3
3496050.9321748503,3
3496221.9451230103,3
3496392.9580711704,3
3496563.9710193304,2
3496734.9839674905,2
3496905.9969156506,2
3497077.0098638106,3
3497248.0228119707,3
3497419.0357601307,3
3497590.048708291,3
3497761.061656451,2
3497932.074604611,2
3498103.087552771,2
3498274.100500931,2
3498445.113449091,2
3498616.126397251,2
3498787.139345411,2
3498958.1522935713,1
3499129.1652417313,1
3499300.1781898914,1
3499471.1911380515,1
3499642.2040862115,2
3499813.2170343716,1
3499984.2299825316,1
3500155.2429306917,0
3500326.2558788517,1
3500497.268827012,2
3500668.281775172,1
3500839.294723332,1
3501010.307671492,2
3501181.320619652,1
3501352.333567812,1
3501523.346515972,1
3501694.359464132,2
3501865.3724122923,2
3502036.3853604523,2
3502207.3983086124,2
3502378.4112567725,2
3502549.4242049325,2
3502720.4371530926,2
3502891.4501012526,2
3503062.4630494127,2
3503233.4759975728,2
3503404.488945733,2
3503575.501893893,2
3503746.514842053,2
3503917.527790213,2
3504088.540738373,2
3504259.553686533,2
3504430.566634693,1
3504601.5795828532,1
3504772.5925310133,1
3504943.6054791734,1
3505114.6184273334,1
3505285.6313754935,1
3505456.6443236535,1
3505627.6572718136,1
3505798.6702199737,1
3505969.6831681337,1
3506140.696116294,1
3506311.709064454,1
3506482.722012614,1
3506653.734960774,1
3506824.747908934,1
3506995.760857094,1
3507166.773805254,1
3507337.786753414,1
3507508.7997015743,1
3507679.8126497343,1
3507850.8255978944,1
3508021.8385460544,1
3508192.8514942145,1
3508363.8644423746,1
3508534.8773905346,1
3508705.8903386947,1
3508876.9032868547,1
3509047.916235015,1
3509218.929183175,1
3509389.942131335,1
3509560.955079495,1
3509731.968027655,1
3509902.980975815,1
3510073.993923975,1
3510245.006872135,1
3510416.0198202953,1
3510587.0327684553,1
3510758.0457166154,1
3510929.0586647755,1
3511100.0716129355,1
3511271.0845610956,1
3511442.0975092556,1
3511613.1104574157,1
3511784.1234055758,1
3511955.136353736,1
3512126.149301896,1
3512297.162250056,1
3512468.175198216,1
3512639.188146376,1
3512810.201094536,1
3512981.214042696,1
3513152.226990856,1
3513323.2399390163,1
3513494.2528871763,1
3513665.2658353364,1
3513836.2787834965,1
3514007.2917316565,1
3514178.3046798166,1
3514349.3176279766,1
3514520.3305761367,1
3514691.343524297,1
3514862.356472457,1
3515033.369420617,1
3515204.382368777,1
3515375.395316937,1
3515546.408265097,1
3515717.421213257,1
3515888.434161417,1
3516059.4471095772,1
3516230.4600577373,1
3516401.4730058974,1
3516572.4859540574,1
3516743.4989022175,1
3516914.5118503775,1
3517085.5247985376,1
3517256.5377466977,1
3517427.5506948577,1
3517598.563643018,1
3517769.576591178,1
3517940.589539338,1
3518111.602487498,1
3518282.615435658,1
3518453.628383818,1
3518624.641331978,1
3518795.654280138,1
3518966.6672282983,1
3519137.6801764583,1
3519308.6931246184,1
3519479.7060727784,1
3519650.7190209385,1
3519821.7319690986,1
3519992.7449172586,1
3520163.7578654187,1
3520334.7708135787,1
3520505.783761739,1
3520676.796709899,1
3520847.809658059,1
3521018.822606219,1
3521189.835554379,1
3521360.848502539,1
3521531.861450699,1
3521702.874398859,1
3521873.8873470193,1
3522044.9002951793,1
3522215.9132433394,1
3522386.9261914995,1
3522557.9391396595,1
3522728.9520878196,1
3522899.9650359796,1
3523070.9779841397,1
3523241.9909322998,1
3523413.00388046,1
3523584.01682862,1
3523755.02977678,1
3523926.04272494,1
3524097.0556731,1
3524268.06862126,1
3524439.08156942,1
3524610.0945175802,1
3524781.1074657403,1
3524952.1204139004,1
3525123.1333620604,1
3525294.1463102205,1
3525465.1592583805,1
3525636.1722065406,1
3525807.1851547007,1
3525978.1981028607,1
3526149.211051021,1
3526320.223999181,1
3526491.236947341,1
3526662.249895501,1
3526833.262843661,1
3527004.275791821,1
3527175.288739981,1
3527346.301688141,1
3527517.3146363012,1
3527688.3275844613,1
3527859.3405326214,1
3528030.3534807814,1
3528201.3664289415,1
3528372.3793771015,1
3528543.3923252616,1
3528714.4052734217,1
3528885.4182215817,1
3529056.431169742,1
3529227.444117902,1
3529398.457066062,1
3529569.470014222,1
3529740.482962382,2
3529911.495910542,2
3530082.508858702,2
3530253.521806862,2
3530424.5347550223,2
3530595.5477031823,2
3530766.5606513424,2
3530937.5735995024,2
3531108.5865476625,2
3531279.5994958226,2
3531450.6124439826,2
3531621.6253921427,2
3531792.6383403027,2
3531963.651288463,2
3532134.664236623,2
3532305.677184783,2
3532476.690132943,2
3532647.703081103,2
3532818.716029263,2
3532989.728977423,2
3533160.741925583,2
3533331.7548737433,2
3533502.7678219033,2
3533673.7807700634,2
3533844.7937182235,2
3534015.8066663835,2
3534186.8196145436,2
3534357.8325627036,2
3534528.8455108637,2
3534699.8584590238,2
3534870.871407184,2
3535041.884355344,2
3535212.897303504,2
3535383.910251664,2
3535554.923199824,2
3535725.936147984,2
3535896.949096144,2
3536067.9620443042,2
3536238.9749924643,2
3536409.9879406244,2
3536581.0008887844,2
3536752.0138369445,2
3536923.0267851045,2
3537094.0397332646,2
3537265.0526814247,2
3537436.0656295847,2
3537607.078577745,2
3537778.091525905,2
3537949.104474065,2
3538120.117422225,2
3538291.130370385,2
3538462.143318545,2
3538633.156266705,2
3538804.169214865,2
3538975.1821630253,2
3539146.1951111853,2
3539317.2080593454,2
3539488.2210075054,2
3539659.2339556655,2
3539830.2469038256,2
3540001.2598519856,2
3540172.2728001457,2
3540343.2857483057,2
3540514.298696466,2
3540685.311644626,2
3540856.324592786,2
3541027.337540946,2
3541198.350489106,2
3541369.363437266,2
3541540.376385426,2
3541711.389333586,2
3541882.4022817463,2
3542053.4152299063,2
3542224.4281780664,2
3542395.4411262264,2
3542566.4540743865,2
3542737.4670225466,2
3542908.4799707066,2
3543079.4929188667,2
3543250.5058670267,2
3543421.518815187,2
3543592.531763347,2
3543763.544711507,2
3543934.557659667,2
3544105.570607827,2
3544276.583555987,2
3544447.596504147,2
3544618.609452307,2
3544789.6224004673,3
3544960.6353486273,2
3545131.6482967874,3
3545302.6612449475,2
3545473.6741931075,2
3545644.6871412676,2
3545815.7000894276,2
3545986.7130375877,2
3546157.7259857478,3
3546328.738933908,3
3546499.751882068,3
3546670.764830228,3
3546841.777778388,2
3547012.790726548,2
3547183.803674708,2
3547354.816622868,2
3547525.8295710282,2
3547696.8425191883,2
3547867.8554673484,2
3548038.8684155084,2
3548209.8813636685,2
3548380.8943118285,2
3548551.9072599886,2
3548722.9202081487,2
3548893.9331563087,2
3549064.946104469,2
3549235.959052629,2
3549406.972000789,2
3549577.984948949,2
3549748.997897109,2
3549920.010845269,2
3550091.023793429,2
3550262.036741589,2
3550433.0496897493,2
3550604.0626379093,2
3550775.0755860694,2
3550946.0885342294,2
3551117.1014823895,2
3551288.1144305496,2
3551459.1273787096,2
3551630.1403268697,2
3551801.1532750297,2
3551972.16622319,2
3552143.17917135,2
3552314.19211951,2
3552485.20506767,2
3552656.21801583,2
3552827.23096399,2
3552998.24391215,2
3553169.25686031,2
3553340.2698084703,2
3553511.2827566303,2
3553682.2957047904,2
3553853.3086529505,2
3554024.3216011105,2
3554195.3345492706,2
3554366.3474974306,2
3554537.3604455907,2
3554708.3733937507,2
3554879.386341911,2
3555050.399290071,2
3555221.412238231,2
3555392.425186391,2
3555563.438134551,2
3555734.451082711,2
3555905.464030871,2
3556076.476979031,2
3556247.4899271913,2
3556418.5028753513,2
3556589.5158235114,2
3556760.5287716715,2
3556931.5417198315,2
3557102.5546679916,2
3557273.5676161516,2
3557444.5805643117,2
3557615.5935124718,2
3557786.606460632,2
3557957.619408792,2
3558128.632356952,2
3558299.645305112,2
3558470.658253272,2
3558641.671201432,2
3558812.684149592,2
3558983.6970977522,2
3559154.7100459123,2
3559325.722994073,2
3559496.7359422324,2
3559667.7488903925,2
3559838.7618385525,2
3560009.7747867126,2
3560180.7877348727,2
3560351.8006830327,2
3560522.813631193,2
3560693.826579353,2
3560864.839527513,2
3561035.852475673,2
3561206.865423833,2
3561377.878371993,2
3561548.891320153,2
3561719.904268313,3
3561890.9172164733,3
3562061.9301646333,3
3562232.9431127934,3
3562403.9560609534,3
3562574.9690091135,3
3562745.9819572736,3
3562916.9949054336,3
3563088.0078535937,2
3563259.0208017537,2
3563430.033749914,2
3563601.0466980743,2
3563772.059646234,2
3563943.072594394,2
3564114.085542554,2
3564285.098490714,2
3564456.1114388746,2
3564627.124387034,2
3564798.1373351943,2
3564969.1502833543,2
3565140.1632315144,2
3565311.1761796745,2
3565482.1891278345,2
3565653.2020759946,2
3565824.2150241546,2
3565995.2279723147,2
3566166.2409204748,2
3566337.253868635,2
3566508.2668167953,2
3566679.279764955,2
3566850.292713115,2
3567021.305661275,2
3567192.318609435,2
3567363.331557595,2
3567534.344505755,2
3567705.3574539153,2
3567876.3704020754,2
3568047.3833502354,2
3568218.3962983955,2
3568389.4092465555,2
3568560.4221947156,2
3568731.4351428756,2
3568902.4480910357,2
3569073.461039196,2
3569244.473987356,2
3569415.486935516,2
3569586.499883676,2
3569757.512831836,2
3569928.525779996,2
3570099.538728156,2
3570270.551676316,2
3570441.5646244762,2
3570612.5775726363,2
3570783.5905207964,4
3570954.6034689564,4
3571125.6164171165,5
3571296.6293652765,4
3571467.6423134366,4
3571638.655261597,4
3571809.6682097567,4
3571980.681157917,4
3572151.694106077,4
3572322.707054237,4
3572493.720002397,4
3572664.732950557,4
3572835.745898717,4
3573006.758846877,4
3573177.771795037,4
3573348.7847431973,6
3573519.7976913573,3
3573690.8106395174,3
3573861.8235876774,3
3574032.8365358375,3
3574203.8494839976,4
3574374.8624321576,4
3574545.8753803177,3
3574716.8883284777,3
3574887.901276638,3
3575058.914224798,5
3575229.927172958,3
3575400.940121118,3
3575571.953069278,5
3575742.966017438,4
3575913.978965598,4
3576084.991913758,4
3576256.0048619183,4
3576427.0178100783,4
3576598.0307582384,4
3576769.0437063985,4
3576940.0566545585,4
3577111.0696027186,4
3577282.0825508786,4
3577453.0954990387,4
3577624.108447199,4
3577795.121395359,4
3577966.134343519,4
3578137.147291679,4
3578308.160239839,4
3578479.173187999,4
3578650.186136159,4
3578821.199084319,4
3578992.2120324792,4
3579163.2249806393,4
3579334.2379287994,4
3579505.2508769594,4
3579676.2638251195,4
3579847.2767732795,4
3580018.2897214396,4
3580189.3026695997,4
3580360.3156177597,4
3580531.32856592,4
3580702.34151408,4
3580873.35446224,4
3581044.3674104,4
3581215.38035856,4
3581386.39330672,4
3581557.40625488,4
3581728.41920304,4
3581899.4321512002,4
3582070.4450993603,5
3582241.4580475204,5
3582412.4709956804,4
3582583.4839438405,4
3582754.4968920005,4
3582925.509840161,4
3583096.522788321,4
3583267.535736481,4
3583438.5486846413,4
3583609.5616328013,4
3583780.5745809614,2
3583951.5875291214,2
3584122.6004772815,2
3584293.6134254416,3
3584464.6263736016,3
3584635.6393217617,3
3584806.6522699217,4
3584977.665218082,3
3585148.678166242,3
3585319.691114402,3
3585490.704062562,4
3585661.717010722,4
3585832.729958882,3
3586003.742907042,3
3586174.755855202,3
3586345.7688033623,3
3586516.7817515223,3
3586687.794699682,4
3586858.8076478424,4
3587029.8205960025,4
3587200.8335441626,3
3587371.8464923226,4
3587542.859440482,4
3587713.8723886427,4
3587884.885336803,4
3588055.898284963,4
3588226.911233123,4
3588397.924181283,4
3588568.937129443,4
3588739.950077603,4
3588910.963025763,4
3589081.975973923,4
3589252.9889220833,4
3589424.0018702433,4
3589595.0148184034,4
3589766.0277665635,4
3589937.0407147235,5
3590108.0536628836,4
3590279.0666110436,4
3590450.0795592037,4
3590621.0925073638,4
3590792.105455524,4
3590963.118403684,4
3591134.131351844,4
3591305.144300004,4
3591476.157248164,4
3591647.170196324,4
3591818.183144484,4
3591989.1960926442,4
3592160.2090408043,4
3592331.2219889644,4
3592502.2349371244,4
3592673.2478852845,4
3592844.2608334445,4
3593015.2737816046,4
3593186.2867297647,4
3593357.2996779247,4
3593528.312626085,4
3593699.325574245,4
3593870.3385224044,4
3594041.351470565,4
3594212.364418725,3
3594383.377366885,4
3594554.390315045,3
3594725.4032632047,3
3594896.4162113653,4
3595067.4291595253,4
3595238.4421076854,4
3595409.4550558454,4
3595580.4680040055,4
3595751.4809521656,4
3595922.4939003256,4
3596093.5068484857,4
3596264.5197966457,4
3596435.532744806,4
3596606.545692966,4
3596777.558641126,4
3596948.571589286,4
3597119.584537446,4
3597290.597485606,4
3597461.610433766,4
3597632.623381926,4
3597803.6363300863,4
3597974.6492782463,4
3598145.6622264064,3
3598316.6751745665,3
3598487.6881227265,4
3598658.7010708866,4
3598829.7140190466,4
3599000.7269672067,4
3599171.7399153668,3
3599342.752863527,3
3599513.765811687,3
3599684.778759847,3
3599855.7917080065,3
3600026.804656167,3
3600197.817604327,3
3600368.830552487,3
3600539.843500647,3
3600710.8564488073,3
3600881.8693969673,3
3601052.8823451274,3
3601223.8952932875,3
3601394.9082414475,3
3601565.9211896076,3
3601736.9341377676,3
3601907.9470859277,3
3602078.9600340878,3
3602249.972982248,3
3602420.985930408,3
3602591.998878568,3
3602763.011826728,3
3602934.024774888,2
3603105.037723048,3
3603276.050671208,2
3603447.0636193682,3
3603618.0765675283,3
3603789.0895156884,3
3603960.1024638484,3
3604131.1154120085,3
3604302.1283601685,3
3604473.1413083286,3
3604644.1542564887,3
3604815.1672046487,4
3604986.1801528083,3
3605157.193100969,4
3605328.206049129,4
3605499.218997289,4
3605670.231945449,5
3605841.244893609,5
3606012.257841769,5
3606183.270789929,4
3606354.2837380893,4
3606525.2966862493,4
3606696.3096344094,5
3606867.3225825694,4
3607038.335530729,4
3607209.3484788896,4
3607380.3614270496,4
3607551.3743752097,4
3607722.3873233697,4
3607893.4002715293,4
3608064.41321969,4
3608235.42616785,4
3608406.43911601,4
3608577.45206417,4
3608748.46501233,4
3608919.47796049,4
3609090.49090865,4
3609261.5038568103,4
3609432.5168049703,4
3609603.5297531304,5
3609774.5427012905,4
3609945.5556494505,4
3610116.5685976106,4
3610287.5815457706,4
